Time (s)	Position(Linear:Position) (mm)	Force(Linear:Load) (N)	Displacement(Linear:Digitale Position) (mm)	Strain	I_0	Q_0	I_1	Q_1	I_2	Q_2	I_3	Q_3
0.000000E+0	-2.492190E+1	1.026136E+0	-2.492147E+1	0.000000E+0	2.328730E+3	-1.855210E+3	4.579770E+3	-2.940960E+3	7.078660E+3	-1.084640E+4	8.397470E+3	-1.731100E+4
1.000000E-2	-2.492168E+1	1.279144E+0	-2.492126E+1	2.170742E-6	2.328730E+3	-1.855471E+3	4.580031E+3	-2.941483E+3	7.078399E+3	-1.084667E+4	8.396686E+3	-1.731125E+4
2.000000E-2	-2.492148E+1	1.163813E+0	-2.492105E+1	4.222312E-6	2.328730E+3	-1.855733E+3	4.580293E+3	-2.942005E+3	7.078137E+3	-1.084694E+4	8.395902E+3	-1.731151E+4
3.000000E-2	-2.492122E+1	1.259013E+0	-2.492080E+1	6.851208E-6	2.328730E+3	-1.855994E+3	4.580554E+3	-2.942528E+3	7.077876E+3	-1.084720E+4	8.395119E+3	-1.731176E+4
4.000000E-2	-2.492086E+1	1.049470E+0	-2.492043E+1	1.054466E-5	2.328730E+3	-1.856255E+3	4.580815E+3	-2.943050E+3	7.077615E+3	-1.084747E+4	8.394335E+3	-1.731202E+4
5.000000E-2	-2.492050E+1	1.096115E+0	-2.492007E+1	1.421531E-5	2.328730E+3	-1.856516E+3	4.581076E+3	-2.943573E+3	7.077354E+3	-1.084774E+4	8.393551E+3	-1.731227E+4
6.000000E-2	-2.492005E+1	1.262440E+0	-2.491963E+1	1.879856E-5	2.328730E+3	-1.856778E+3	4.581338E+3	-2.944095E+3	7.077092E+3	-1.084801E+4	8.392767E+3	-1.731253E+4
7.000000E-2	-2.491980E+1	1.107762E+0	-2.491937E+1	2.139524E-5	2.328730E+3	-1.857039E+3	4.581599E+3	-2.944618E+3	7.076831E+3	-1.084828E+4	8.391983E+3	-1.731278E+4
8.000000E-2	-2.491954E+1	1.113988E+0	-2.491911E+1	2.403382E-5	2.322627E+3	-1.863792E+3	4.589528E+3	-2.929352E+3	7.059099E+3	-1.080482E+4	8.423172E+3	-1.733603E+4
9.000000E-2	-2.491942E+1	9.548292E-1	-2.491900E+1	2.522668E-5	2.318260E+3	-1.865090E+3	4.596999E+3	-2.921881E+3	7.044822E+3	-1.078357E+4	8.426519E+3	-1.734366E+4
1.000000E-1	-2.491917E+1	1.309724E+0	-2.491874E+1	2.781366E-5	2.318500E+3	-1.863590E+3	4.596519E+3	-2.922361E+3	7.041235E+3	-1.078648E+4	8.415971E+3	-1.734066E+4
1.100000E-1	-2.491909E+1	1.143282E+0	-2.491866E+1	2.867181E-5	2.319696E+3	-1.862394E+3	4.594128E+3	-2.924752E+3	7.040637E+3	-1.079304E+4	8.405809E+3	-1.733827E+4
1.200000E-1	-2.491902E+1	1.030620E+0	-2.491859E+1	2.939026E-5	2.320892E+3	-1.861198E+3	4.591737E+3	-2.927143E+3	7.040039E+3	-1.079959E+4	8.395646E+3	-1.733588E+4
1.300000E-1	-2.491883E+1	1.032841E+0	-2.491840E+1	3.129358E-5	2.321765E+3	-1.860107E+3	4.590425E+3	-2.928890E+3	7.039602E+3	-1.080353E+4	8.389745E+3	-1.733369E+4
1.400000E-1	-2.491868E+1	1.300159E+0	-2.491825E+1	3.283881E-5	2.322452E+3	-1.859077E+3	4.589738E+3	-2.930264E+3	7.039259E+3	-1.080594E+4	8.386309E+3	-1.733163E+4
1.500000E-1	-2.491854E+1	1.164922E+0	-2.491811E+1	3.426032E-5	2.323139E+3	-1.858046E+3	4.589051E+3	-2.931638E+3	7.038915E+3	-1.080836E+4	8.382874E+3	-1.732957E+4
1.600000E-1	-2.491840E+1	1.189993E+0	-2.491797E+1	3.569351E-5	2.323826E+3	-1.857016E+3	4.588364E+3	-2.933012E+3	7.038572E+3	-1.081077E+4	8.379439E+3	-1.732751E+4
1.700000E-1	-2.491825E+1	9.785639E-1	-2.491782E+1	3.721993E-5	2.324513E+3	-1.855985E+3	4.587677E+3	-2.934386E+3	7.038228E+3	-1.081318E+4	8.376004E+3	-1.732545E+4
1.800000E-1	-2.491812E+1	1.241490E+0	-2.491770E+1	3.848976E-5	2.325098E+3	-1.855278E+3	4.587092E+3	-2.935555E+3	7.037902E+3	-1.081541E+4	8.372812E+3	-1.732390E+4
1.900000E-1	-2.491801E+1	1.214780E+0	-2.491759E+1	3.960677E-5	2.325371E+3	-1.855551E+3	4.586819E+3	-2.936099E+3	7.037629E+3	-1.081704E+4	8.370357E+3	-1.732390E+4
2.000000E-1	-2.491790E+1	1.204656E+0	-2.491747E+1	4.079735E-5	2.325643E+3	-1.855823E+3	4.586547E+3	-2.936644E+3	7.037357E+3	-1.081868E+4	8.367902E+3	-1.732390E+4
2.100000E-1	-2.491766E+1	1.146197E+0	-2.491723E+1	4.322781E-5	2.325916E+3	-1.856096E+3	4.586274E+3	-2.937188E+3	7.037084E+3	-1.082032E+4	8.365448E+3	-1.732390E+4
2.200000E-1	-2.491756E+1	1.073442E+0	-2.491713E+1	4.429494E-5	2.326189E+3	-1.856369E+3	4.586001E+3	-2.937732E+3	7.036811E+3	-1.082196E+4	8.362993E+3	-1.732390E+4
2.300000E-1	-2.491748E+1	1.310208E+0	-2.491705E+1	4.506870E-5	2.326462E+3	-1.856642E+3	4.585728E+3	-2.938277E+3	7.036538E+3	-1.082359E+4	8.360538E+3	-1.732390E+4
2.400000E-1	-2.491739E+1	1.181788E+0	-2.491696E+1	4.599498E-5	2.326735E+3	-1.856915E+3	4.585455E+3	-2.938821E+3	7.036265E+3	-1.082523E+4	8.358083E+3	-1.732390E+4
2.500000E-1	-2.491733E+1	1.154505E+0	-2.491690E+1	4.656974E-5	2.327025E+3	-1.857060E+3	4.585310E+3	-2.939255E+3	7.036265E+3	-1.082639E+4	8.356490E+3	-1.732347E+4
2.600000E-1	-2.491725E+1	1.122491E+0	-2.491682E+1	4.742532E-5	2.327334E+3	-1.857060E+3	4.585310E+3	-2.939564E+3	7.036574E+3	-1.082701E+4	8.355872E+3	-1.732255E+4
2.700000E-1	-2.491712E+1	1.188475E+0	-2.491669E+1	4.873991E-5	2.327643E+3	-1.857060E+3	4.585310E+3	-2.939873E+3	7.036883E+3	-1.082763E+4	8.355253E+3	-1.732163E+4
2.800000E-1	-2.491705E+1	1.288857E+0	-2.491662E+1	4.945722E-5	2.327952E+3	-1.857060E+3	4.585310E+3	-2.940182E+3	7.037192E+3	-1.082824E+4	8.354635E+3	-1.732071E+4
2.900000E-1	-2.491698E+1	1.117890E+0	-2.491655E+1	5.014830E-5	2.328262E+3	-1.857060E+3	4.585310E+3	-2.940492E+3	7.037502E+3	-1.082886E+4	8.354017E+3	-1.731979E+4
3.000000E-1	-2.491689E+1	1.088874E+0	-2.491646E+1	5.109511E-5	2.328571E+3	-1.857060E+3	4.585310E+3	-2.940801E+3	7.037811E+3	-1.082948E+4	8.353398E+3	-1.731887E+4
3.100000E-1	-2.491683E+1	1.229835E+0	-2.491641E+1	5.165134E-5	2.329371E+3	-1.858342E+3	4.584031E+3	-2.941601E+3	7.037329E+3	-1.083042E+4	8.350515E+3	-1.731774E+4
3.200000E-1	-2.491677E+1	1.222822E+0	-2.491634E+1	5.232161E-5	2.330702E+3	-1.860516E+3	4.581498E+3	-2.942688E+3	7.036364E+3	-1.083160E+4	8.345802E+3	-1.731626E+4
3.300000E-1	-2.491674E+1	1.197546E+0	-2.491631E+1	5.260414E-5	2.332133E+3	-1.857655E+3	4.580067E+3	-2.941257E+3	7.039225E+3	-1.083160E+4	8.347233E+3	-1.731339E+4
3.400000E-1	-2.491671E+1	1.013270E+0	-2.491628E+1	5.292431E-5	2.332043E+3	-1.856287E+3	4.580157E+3	-2.941347E+3	7.039047E+3	-1.083200E+4	8.347143E+3	-1.731357E+4
3.500000E-1	-2.491668E+1	1.191078E+0	-2.491626E+1	5.317918E-5	2.331555E+3	-1.855310E+3	4.580645E+3	-2.941835E+3	7.038070E+3	-1.083250E+4	8.346655E+3	-1.731455E+4
3.600000E-1	-2.491665E+1	1.252647E+0	-2.491623E+1	5.349108E-5	2.331067E+3	-1.854334E+3	4.581133E+3	-2.942323E+3	7.037094E+3	-1.083300E+4	8.346167E+3	-1.731553E+4
3.700000E-1	-2.491660E+1	1.098402E+0	-2.491617E+1	5.407411E-5	2.330579E+3	-1.853360E+3	4.581620E+3	-2.942810E+3	7.036120E+3	-1.083350E+4	8.345680E+3	-1.731650E+4
3.800000E-1	-2.491653E+1	1.227716E+0	-2.491610E+1	5.475692E-5	2.330017E+3	-1.853360E+3	4.581620E+3	-2.942810E+3	7.036120E+3	-1.083405E+4	8.345680E+3	-1.731595E+4
3.900000E-1	-2.491650E+1	1.105517E+0	-2.491607E+1	5.509305E-5	2.329454E+3	-1.853360E+3	4.581620E+3	-2.942810E+3	7.036120E+3	-1.083460E+4	8.345680E+3	-1.731540E+4
4.000000E-1	-2.491641E+1	1.282189E+0	-2.491599E+1	5.594464E-5	2.328892E+3	-1.853360E+3	4.581620E+3	-2.942810E+3	7.036120E+3	-1.083514E+4	8.345680E+3	-1.731486E+4
4.100000E-1	-2.491640E+1	1.103082E+0	-2.491597E+1	5.607066E-5	2.329011E+3	-1.853360E+3	4.581620E+3	-2.942810E+3	7.036120E+3	-1.083530E+4	8.344838E+3	-1.731526E+4
4.200000E-1	-2.491636E+1	1.034485E+0	-2.491594E+1	5.645725E-5	2.329405E+3	-1.853360E+3	4.581620E+3	-2.942810E+3	7.036120E+3	-1.083530E+4	8.343654E+3	-1.731605E+4
4.300000E-1	-2.491631E+1	1.031165E+0	-2.491588E+1	5.700492E-5	2.329800E+3	-1.853360E+3	4.581620E+3	-2.942810E+3	7.036120E+3	-1.083530E+4	8.342470E+3	-1.731684E+4
4.400000E-1	-2.491631E+1	1.287432E+0	-2.491588E+1	5.699580E-5	2.330195E+3	-1.853360E+3	4.581620E+3	-2.942810E+3	7.036120E+3	-1.083530E+4	8.341286E+3	-1.731763E+4
4.500000E-1	-2.491630E+1	1.115687E+0	-2.491588E+1	5.705909E-5	2.330566E+3	-1.853360E+3	4.581620E+3	-2.942796E+3	7.036120E+3	-1.083530E+4	8.340144E+3	-1.731840E+4
4.600000E-1	-2.491629E+1	1.234710E+0	-2.491586E+1	5.718169E-5	2.329987E+3	-1.853360E+3	4.581620E+3	-2.942217E+3	7.036120E+3	-1.083530E+4	8.340723E+3	-1.731840E+4
4.700000E-1	-2.491628E+1	1.026108E+0	-2.491585E+1	5.733877E-5	2.329407E+3	-1.853360E+3	4.581620E+3	-2.941637E+3	7.036120E+3	-1.083530E+4	8.341303E+3	-1.731840E+4
4.800000E-1	-2.491625E+1	1.207595E+0	-2.491582E+1	5.765210E-5	2.328827E+3	-1.853360E+3	4.581620E+3	-2.941057E+3	7.036120E+3	-1.083530E+4	8.341883E+3	-1.731840E+4
4.900000E-1	-2.491624E+1	1.233090E+0	-2.491581E+1	5.773193E-5	2.328730E+3	-1.853846E+3	4.581620E+3	-2.941122E+3	7.036120E+3	-1.083530E+4	8.341818E+3	-1.731823E+4
5.000000E-1	-2.491621E+1	1.186114E+0	-2.491578E+1	5.800562E-5	2.328730E+3	-1.854430E+3	4.581620E+3	-2.941317E+3	7.036120E+3	-1.083530E+4	8.341623E+3	-1.731803E+4
5.100000E-1	-2.491619E+1	1.023556E+0	-2.491576E+1	5.819863E-5	2.328730E+3	-1.855014E+3	4.581620E+3	-2.941511E+3	7.036120E+3	-1.083530E+4	8.341429E+3	-1.731783E+4
5.200000E-1	-2.491617E+1	1.012050E+0	-2.491574E+1	5.841930E-5	2.328730E+3	-1.855598E+3	4.581620E+3	-2.941706E+3	7.036120E+3	-1.083530E+4	8.341234E+3	-1.731763E+4
5.300000E-1	-2.491614E+1	1.302338E+0	-2.491571E+1	5.873889E-5	2.328730E+3	-1.856183E+3	4.581620E+3	-2.941901E+3	7.036120E+3	-1.083530E+4	8.341039E+3	-1.731743E+4
5.400000E-1	-2.491613E+1	1.182351E+0	-2.491570E+1	5.883583E-5	2.328730E+3	-1.856767E+3	4.581620E+3	-2.942096E+3	7.036120E+3	-1.083530E+4	8.340844E+3	-1.731723E+4
5.500000E-1	-2.491613E+1	1.100018E+0	-2.491570E+1	5.885835E-5	2.328730E+3	-1.857351E+3	4.581620E+3	-2.942290E+3	7.036120E+3	-1.083530E+4	8.340650E+3	-1.731703E+4
5.600000E-1	-2.491611E+1	1.054318E+0	-2.491569E+1	5.899862E-5	2.328730E+3	-1.857935E+3	4.581620E+3	-2.942485E+3	7.036120E+3	-1.083530E+4	8.340455E+3	-1.731683E+4
5.700000E-1	-2.491611E+1	1.149331E+0	-2.491568E+1	5.904623E-5	2.328730E+3	-1.858519E+3	4.581620E+3	-2.942680E+3	7.036120E+3	-1.083530E+4	8.340260E+3	-1.731663E+4
5.800000E-1	-2.491610E+1	1.211320E+0	-2.491567E+1	5.917225E-5	2.328730E+3	-1.857548E+3	4.581620E+3	-2.942810E+3	7.036120E+3	-1.083464E+4	8.342173E+3	-1.731584E+4
5.900000E-1	-2.491610E+1	1.168298E+0	-2.491568E+1	5.910069E-5	2.328730E+3	-1.855041E+3	4.581620E+3	-2.942725E+3	7.036120E+3	-1.083350E+4	8.345680E+3	-1.731470E+4
6.000000E-1	-2.491609E+1	1.024487E+0	-2.491566E+1	5.921729E-5	2.328730E+3	-1.854650E+3	4.581620E+3	-2.942530E+3	7.036120E+3	-1.083350E+4	8.345680E+3	-1.731470E+4
6.100000E-1	-2.491609E+1	1.155781E+0	-2.491566E+1	5.922955E-5	2.328730E+3	-1.854260E+3	4.581620E+3	-2.942335E+3	7.036120E+3	-1.083350E+4	8.345680E+3	-1.731470E+4
6.200000E-1	-2.491608E+1	1.164209E+0	-2.491565E+1	5.935841E-5	2.328730E+3	-1.853869E+3	4.581620E+3	-2.942140E+3	7.036120E+3	-1.083350E+4	8.345680E+3	-1.731470E+4
6.300000E-1	-2.491609E+1	1.197294E+0	-2.491566E+1	5.927260E-5	2.328730E+3	-1.853479E+3	4.581620E+3	-2.941944E+3	7.036120E+3	-1.083350E+4	8.345680E+3	-1.731470E+4
6.400000E-1	-2.491608E+1	1.089550E+0	-2.491565E+1	5.933390E-5	2.328730E+3	-1.853088E+3	4.581620E+3	-2.941749E+3	7.036120E+3	-1.083350E+4	8.345680E+3	-1.731470E+4
6.500000E-1	-2.491608E+1	1.103706E+0	-2.491565E+1	5.937010E-5	2.328730E+3	-1.852698E+3	4.581620E+3	-2.941554E+3	7.036120E+3	-1.083350E+4	8.345680E+3	-1.731470E+4
6.600000E-1	-2.491606E+1	1.341258E+0	-2.491564E+1	5.951636E-5	2.328730E+3	-1.852307E+3	4.581620E+3	-2.941359E+3	7.036120E+3	-1.083350E+4	8.345680E+3	-1.731470E+4
6.700000E-1	-2.491606E+1	1.137261E+0	-2.491563E+1	5.955114E-5	2.328730E+3	-1.851917E+3	4.581620E+3	-2.941163E+3	7.036120E+3	-1.083350E+4	8.345680E+3	-1.731470E+4
6.800000E-1	-2.491605E+1	1.150514E+0	-2.491562E+1	5.965748E-5	2.328730E+3	-1.851526E+3	4.581620E+3	-2.940968E+3	7.036120E+3	-1.083350E+4	8.345680E+3	-1.731470E+4
6.900000E-1	-2.491606E+1	1.039710E+0	-2.491563E+1	5.959932E-5	2.329956E+3	-1.852123E+3	4.581620E+3	-2.940960E+3	7.035507E+3	-1.083410E+4	8.345067E+3	-1.731470E+4
7.000000E-1	-2.491606E+1	1.254473E+0	-2.491563E+1	5.953004E-5	2.331235E+3	-1.852763E+3	4.581620E+3	-2.940960E+3	7.034867E+3	-1.083472E+4	8.344427E+3	-1.731470E+4
7.100000E-1	-2.491605E+1	1.255195E+0	-2.491563E+1	5.960502E-5	2.332430E+3	-1.853360E+3	4.581620E+3	-2.940975E+3	7.034255E+3	-1.083530E+4	8.343799E+3	-1.731473E+4
7.200000E-1	-2.491605E+1	1.177178E+0	-2.491562E+1	5.964922E-5	2.332430E+3	-1.853360E+3	4.581620E+3	-2.941210E+3	7.034020E+3	-1.083530E+4	8.343330E+3	-1.731520E+4
7.300000E-1	-2.491605E+1	1.126402E+0	-2.491562E+1	5.962498E-5	2.332430E+3	-1.853360E+3	4.581620E+3	-2.941445E+3	7.033785E+3	-1.083530E+4	8.342860E+3	-1.731567E+4
7.400000E-1	-2.491606E+1	1.151511E+0	-2.491563E+1	5.952976E-5	2.332430E+3	-1.853360E+3	4.581620E+3	-2.941680E+3	7.033550E+3	-1.083530E+4	8.342391E+3	-1.731614E+4
7.500000E-1	-2.491606E+1	1.251544E+0	-2.491563E+1	5.957081E-5	2.332430E+3	-1.853360E+3	4.581620E+3	-2.941914E+3	7.033316E+3	-1.083530E+4	8.341921E+3	-1.731661E+4
7.600000E-1	-2.491605E+1	1.217132E+0	-2.491562E+1	5.963211E-5	2.332430E+3	-1.853360E+3	4.581620E+3	-2.942149E+3	7.033081E+3	-1.083530E+4	8.341452E+3	-1.731708E+4
7.700000E-1	-2.491606E+1	9.350060E-1	-2.491564E+1	5.950524E-5	2.332430E+3	-1.853360E+3	4.581620E+3	-2.942384E+3	7.032846E+3	-1.083530E+4	8.340983E+3	-1.731755E+4
7.800000E-1	-2.491604E+1	1.117298E+0	-2.491562E+1	5.971422E-5	2.332430E+3	-1.853360E+3	4.581620E+3	-2.942618E+3	7.032612E+3	-1.083530E+4	8.340513E+3	-1.731802E+4
7.900000E-1	-2.491604E+1	1.270855E+0	-2.491562E+1	5.971906E-5	2.332430E+3	-1.853515E+3	4.581620E+3	-2.942810E+3	7.032420E+3	-1.083530E+4	8.340130E+3	-1.731855E+4
8.000000E-1	-2.491605E+1	1.127780E+0	-2.491562E+1	5.969169E-5	2.332430E+3	-1.854360E+3	4.581620E+3	-2.942810E+3	7.032420E+3	-1.083530E+4	8.340130E+3	-1.731937E+4
8.100000E-1	-2.491605E+1	1.095557E+0	-2.491562E+1	5.963724E-5	2.332430E+3	-1.855204E+3	4.581620E+3	-2.942810E+3	7.032420E+3	-1.083530E+4	8.340130E+3	-1.732019E+4
8.200000E-1	-2.491606E+1	8.974923E-1	-2.491563E+1	5.956369E-5	2.331066E+3	-1.853846E+3	4.579770E+3	-2.942810E+3	7.033588E+3	-1.083464E+4	8.340130E+3	-1.731840E+4
8.300000E-1	-2.491606E+1	1.318604E+0	-2.491563E+1	5.957081E-5	2.329692E+3	-1.852472E+3	4.579770E+3	-2.942810E+3	7.032901E+3	-1.083397E+4	8.340130E+3	-1.731840E+4
8.400000E-1	-2.491605E+1	1.067366E+0	-2.491562E+1	5.962726E-5	2.328730E+3	-1.851510E+3	4.579770E+3	-2.942810E+3	7.032420E+3	-1.083350E+4	8.340209E+3	-1.731832E+4
8.500000E-1	-2.491605E+1	1.102858E+0	-2.491562E+1	5.962897E-5	2.328730E+3	-1.851510E+3	4.579770E+3	-2.942810E+3	7.032420E+3	-1.083350E+4	8.340474E+3	-1.731805E+4
8.600000E-1	-2.491605E+1	1.086146E+0	-2.491562E+1	5.965891E-5	2.328730E+3	-1.851510E+3	4.579770E+3	-2.942810E+3	7.032420E+3	-1.083350E+4	8.340739E+3	-1.731777E+4
8.700000E-1	-2.491606E+1	1.128111E+0	-2.491563E+1	5.959647E-5	2.328730E+3	-1.851510E+3	4.579770E+3	-2.942810E+3	7.032420E+3	-1.083350E+4	8.341004E+3	-1.731750E+4
8.800000E-1	-2.491605E+1	1.202463E+0	-2.491562E+1	5.964579E-5	2.328730E+3	-1.851510E+3	4.579770E+3	-2.942810E+3	7.032420E+3	-1.083350E+4	8.341269E+3	-1.731723E+4
8.900000E-1	-2.491606E+1	1.113545E+0	-2.491563E+1	5.957024E-5	2.328730E+3	-1.851510E+3	4.579770E+3	-2.942810E+3	7.032420E+3	-1.083350E+4	8.341534E+3	-1.731696E+4
9.000000E-1	-2.491606E+1	1.081224E+0	-2.491563E+1	5.957880E-5	2.328730E+3	-1.851510E+3	4.579770E+3	-2.942810E+3	7.032420E+3	-1.083350E+4	8.341799E+3	-1.731669E+4
9.100000E-1	-2.491606E+1	1.144698E+0	-2.491563E+1	5.958450E-5	2.328901E+3	-1.855210E+3	4.579941E+3	-2.944574E+3	7.034184E+3	-1.083522E+4	8.340216E+3	-1.731650E+4
9.200000E-1	-2.491605E+1	1.211124E+0	-2.491563E+1	5.962156E-5	2.329439E+3	-1.855210E+3	4.580479E+3	-2.944305E+3	7.033915E+3	-1.083496E+4	8.340485E+3	-1.731650E+4
9.300000E-1	-2.491606E+1	1.278571E+0	-2.491563E+1	5.954743E-5	2.329977E+3	-1.855210E+3	4.581017E+3	-2.944037E+3	7.033647E+3	-1.083469E+4	8.340753E+3	-1.731650E+4
9.400000E-1	-2.491606E+1	1.046327E+0	-2.491563E+1	5.954202E-5	2.330514E+3	-1.855210E+3	4.581554E+3	-2.943768E+3	7.033378E+3	-1.083443E+4	8.341022E+3	-1.731650E+4
9.500000E-1	-2.491608E+1	1.045479E+0	-2.491565E+1	5.937894E-5	2.331052E+3	-1.855210E+3	4.582092E+3	-2.943499E+3	7.033109E+3	-1.083417E+4	8.341291E+3	-1.731650E+4
9.600000E-1	-2.491607E+1	1.254245E+0	-2.491565E+1	5.940346E-5	2.331590E+3	-1.855210E+3	4.582630E+3	-2.943230E+3	7.032840E+3	-1.083391E+4	8.341560E+3	-1.731650E+4
9.700000E-1	-2.491608E+1	1.190761E+0	-2.491565E+1	5.938407E-5	2.332127E+3	-1.855210E+3	4.583167E+3	-2.942961E+3	7.032571E+3	-1.083365E+4	8.341829E+3	-1.731650E+4
9.800000E-1	-2.491608E+1	1.163902E+0	-2.491565E+1	5.938265E-5	2.331529E+3	-1.856111E+3	4.582569E+3	-2.943711E+3	7.032420E+3	-1.083438E+4	8.340178E+3	-1.731743E+4
9.900000E-1	-2.491607E+1	9.512668E-1	-2.491564E+1	5.943995E-5	2.330580E+3	-1.856827E+3	4.581387E+3	-2.944427E+3	7.032653E+3	-1.083507E+4	8.338280E+3	-1.731816E+4
1.000000E+0	-2.491608E+1	1.232428E+0	-2.491565E+1	5.934758E-5	2.330580E+3	-1.856396E+3	4.580956E+3	-2.943996E+3	7.033084E+3	-1.083465E+4	8.338280E+3	-1.731772E+4
1.010000E+0	-2.491608E+1	1.276005E+0	-2.491566E+1	5.930852E-5	2.330580E+3	-1.855964E+3	4.580524E+3	-2.943564E+3	7.033516E+3	-1.083423E+4	8.338280E+3	-1.731727E+4
1.020000E+0	-2.491607E+1	1.096847E+0	-2.491564E+1	5.947103E-5	2.330580E+3	-1.855533E+3	4.580093E+3	-2.943133E+3	7.033947E+3	-1.083381E+4	8.338280E+3	-1.731683E+4
1.030000E+0	-2.491607E+1	1.086793E+0	-2.491564E+1	5.943226E-5	2.330430E+3	-1.854759E+3	4.579770E+3	-2.942810E+3	7.033969E+3	-1.083350E+4	8.338280E+3	-1.731665E+4
1.040000E+0	-2.491608E+1	1.085536E+0	-2.491565E+1	5.934701E-5	2.329831E+3	-1.852964E+3	4.579770E+3	-2.942810E+3	7.032773E+3	-1.083350E+4	8.338280E+3	-1.731727E+4
1.050000E+0	-2.491609E+1	1.238487E+0	-2.491566E+1	5.927231E-5	2.329233E+3	-1.851169E+3	4.579770E+3	-2.942810E+3	7.031576E+3	-1.083350E+4	8.338280E+3	-1.731788E+4
1.060000E+0	-2.491609E+1	1.170416E+0	-2.491566E+1	5.923896E-5	2.328668E+3	-1.849722E+3	4.579708E+3	-2.942810E+3	7.030693E+3	-1.083356E+4	8.338342E+3	-1.731834E+4
1.070000E+0	-2.491609E+1	1.043305E+0	-2.491566E+1	5.925749E-5	2.328282E+3	-1.850108E+3	4.579322E+3	-2.942810E+3	7.031466E+3	-1.083394E+4	8.338728E+3	-1.731794E+4
1.080000E+0	-2.491611E+1	1.135729E+0	-2.491568E+1	5.905450E-5	2.327896E+3	-1.850494E+3	4.578936E+3	-2.942810E+3	7.032239E+3	-1.083431E+4	8.339114E+3	-1.731754E+4
1.090000E+0	-2.491611E+1	1.294687E+0	-2.491568E+1	5.905307E-5	2.327509E+3	-1.850881E+3	4.578549E+3	-2.942810E+3	7.033012E+3	-1.083469E+4	8.339501E+3	-1.731715E+4
1.100000E+0	-2.491612E+1	1.121745E+0	-2.491569E+1	5.898807E-5	2.327123E+3	-1.851267E+3	4.578163E+3	-2.942810E+3	7.033785E+3	-1.083506E+4	8.339887E+3	-1.731675E+4
1.110000E+0	-2.491610E+1	1.109284E+0	-2.491567E+1	5.912378E-5	2.327312E+3	-1.851726E+3	4.578567E+3	-2.943026E+3	7.034054E+3	-1.083530E+4	8.339698E+3	-1.731672E+4
1.120000E+0	-2.491612E+1	9.468850E-1	-2.491569E+1	5.894816E-5	2.328471E+3	-1.852305E+3	4.580306E+3	-2.943605E+3	7.033475E+3	-1.083530E+4	8.338539E+3	-1.731732E+4
1.130000E+0	-2.491613E+1	1.320024E+0	-2.491570E+1	5.887061E-5	2.329630E+3	-1.852885E+3	4.582045E+3	-2.944185E+3	7.032895E+3	-1.083530E+4	8.337380E+3	-1.731791E+4
1.140000E+0	-2.491612E+1	1.221634E+0	-2.491570E+1	5.889456E-5	2.330615E+3	-1.853431E+3	4.583435E+3	-2.944625E+3	7.032420E+3	-1.083530E+4	8.336501E+3	-1.731840E+4
1.150000E+0	-2.491612E+1	1.081796E+0	-2.491570E+1	5.889741E-5	2.330811E+3	-1.853821E+3	4.583239E+3	-2.944429E+3	7.032420E+3	-1.083530E+4	8.336891E+3	-1.731840E+4
1.160000E+0	-2.491612E+1	1.059938E+0	-2.491569E+1	5.894160E-5	2.331006E+3	-1.854212E+3	4.583044E+3	-2.944234E+3	7.032420E+3	-1.083530E+4	8.337282E+3	-1.731840E+4
1.170000E+0	-2.491613E+1	1.208540E+0	-2.491570E+1	5.888144E-5	2.331201E+3	-1.854602E+3	4.582849E+3	-2.944039E+3	7.032420E+3	-1.083530E+4	8.337672E+3	-1.731840E+4
1.180000E+0	-2.491612E+1	1.265090E+0	-2.491570E+1	5.889627E-5	2.331396E+3	-1.854993E+3	4.582654E+3	-2.943844E+3	7.032420E+3	-1.083530E+4	8.338063E+3	-1.731840E+4
1.190000E+0	-2.491613E+1	1.052776E+0	-2.491570E+1	5.881815E-5	2.331592E+3	-1.855383E+3	4.582458E+3	-2.943648E+3	7.032420E+3	-1.083530E+4	8.338453E+3	-1.731840E+4
1.200000E+0	-2.491613E+1	1.103012E+0	-2.491570E+1	5.883896E-5	2.331787E+3	-1.855774E+3	4.582263E+3	-2.943453E+3	7.032420E+3	-1.083530E+4	8.338844E+3	-1.731840E+4
1.210000E+0	-2.491613E+1	1.187394E+0	-2.491570E+1	5.882100E-5	2.331982E+3	-1.856164E+3	4.582068E+3	-2.943258E+3	7.032420E+3	-1.083530E+4	8.339234E+3	-1.731840E+4
1.220000E+0	-2.491614E+1	1.161359E+0	-2.491571E+1	5.875971E-5	2.332177E+3	-1.856555E+3	4.581873E+3	-2.943063E+3	7.032420E+3	-1.083530E+4	8.339625E+3	-1.731840E+4
1.230000E+0	-2.491614E+1	1.268284E+0	-2.491571E+1	5.872378E-5	2.332373E+3	-1.856945E+3	4.581677E+3	-2.942867E+3	7.032420E+3	-1.083530E+4	8.340015E+3	-1.731840E+4
1.240000E+0	-2.491614E+1	1.075803E+0	-2.491572E+1	5.869356E-5	2.331052E+3	-1.856371E+3	4.581620E+3	-2.942810E+3	7.032420E+3	-1.083530E+4	8.338752E+3	-1.731907E+4
1.250000E+0	-2.491613E+1	1.076828E+0	-2.491570E+1	5.883041E-5	2.329099E+3	-1.855394E+3	4.581620E+3	-2.942810E+3	7.032420E+3	-1.083530E+4	8.336799E+3	-1.732002E+4
1.260000E+0	-2.491614E+1	1.293831E+0	-2.491571E+1	5.876284E-5	2.328730E+3	-1.855640E+3	4.581620E+3	-2.942810E+3	7.032850E+3	-1.083488E+4	8.337290E+3	-1.731892E+4
1.270000E+0	-2.491614E+1	1.095980E+0	-2.491571E+1	5.877026E-5	2.328730E+3	-1.856170E+3	4.581620E+3	-2.942810E+3	7.033380E+3	-1.083437E+4	8.338350E+3	-1.731735E+4
1.280000E+0	-2.491614E+1	1.188098E+0	-2.491571E+1	5.871352E-5	2.328730E+3	-1.856700E+3	4.581620E+3	-2.942810E+3	7.033910E+3	-1.083385E+4	8.339410E+3	-1.731577E+4
1.290000E+0	-2.491613E+1	9.278348E-1	-2.491571E+1	5.879221E-5	2.328836E+3	-1.856742E+3	4.581620E+3	-2.942810E+3	7.034058E+3	-1.083350E+4	8.340130E+3	-1.731491E+4
1.300000E+0	-2.491615E+1	1.300066E+0	-2.491572E+1	5.862115E-5	2.329167E+3	-1.855748E+3	4.581620E+3	-2.942810E+3	7.033395E+3	-1.083350E+4	8.340130E+3	-1.731557E+4
1.310000E+0	-2.491614E+1	1.302431E+0	-2.491571E+1	5.872122E-5	2.329499E+3	-1.854754E+3	4.581620E+3	-2.942810E+3	7.032733E+3	-1.083350E+4	8.340130E+3	-1.731624E+4
1.320000E+0	-2.491618E+1	1.141271E+0	-2.491575E+1	5.834717E-5	2.329830E+3	-1.853760E+3	4.581620E+3	-2.942810E+3	7.032070E+3	-1.083350E+4	8.340130E+3	-1.731690E+4
1.330000E+0	-2.491619E+1	1.043440E+0	-2.491576E+1	5.821317E-5	2.330161E+3	-1.852767E+3	4.581620E+3	-2.942810E+3	7.031408E+3	-1.083350E+4	8.340130E+3	-1.731756E+4
1.340000E+0	-2.491620E+1	1.151045E+0	-2.491577E+1	5.813848E-5	2.330492E+3	-1.851773E+3	4.581620E+3	-2.942810E+3	7.030745E+3	-1.083350E+4	8.340130E+3	-1.731822E+4
1.350000E+0	-2.491621E+1	1.279716E+0	-2.491578E+1	5.805152E-5	2.330580E+3	-1.850074E+3	4.581620E+3	-2.942810E+3	7.031288E+3	-1.083420E+4	8.340848E+3	-1.731766E+4
1.360000E+0	-2.491622E+1	1.181001E+0	-2.491579E+1	5.796970E-5	2.330580E+3	-1.848121E+3	4.581620E+3	-2.942810E+3	7.032264E+3	-1.083515E+4	8.341824E+3	-1.731666E+4
1.370000E+0	-2.491621E+1	9.885849E-1	-2.491578E+1	5.800191E-5	2.330580E+3	-1.848142E+3	4.581620E+3	-2.942921E+3	7.032420E+3	-1.083530E+4	8.341648E+3	-1.731661E+4
1.380000E+0	-2.491622E+1	1.068441E+0	-2.491579E+1	5.796058E-5	2.330580E+3	-1.848536E+3	4.581620E+3	-2.943052E+3	7.032420E+3	-1.083530E+4	8.341254E+3	-1.731675E+4
1.390000E+0	-2.491623E+1	1.302115E+0	-2.491580E+1	5.785822E-5	2.330580E+3	-1.848931E+3	4.581620E+3	-2.943184E+3	7.032420E+3	-1.083530E+4	8.340859E+3	-1.731688E+4
1.400000E+0	-2.491624E+1	1.171841E+0	-2.491581E+1	5.775559E-5	2.330580E+3	-1.849326E+3	4.581620E+3	-2.943315E+3	7.032420E+3	-1.083530E+4	8.340464E+3	-1.731702E+4
1.410000E+0	-2.491625E+1	1.109568E+0	-2.491583E+1	5.756742E-5	2.330580E+3	-1.849720E+3	4.581620E+3	-2.943447E+3	7.032420E+3	-1.083530E+4	8.340070E+3	-1.731715E+4
1.420000E+0	-2.491626E+1	9.224145E-1	-2.491583E+1	5.749073E-5	2.330580E+3	-1.850115E+3	4.581620E+3	-2.943578E+3	7.032420E+3	-1.083530E+4	8.339675E+3	-1.731729E+4
1.430000E+0	-2.491627E+1	1.262897E+0	-2.491584E+1	5.745624E-5	2.330580E+3	-1.850510E+3	4.581620E+3	-2.943710E+3	7.032420E+3	-1.083530E+4	8.339280E+3	-1.731742E+4
1.440000E+0	-2.491630E+1	1.111072E+0	-2.491587E+1	5.714576E-5	2.330580E+3	-1.850904E+3	4.581620E+3	-2.943841E+3	7.032420E+3	-1.083530E+4	8.338886E+3	-1.731756E+4
1.450000E+0	-2.491631E+1	1.083626E+0	-2.491588E+1	5.697670E-5	2.330580E+3	-1.851299E+3	4.581620E+3	-2.943973E+3	7.032420E+3	-1.083530E+4	8.338491E+3	-1.731769E+4
1.460000E+0	-2.491640E+1	1.024967E+0	-2.491597E+1	5.606039E-5	2.330580E+3	-1.851693E+3	4.581620E+3	-2.944104E+3	7.032420E+3	-1.083530E+4	8.338097E+3	-1.731783E+4
1.470000E+0	-2.491644E+1	1.090220E+0	-2.491602E+1	5.563445E-5	2.330580E+3	-1.852088E+3	4.581620E+3	-2.944236E+3	7.032420E+3	-1.083530E+4	8.337702E+3	-1.731796E+4
1.480000E+0	-2.491647E+1	1.286599E+0	-2.491605E+1	5.531885E-5	2.330580E+3	-1.852483E+3	4.581620E+3	-2.944368E+3	7.032420E+3	-1.083530E+4	8.337307E+3	-1.731810E+4
1.490000E+0	-2.491647E+1	1.096735E+0	-2.491604E+1	5.535278E-5	2.330580E+3	-1.852877E+3	4.581620E+3	-2.944499E+3	7.032420E+3	-1.083530E+4	8.336913E+3	-1.731823E+4
1.500000E+0	-2.491651E+1	9.919936E-1	-2.491608E+1	5.498186E-5	2.330580E+3	-1.853272E+3	4.581620E+3	-2.944631E+3	7.032420E+3	-1.083530E+4	8.336518E+3	-1.731837E+4
1.510000E+0	-2.491656E+1	1.168652E+0	-2.491613E+1	5.449463E-5	2.328853E+3	-1.856937E+3	4.579647E+3	-2.942810E+3	7.030693E+3	-1.083530E+4	8.334950E+3	-1.731995E+4
1.520000E+0	-2.491660E+1	1.099976E+0	-2.491618E+1	5.400597E-5	2.329012E+3	-1.856778E+3	4.579488E+3	-2.942810E+3	7.030852E+3	-1.083530E+4	8.335425E+3	-1.731964E+4
1.530000E+0	-2.491664E+1	1.124823E+0	-2.491622E+1	5.359628E-5	2.329170E+3	-1.856620E+3	4.579330E+3	-2.942810E+3	7.031010E+3	-1.083530E+4	8.335901E+3	-1.731932E+4
1.540000E+0	-2.491665E+1	1.010392E+0	-2.491622E+1	5.355010E-5	2.329329E+3	-1.856461E+3	4.579171E+3	-2.942810E+3	7.031169E+3	-1.083530E+4	8.336376E+3	-1.731900E+4
1.550000E+0	-2.491671E+1	8.860324E-1	-2.491628E+1	5.296336E-5	2.329487E+3	-1.856303E+3	4.579013E+3	-2.942810E+3	7.031327E+3	-1.083530E+4	8.336852E+3	-1.731869E+4
1.560000E+0	-2.491674E+1	1.224275E+0	-2.491631E+1	5.258646E-5	2.329646E+3	-1.856144E+3	4.578854E+3	-2.942810E+3	7.031486E+3	-1.083530E+4	8.337328E+3	-1.731837E+4
1.570000E+0	-2.491676E+1	1.096837E+0	-2.491633E+1	5.243394E-5	2.329804E+3	-1.855986E+3	4.578696E+3	-2.942810E+3	7.031644E+3	-1.083530E+4	8.337803E+3	-1.731805E+4
1.580000E+0	-2.491678E+1	1.074532E+0	-2.491635E+1	5.221042E-5	2.329963E+3	-1.855827E+3	4.578537E+3	-2.942810E+3	7.031803E+3	-1.083530E+4	8.338279E+3	-1.731773E+4
1.590000E+0	-2.491680E+1	8.885982E-1	-2.491637E+1	5.201113E-5	2.330122E+3	-1.855668E+3	4.578378E+3	-2.942810E+3	7.031962E+3	-1.083530E+4	8.338755E+3	-1.731742E+4
1.600000E+0	-2.491687E+1	1.091151E+0	-2.491644E+1	5.130380E-5	2.330280E+3	-1.855510E+3	4.578220E+3	-2.942810E+3	7.032120E+3	-1.083530E+4	8.339230E+3	-1.731710E+4
1.610000E+0	-2.491689E+1	1.152265E+0	-2.491647E+1	5.104208E-5	2.330439E+3	-1.855351E+3	4.578061E+3	-2.942810E+3	7.032279E+3	-1.083530E+4	8.339706E+3	-1.731678E+4
1.620000E+0	-2.491692E+1	9.687478E-1	-2.491649E+1	5.078920E-5	2.326937E+3	-1.851510E+3	4.579770E+3	-2.940960E+3	7.030627E+3	-1.083350E+4	8.340187E+3	-1.731834E+4
1.630000E+0	-2.491695E+1	1.013055E+0	-2.491652E+1	5.048928E-5	2.327467E+3	-1.851510E+3	4.579770E+3	-2.940960E+3	7.031157E+3	-1.083350E+4	8.340717E+3	-1.731780E+4
1.640000E+0	-2.491697E+1	9.432575E-1	-2.491654E+1	5.031052E-5	2.327997E+3	-1.851510E+3	4.579770E+3	-2.940960E+3	7.031687E+3	-1.083350E+4	8.341247E+3	-1.731725E+4
1.650000E+0	-2.491700E+1	1.084753E+0	-2.491657E+1	4.995557E-5	2.328527E+3	-1.851510E+3	4.579770E+3	-2.940960E+3	7.032217E+3	-1.083350E+4	8.341777E+3	-1.731671E+4
1.660000E+0	-2.491704E+1	9.833509E-1	-2.491662E+1	4.951139E-5	2.330580E+3	-1.854054E+3	4.580117E+3	-2.944313E+3	7.030570E+3	-1.083496E+4	8.338627E+3	-1.731840E+4
1.670000E+0	-2.491707E+1	9.080302E-1	-2.491665E+1	4.920747E-5	2.330580E+3	-1.855178E+3	4.580679E+3	-2.943751E+3	7.030570E+3	-1.083442E+4	8.339189E+3	-1.731840E+4
1.680000E+0	-2.491714E+1	9.817490E-1	-2.491671E+1	4.856971E-5	2.330580E+3	-1.856302E+3	4.581241E+3	-2.943189E+3	7.030570E+3	-1.083387E+4	8.339751E+3	-1.731840E+4
1.690000E+0	-2.491716E+1	1.051868E+0	-2.491673E+1	4.835132E-5	2.330580E+3	-1.857060E+3	4.581620E+3	-2.942988E+3	7.030748E+3	-1.083367E+4	8.339597E+3	-1.731840E+4
1.700000E+0	-2.491726E+1	1.079142E+0	-2.491683E+1	4.734635E-5	2.330580E+3	-1.857060E+3	4.581620E+3	-2.943533E+3	7.031293E+3	-1.083420E+4	8.337960E+3	-1.731840E+4
1.710000E+0	-2.491729E+1	9.618001E-1	-2.491686E+1	4.705241E-5	2.330580E+3	-1.857060E+3	4.581620E+3	-2.944079E+3	7.031839E+3	-1.083473E+4	8.336323E+3	-1.731840E+4
1.720000E+0	-2.491730E+1	8.803606E-1	-2.491687E+1	4.687280E-5	2.330580E+3	-1.857060E+3	4.581620E+3	-2.944625E+3	7.032385E+3	-1.083527E+4	8.334686E+3	-1.731840E+4
1.730000E+0	-2.491732E+1	1.132507E+0	-2.491689E+1	4.673025E-5	2.330167E+3	-1.856647E+3	4.581207E+3	-2.944247E+3	7.032420E+3	-1.083490E+4	8.335406E+3	-1.731840E+4
1.740000E+0	-2.491734E+1	1.030536E+0	-2.491691E+1	4.650759E-5	2.329725E+3	-1.856205E+3	4.580765E+3	-2.943805E+3	7.032420E+3	-1.083447E+4	8.336290E+3	-1.731840E+4
1.750000E+0	-2.491739E+1	9.859214E-1	-2.491696E+1	4.599042E-5	2.329284E+3	-1.855764E+3	4.580324E+3	-2.943364E+3	7.032420E+3	-1.083404E+4	8.337173E+3	-1.731840E+4
1.760000E+0	-2.491740E+1	8.024601E-1	-2.491698E+1	4.582848E-5	2.328842E+3	-1.855322E+3	4.579882E+3	-2.942922E+3	7.032420E+3	-1.083361E+4	8.338056E+3	-1.731840E+4
1.770000E+0	-2.491743E+1	9.283703E-1	-2.491700E+1	4.562407E-5	2.328441E+3	-1.854633E+3	4.579770E+3	-2.943099E+3	7.032131E+3	-1.083350E+4	8.338569E+3	-1.731868E+4
1.780000E+0	-2.491744E+1	1.065563E+0	-2.491701E+1	4.544731E-5	2.328055E+3	-1.853860E+3	4.579770E+3	-2.943485E+3	7.031745E+3	-1.083350E+4	8.338955E+3	-1.731906E+4
1.790000E+0	-2.491749E+1	9.066751E-1	-2.491706E+1	4.499742E-5	2.327669E+3	-1.853087E+3	4.579770E+3	-2.943871E+3	7.031359E+3	-1.083350E+4	8.339341E+3	-1.731943E+4
1.800000E+0	-2.491754E+1	8.423254E-1	-2.491711E+1	4.446885E-5	2.327282E+3	-1.852314E+3	4.579770E+3	-2.944258E+3	7.030972E+3	-1.083350E+4	8.339728E+3	-1.731981E+4
1.810000E+0	-2.491759E+1	9.370036E-1	-2.491716E+1	4.391519E-5	2.326896E+3	-1.851541E+3	4.579770E+3	-2.944644E+3	7.030586E+3	-1.083350E+4	8.340114E+3	-1.732018E+4
1.820000E+0	-2.491766E+1	9.818142E-1	-2.491723E+1	4.326402E-5	2.326880E+3	-1.852431E+3	4.580077E+3	-2.944353E+3	7.030570E+3	-1.083380E+4	8.339823E+3	-1.731990E+4
1.830000E+0	-2.491772E+1	8.820463E-1	-2.491729E+1	4.265847E-5	2.326880E+3	-1.853390E+3	4.580397E+3	-2.944033E+3	7.030570E+3	-1.083411E+4	8.339503E+3	-1.731959E+4
1.840000E+0	-2.491781E+1	8.944888E-1	-2.491738E+1	4.172534E-5	2.326880E+3	-1.854349E+3	4.580716E+3	-2.943714E+3	7.030570E+3	-1.083442E+4	8.339184E+3	-1.731928E+4
1.850000E+0	-2.491785E+1	7.878244E-1	-2.491742E+1	4.128572E-5	2.326880E+3	-1.855309E+3	4.581036E+3	-2.943394E+3	7.030570E+3	-1.083473E+4	8.338864E+3	-1.731897E+4
1.860000E+0	-2.491788E+1	1.044385E+0	-2.491745E+1	4.096156E-5	2.326880E+3	-1.856268E+3	4.581356E+3	-2.943074E+3	7.030570E+3	-1.083504E+4	8.338544E+3	-1.731866E+4
1.870000E+0	-2.491788E+1	8.793036E-1	-2.491746E+1	4.093305E-5	2.326921E+3	-1.856979E+3	4.581620E+3	-2.942810E+3	7.030570E+3	-1.083530E+4	8.338280E+3	-1.731844E+4
1.880000E+0	-2.491797E+1	1.001116E+0	-2.491754E+1	4.009116E-5	2.327152E+3	-1.856515E+3	4.581620E+3	-2.942810E+3	7.030570E+3	-1.083530E+4	8.338280E+3	-1.731867E+4
1.890000E+0	-2.491799E+1	6.935140E-1	-2.491757E+1	3.982316E-5	2.327384E+3	-1.856051E+3	4.581620E+3	-2.942810E+3	7.030570E+3	-1.083530E+4	8.338280E+3	-1.731889E+4
1.900000E+0	-2.491806E+1	9.284588E-1	-2.491764E+1	3.911184E-5	2.327616E+3	-1.855588E+3	4.581620E+3	-2.942810E+3	7.030570E+3	-1.083530E+4	8.338280E+3	-1.731912E+4
1.910000E+0	-2.491808E+1	1.042327E+0	-2.491765E+1	3.894192E-5	2.327848E+3	-1.855124E+3	4.581620E+3	-2.942810E+3	7.030570E+3	-1.083530E+4	8.338280E+3	-1.731934E+4
1.920000E+0	-2.491815E+1	8.015102E-1	-2.491772E+1	3.821093E-5	2.328080E+3	-1.854660E+3	4.581620E+3	-2.942810E+3	7.030570E+3	-1.083530E+4	8.338280E+3	-1.731957E+4
1.930000E+0	-2.491823E+1	7.551862E-1	-2.491780E+1	3.740039E-5	2.328312E+3	-1.854196E+3	4.581620E+3	-2.942810E+3	7.030570E+3	-1.083530E+4	8.338280E+3	-1.731979E+4
1.940000E+0	-2.491829E+1	8.181669E-1	-2.491787E+1	3.675636E-5	2.328544E+3	-1.853733E+3	4.581620E+3	-2.942810E+3	7.030570E+3	-1.083530E+4	8.338280E+3	-1.732002E+4
1.950000E+0	-2.491836E+1	9.352202E-1	-2.491793E+1	3.606927E-5	2.328730E+3	-1.853220E+3	4.583330E+3	-2.942810E+3	7.030710E+3	-1.083364E+4	8.339990E+3	-1.731840E+4
1.960000E+0	-2.491841E+1	8.472987E-1	-2.491799E+1	3.554069E-5	2.328730E+3	-1.852508E+3	4.582618E+3	-2.942810E+3	7.031422E+3	-1.083433E+4	8.339278E+3	-1.731840E+4
1.970000E+0	-2.491842E+1	6.188173E-1	-2.491799E+1	3.547085E-5	2.328730E+3	-1.851795E+3	4.581905E+3	-2.942810E+3	7.032135E+3	-1.083502E+4	8.338565E+3	-1.731840E+4
1.980000E+0	-2.491844E+1	8.754712E-1	-2.491801E+1	3.529922E-5	2.328437E+3	-1.851217E+3	4.581327E+3	-2.942810E+3	7.032127E+3	-1.083501E+4	8.338573E+3	-1.731840E+4
1.990000E+0	-2.491848E+1	8.668844E-1	-2.491805E+1	3.487043E-5	2.327948E+3	-1.850728E+3	4.580838E+3	-2.942810E+3	7.031638E+3	-1.083454E+4	8.339062E+3	-1.731840E+4
2.000000E+0	-2.491855E+1	8.185860E-1	-2.491812E+1	3.417336E-5	2.327460E+3	-1.850240E+3	4.580350E+3	-2.942810E+3	7.031150E+3	-1.083406E+4	8.339550E+3	-1.731840E+4
2.010000E+0	-2.491856E+1	7.675868E-1	-2.491813E+1	3.408612E-5	2.326971E+3	-1.849751E+3	4.579861E+3	-2.942810E+3	7.030661E+3	-1.083359E+4	8.340039E+3	-1.731840E+4
2.020000E+0	-2.491863E+1	5.754409E-1	-2.491820E+1	3.332491E-5	2.326812E+3	-1.849728E+3	4.579838E+3	-2.942878E+3	7.030570E+3	-1.083357E+4	8.340130E+3	-1.731840E+4
2.030000E+0	-2.491867E+1	9.697955E-1	-2.491824E+1	3.289640E-5	2.326728E+3	-1.849812E+3	4.579922E+3	-2.942962E+3	7.030570E+3	-1.083365E+4	8.340130E+3	-1.731840E+4
2.040000E+0	-2.491876E+1	7.733982E-1	-2.491833E+1	3.197696E-5	2.326644E+3	-1.849896E+3	4.580006E+3	-2.943046E+3	7.030570E+3	-1.083373E+4	8.340130E+3	-1.731840E+4
2.050000E+0	-2.491881E+1	7.623574E-1	-2.491838E+1	3.148460E-5	2.326560E+3	-1.849980E+3	4.580090E+3	-2.943130E+3	7.030570E+3	-1.083381E+4	8.340130E+3	-1.731840E+4
2.060000E+0	-2.491885E+1	6.717723E-1	-2.491842E+1	3.107120E-5	2.326476E+3	-1.850064E+3	4.580174E+3	-2.943214E+3	7.030570E+3	-1.083389E+4	8.340130E+3	-1.731840E+4
2.070000E+0	-2.491888E+1	6.860960E-1	-2.491845E+1	3.081832E-5	2.326392E+3	-1.850148E+3	4.580258E+3	-2.943298E+3	7.030570E+3	-1.083397E+4	8.340130E+3	-1.731840E+4
2.080000E+0	-2.491889E+1	8.884538E-1	-2.491846E+1	3.066209E-5	2.326308E+3	-1.850232E+3	4.580342E+3	-2.943382E+3	7.030570E+3	-1.083406E+4	8.340130E+3	-1.731840E+4
2.090000E+0	-2.491901E+1	7.404294E-1	-2.491858E+1	2.944329E-5	2.326224E+3	-1.850316E+3	4.580426E+3	-2.943466E+3	7.030570E+3	-1.083414E+4	8.340130E+3	-1.731840E+4
2.100000E+0	-2.491906E+1	6.363913E-1	-2.491864E+1	2.889134E-5	2.326140E+3	-1.850400E+3	4.580510E+3	-2.943550E+3	7.030570E+3	-1.083422E+4	8.340130E+3	-1.731840E+4
2.110000E+0	-2.491910E+1	6.888248E-1	-2.491868E+1	2.849819E-5	2.326056E+3	-1.850484E+3	4.580594E+3	-2.943634E+3	7.030570E+3	-1.083430E+4	8.340130E+3	-1.731840E+4
2.120000E+0	-2.491915E+1	7.483969E-1	-2.491872E+1	2.802977E-5	2.325972E+3	-1.850568E+3	4.580678E+3	-2.943718E+3	7.030570E+3	-1.083438E+4	8.340130E+3	-1.731840E+4
2.130000E+0	-2.491926E+1	8.544791E-1	-2.491883E+1	2.687569E-5	2.325888E+3	-1.850652E+3	4.580762E+3	-2.943802E+3	7.030570E+3	-1.083446E+4	8.340130E+3	-1.731840E+4
2.140000E+0	-2.491932E+1	6.243959E-1	-2.491890E+1	2.624619E-5	2.325805E+3	-1.850735E+3	4.580845E+3	-2.943885E+3	7.030570E+3	-1.083455E+4	8.340130E+3	-1.731840E+4
2.150000E+0	-2.491935E+1	6.028032E-1	-2.491892E+1	2.602153E-5	2.325721E+3	-1.850819E+3	4.580929E+3	-2.943969E+3	7.030570E+3	-1.083463E+4	8.340130E+3	-1.731840E+4
2.160000E+0	-2.491941E+1	8.221297E-1	-2.491898E+1	2.535212E-5	2.325637E+3	-1.850903E+3	4.581013E+3	-2.944053E+3	7.030570E+3	-1.083471E+4	8.340130E+3	-1.731840E+4
2.170000E+0	-2.491948E+1	6.120792E-1	-2.491905E+1	2.468328E-5	2.325553E+3	-1.850987E+3	4.581097E+3	-2.944137E+3	7.030570E+3	-1.083479E+4	8.340130E+3	-1.731840E+4
2.180000E+0	-2.491955E+1	7.270463E-1	-2.491912E+1	2.397253E-5	2.325469E+3	-1.851071E+3	4.581181E+3	-2.944221E+3	7.030570E+3	-1.083487E+4	8.340130E+3	-1.731840E+4
2.190000E+0	-2.491959E+1	5.725212E-1	-2.491916E+1	2.357168E-5	2.325385E+3	-1.851155E+3	4.581265E+3	-2.944305E+3	7.030570E+3	-1.083495E+4	8.340130E+3	-1.731840E+4
2.200000E+0	-2.491967E+1	7.417332E-1	-2.491924E+1	2.273235E-5	2.325301E+3	-1.851239E+3	4.581349E+3	-2.944389E+3	7.030570E+3	-1.083504E+4	8.340130E+3	-1.731840E+4
2.210000E+0	-2.491969E+1	7.367926E-1	-2.491926E+1	2.256214E-5	2.325217E+3	-1.851323E+3	4.581433E+3	-2.944473E+3	7.030570E+3	-1.083512E+4	8.340130E+3	-1.731840E+4
2.220000E+0	-2.491971E+1	6.264960E-1	-2.491928E+1	2.232580E-5	2.325133E+3	-1.851407E+3	4.581517E+3	-2.944557E+3	7.030570E+3	-1.083520E+4	8.340130E+3	-1.731840E+4
2.230000E+0	-2.491978E+1	6.223330E-1	-2.491935E+1	2.158853E-5	2.325049E+3	-1.851491E+3	4.581601E+3	-2.944641E+3	7.030570E+3	-1.083528E+4	8.340130E+3	-1.731840E+4
2.240000E+0	-2.491985E+1	6.100116E-1	-2.491942E+1	2.085526E-5	2.330580E+3	-1.857060E+3	4.579770E+3	-2.943059E+3	7.030570E+3	-1.083530E+4	8.338031E+3	-1.732046E+4
2.250000E+0	-2.491990E+1	7.340638E-1	-2.491947E+1	2.039710E-5	2.330580E+3	-1.857060E+3	4.579770E+3	-2.943430E+3	7.030570E+3	-1.083530E+4	8.337660E+3	-1.732084E+4
2.260000E+0	-2.491993E+1	6.044796E-1	-2.491950E+1	2.003588E-5	2.330580E+3	-1.857060E+3	4.579770E+3	-2.943801E+3	7.030570E+3	-1.083530E+4	8.337289E+3	-1.732122E+4
2.270000E+0	-2.492003E+1	5.000690E-1	-2.491960E+1	1.906170E-5	2.330580E+3	-1.857060E+3	4.579770E+3	-2.944172E+3	7.030570E+3	-1.083530E+4	8.336918E+3	-1.732160E+4
2.280000E+0	-2.492002E+1	7.381150E-1	-2.491959E+1	1.912585E-5	2.330580E+3	-1.857060E+3	4.579770E+3	-2.944543E+3	7.030570E+3	-1.083530E+4	8.336547E+3	-1.732198E+4
2.290000E+0	-2.492006E+1	7.207412E-1	-2.491964E+1	1.869079E-5	2.325030E+3	-1.851946E+3	4.581620E+3	-2.942810E+3	7.030134E+3	-1.083350E+4	8.341544E+3	-1.731695E+4
2.300000E+0	-2.492007E+1	6.181141E-1	-2.491965E+1	1.858473E-5	2.325615E+3	-1.851802E+3	4.581620E+3	-2.943102E+3	7.030278E+3	-1.083378E+4	8.341103E+3	-1.731680E+4
2.310000E+0	-2.492009E+1	7.086108E-1	-2.491967E+1	1.839115E-5	2.326357E+3	-1.852173E+3	4.581620E+3	-2.943473E+3	7.029907E+3	-1.083415E+4	8.339990E+3	-1.731718E+4
2.320000E+0	-2.492015E+1	4.290277E-1	-2.491972E+1	1.779472E-5	2.327099E+3	-1.852544E+3	4.581620E+3	-2.943844E+3	7.029536E+3	-1.083451E+4	8.338877E+3	-1.731756E+4
2.330000E+0	-2.492022E+1	7.796939E-1	-2.491979E+1	1.713016E-5	2.327841E+3	-1.852915E+3	4.581620E+3	-2.944215E+3	7.029165E+3	-1.083487E+4	8.337764E+3	-1.731794E+4
2.340000E+0	-2.492026E+1	5.607586E-1	-2.491983E+1	1.672674E-5	2.328583E+3	-1.853286E+3	4.581620E+3	-2.944586E+3	7.028794E+3	-1.083523E+4	8.336651E+3	-1.731832E+4
2.350000E+0	-2.492031E+1	5.748123E-1	-2.491988E+1	1.623039E-5	2.328730E+3	-1.854036E+3	4.581620E+3	-2.944660E+3	7.028720E+3	-1.083530E+4	8.336768E+3	-1.731840E+4
2.360000E+0	-2.492033E+1	4.577916E-1	-2.491990E+1	1.598976E-5	2.328730E+3	-1.854879E+3	4.581620E+3	-2.944660E+3	7.028720E+3	-1.083530E+4	8.337190E+3	-1.731840E+4
2.370000E+0	-2.492034E+1	5.998556E-1	-2.491991E+1	1.592505E-5	2.328730E+3	-1.855722E+3	4.581620E+3	-2.944660E+3	7.028720E+3	-1.083530E+4	8.337611E+3	-1.731840E+4
2.380000E+0	-2.492034E+1	7.960107E-1	-2.491992E+1	1.583581E-5	2.328730E+3	-1.856565E+3	4.581620E+3	-2.944660E+3	7.028720E+3	-1.083530E+4	8.338033E+3	-1.731840E+4
2.390000E+0	-2.492035E+1	5.862815E-1	-2.491992E+1	1.577480E-5	2.328730E+3	-1.857300E+3	4.581380E+3	-2.944660E+3	7.028720E+3	-1.083530E+4	8.337801E+3	-1.731888E+4
2.400000E+0	-2.492039E+1	4.700851E-1	-2.491996E+1	1.534687E-5	2.328730E+3	-1.857879E+3	4.580801E+3	-2.944660E+3	7.028720E+3	-1.083530E+4	8.336641E+3	-1.732004E+4
2.410000E+0	-2.492042E+1	5.878648E-1	-2.491999E+1	1.503468E-5	2.328730E+3	-1.858459E+3	4.580221E+3	-2.944660E+3	7.028720E+3	-1.083530E+4	8.335482E+3	-1.732120E+4
2.420000E+0	-2.492048E+1	6.324658E-1	-2.492005E+1	1.445422E-5	2.328730E+3	-1.858996E+3	4.579684E+3	-2.944660E+3	7.028720E+3	-1.083530E+4	8.334666E+3	-1.732193E+4
2.430000E+0	-2.492053E+1	6.674835E-1	-2.492010E+1	1.397012E-5	2.328730E+3	-1.859382E+3	4.579298E+3	-2.944660E+3	7.028720E+3	-1.083530E+4	8.335052E+3	-1.732116E+4
2.440000E+0	-2.492055E+1	5.602930E-1	-2.492012E+1	1.374775E-5	2.328730E+3	-1.859769E+3	4.578911E+3	-2.944660E+3	7.028720E+3	-1.083530E+4	8.335439E+3	-1.732038E+4
2.450000E+0	-2.492058E+1	4.864344E-1	-2.492015E+1	1.343157E-5	2.328730E+3	-1.860155E+3	4.578525E+3	-2.944660E+3	7.028720E+3	-1.083530E+4	8.335825E+3	-1.731961E+4
2.460000E+0	-2.492059E+1	6.880378E-1	-2.492016E+1	1.336001E-5	2.328730E+3	-1.860542E+3	4.578138E+3	-2.944660E+3	7.028720E+3	-1.083530E+4	8.336212E+3	-1.731884E+4
2.470000E+0	-2.492060E+1	5.530287E-1	-2.492017E+1	1.323029E-5	2.328622E+3	-1.860330E+3	4.578028E+3	-2.944875E+3	7.028612E+3	-1.083530E+4	8.336430E+3	-1.731862E+4
2.480000E+0	-2.492063E+1	5.553756E-1	-2.492021E+1	1.287420E-5	2.328375E+3	-1.859341E+3	4.578275E+3	-2.945370E+3	7.028365E+3	-1.083530E+4	8.336430E+3	-1.731911E+4
2.490000E+0	-2.492063E+1	3.601005E-1	-2.492020E+1	1.293579E-5	2.328128E+3	-1.858351E+3	4.578522E+3	-2.945864E+3	7.028118E+3	-1.083530E+4	8.336430E+3	-1.731960E+4
2.500000E+0	-2.492064E+1	6.023422E-1	-2.492021E+1	1.283172E-5	2.327880E+3	-1.857362E+3	4.578770E+3	-2.946359E+3	7.027870E+3	-1.083530E+4	8.336430E+3	-1.732010E+4
2.510000E+0	-2.492066E+1	6.351480E-1	-2.492023E+1	1.263757E-5	2.327633E+3	-1.856373E+3	4.579017E+3	-2.946854E+3	7.027623E+3	-1.083530E+4	8.336430E+3	-1.732059E+4
2.520000E+0	-2.492065E+1	5.619554E-1	-2.492022E+1	1.270314E-5	2.327386E+3	-1.855383E+3	4.579264E+3	-2.947348E+3	7.027376E+3	-1.083530E+4	8.336430E+3	-1.732109E+4
2.530000E+0	-2.492066E+1	5.714362E-1	-2.492023E+1	1.266209E-5	2.327139E+3	-1.854394E+3	4.579511E+3	-2.947843E+3	7.027129E+3	-1.083530E+4	8.336430E+3	-1.732158E+4
2.540000E+0	-2.492072E+1	5.145790E-1	-2.492029E+1	1.204827E-5	2.326891E+3	-1.853405E+3	4.579759E+3	-2.948338E+3	7.026881E+3	-1.083530E+4	8.336430E+3	-1.732208E+4
2.550000E+0	-2.492078E+1	6.576767E-1	-2.492035E+1	1.143645E-5	2.327359E+3	-1.852403E+3	4.579770E+3	-2.946924E+3	7.027349E+3	-1.083530E+4	8.336909E+3	-1.732114E+4
2.560000E+0	-2.492078E+1	5.892757E-1	-2.492036E+1	1.134522E-5	2.327860E+3	-1.851400E+3	4.579770E+3	-2.945420E+3	7.027850E+3	-1.083530E+4	8.337410E+3	-1.732014E+4
2.570000E+0	-2.492078E+1	4.125945E-1	-2.492035E+1	1.137430E-5	2.328361E+3	-1.850397E+3	4.579770E+3	-2.943916E+3	7.028351E+3	-1.083530E+4	8.337911E+3	-1.731914E+4
2.580000E+0	-2.492083E+1	4.854985E-1	-2.492040E+1	1.088136E-5	2.327912E+3	-1.852114E+3	4.580588E+3	-2.944446E+3	7.028720E+3	-1.083530E+4	8.337462E+3	-1.732004E+4
2.590000E+0	-2.492085E+1	6.205076E-1	-2.492042E+1	1.071857E-5	2.327143E+3	-1.854947E+3	4.581620E+3	-2.945984E+3	7.028720E+3	-1.083504E+4	8.336956E+3	-1.732157E+4
2.600000E+0	-2.492087E+1	5.626259E-1	-2.492044E+1	1.046426E-5	2.327538E+3	-1.854552E+3	4.581620E+3	-2.945195E+3	7.028720E+3	-1.083466E+4	8.337745E+3	-1.732078E+4
2.610000E+0	-2.492087E+1	5.840650E-1	-2.492044E+1	1.044003E-5	2.327932E+3	-1.854158E+3	4.581620E+3	-2.944405E+3	7.028720E+3	-1.083428E+4	8.338535E+3	-1.732000E+4
2.620000E+0	-2.492091E+1	3.950251E-1	-2.492048E+1	1.007453E-5	2.328327E+3	-1.853763E+3	4.581620E+3	-2.943616E+3	7.028720E+3	-1.083389E+4	8.339324E+3	-1.731921E+4
2.630000E+0	-2.492091E+1	8.062227E-1	-2.492048E+1	1.003747E-5	2.328722E+3	-1.853368E+3	4.581620E+3	-2.942827E+3	7.028720E+3	-1.083351E+4	8.340113E+3	-1.731842E+4
2.640000E+0	-2.492093E+1	5.558878E-1	-2.492050E+1	9.859570E-6	2.328506E+3	-1.853584E+3	4.581620E+3	-2.943034E+3	7.028496E+3	-1.083372E+4	8.339458E+3	-1.731885E+4
2.650000E+0	-2.492094E+1	5.514361E-1	-2.492051E+1	9.739543E-6	2.328277E+3	-1.853813E+3	4.581620E+3	-2.943263E+3	7.028267E+3	-1.083394E+4	8.338771E+3	-1.731931E+4
2.660000E+0	-2.492098E+1	5.393662E-1	-2.492055E+1	9.329286E-6	2.328048E+3	-1.854042E+3	4.581620E+3	-2.943492E+3	7.028038E+3	-1.083416E+4	8.338084E+3	-1.731976E+4
2.670000E+0	-2.492099E+1	5.641161E-1	-2.492056E+1	9.282245E-6	2.327819E+3	-1.854271E+3	4.581620E+3	-2.943721E+3	7.027809E+3	-1.083439E+4	8.337397E+3	-1.732022E+4
2.680000E+0	-2.492102E+1	7.179426E-1	-2.492060E+1	8.896221E-6	2.327590E+3	-1.854500E+3	4.581620E+3	-2.943950E+3	7.027580E+3	-1.083461E+4	8.336711E+3	-1.732068E+4
2.690000E+0	-2.492106E+1	5.243393E-1	-2.492063E+1	8.576341E-6	2.327361E+3	-1.854729E+3	4.581620E+3	-2.944179E+3	7.027351E+3	-1.083483E+4	8.336024E+3	-1.732114E+4
2.700000E+0	-2.492107E+1	4.278915E-1	-2.492065E+1	8.394162E-6	2.327132E+3	-1.854958E+3	4.581620E+3	-2.944408E+3	7.027122E+3	-1.083505E+4	8.335337E+3	-1.732160E+4
2.710000E+0	-2.492109E+1	5.302997E-1	-2.492067E+1	8.180338E-6	2.326903E+3	-1.855187E+3	4.581620E+3	-2.944637E+3	7.026893E+3	-1.083528E+4	8.334650E+3	-1.732205E+4
2.720000E+0	-2.492113E+1	6.355392E-1	-2.492070E+1	7.792034E-6	2.326340E+3	-1.854940E+3	4.579770E+3	-2.946510E+3	7.030030E+3	-1.083504E+4	8.338280E+3	-1.731866E+4
2.730000E+0	-2.492118E+1	5.753618E-1	-2.492075E+1	7.288549E-6	2.325665E+3	-1.854603E+3	4.579770E+3	-2.946510E+3	7.029355E+3	-1.083471E+4	8.338280E+3	-1.731899E+4
2.740000E+0	-2.492120E+1	3.991183E-1	-2.492077E+1	7.150277E-6	2.324991E+3	-1.854265E+3	4.579770E+3	-2.946510E+3	7.028681E+3	-1.083438E+4	8.338280E+3	-1.731932E+4
2.750000E+0	-2.492121E+1	4.156213E-1	-2.492078E+1	7.036237E-6	2.324316E+3	-1.853928E+3	4.579770E+3	-2.946510E+3	7.028006E+3	-1.083405E+4	8.338280E+3	-1.731965E+4
2.760000E+0	-2.492125E+1	6.380863E-1	-2.492082E+1	6.621133E-6	2.323642E+3	-1.853591E+3	4.579770E+3	-2.946510E+3	7.027332E+3	-1.083372E+4	8.338280E+3	-1.731998E+4
2.770000E+0	-2.492128E+1	5.418062E-1	-2.492085E+1	6.279585E-6	2.323243E+3	-1.853328E+3	4.579770E+3	-2.946478E+3	7.026902E+3	-1.083350E+4	8.338312E+3	-1.732017E+4
2.780000E+0	-2.492130E+1	5.752686E-1	-2.492088E+1	6.043238E-6	2.323444E+3	-1.853228E+3	4.579770E+3	-2.946378E+3	7.027002E+3	-1.083350E+4	8.338412E+3	-1.732007E+4
2.790000E+0	-2.492134E+1	3.689388E-1	-2.492091E+1	5.702260E-6	2.323644E+3	-1.853128E+3	4.579770E+3	-2.946278E+3	7.027102E+3	-1.083350E+4	8.338512E+3	-1.731997E+4
2.800000E+0	-2.492137E+1	6.062444E-1	-2.492094E+1	5.397204E-6	2.323845E+3	-1.853028E+3	4.579770E+3	-2.946178E+3	7.027202E+3	-1.083350E+4	8.338612E+3	-1.731988E+4
2.810000E+0	-2.492137E+1	6.507011E-1	-2.492094E+1	5.382379E-6	2.324045E+3	-1.852927E+3	4.579770E+3	-2.946077E+3	7.027303E+3	-1.083350E+4	8.338713E+3	-1.731978E+4
2.820000E+0	-2.492137E+1	4.542712E-1	-2.492094E+1	5.348738E-6	2.324246E+3	-1.852827E+3	4.579770E+3	-2.945977E+3	7.027403E+3	-1.083350E+4	8.338813E+3	-1.731968E+4
2.830000E+0	-2.492139E+1	5.941698E-1	-2.492097E+1	5.124080E-6	2.324446E+3	-1.852727E+3	4.579770E+3	-2.945877E+3	7.027503E+3	-1.083350E+4	8.338913E+3	-1.731958E+4
2.840000E+0	-2.492141E+1	4.853820E-1	-2.492098E+1	4.952735E-6	2.324647E+3	-1.852627E+3	4.579770E+3	-2.945777E+3	7.027603E+3	-1.083350E+4	8.339013E+3	-1.731949E+4
2.850000E+0	-2.492140E+1	6.432040E-1	-2.492097E+1	5.063354E-6	2.324847E+3	-1.852526E+3	4.579770E+3	-2.945676E+3	7.027704E+3	-1.083350E+4	8.339114E+3	-1.731939E+4
2.860000E+0	-2.492145E+1	5.588913E-1	-2.492102E+1	4.573554E-6	2.325048E+3	-1.852426E+3	4.579770E+3	-2.945576E+3	7.027804E+3	-1.083350E+4	8.339214E+3	-1.731929E+4
2.870000E+0	-2.492147E+1	3.867969E-1	-2.492105E+1	4.311548E-6	2.325249E+3	-1.852326E+3	4.579770E+3	-2.945476E+3	7.027904E+3	-1.083350E+4	8.339314E+3	-1.731919E+4
2.880000E+0	-2.492149E+1	5.327631E-1	-2.492106E+1	4.152748E-6	2.325449E+3	-1.852225E+3	4.579770E+3	-2.945375E+3	7.028005E+3	-1.083350E+4	8.339415E+3	-1.731910E+4
2.890000E+0	-2.492154E+1	5.720370E-1	-2.492111E+1	3.613627E-6	2.325650E+3	-1.852125E+3	4.579770E+3	-2.945275E+3	7.028105E+3	-1.083350E+4	8.339515E+3	-1.731900E+4
2.900000E+0	-2.492156E+1	5.352218E-1	-2.492113E+1	3.420615E-6	2.325850E+3	-1.852025E+3	4.579770E+3	-2.945175E+3	7.028205E+3	-1.083350E+4	8.339615E+3	-1.731890E+4
2.910000E+0	-2.492158E+1	5.650474E-1	-2.492116E+1	3.184838E-6	2.326051E+3	-1.851925E+3	4.579770E+3	-2.945075E+3	7.028305E+3	-1.083350E+4	8.339715E+3	-1.731880E+4
2.920000E+0	-2.492159E+1	3.304798E-1	-2.492116E+1	3.162600E-6	2.326251E+3	-1.851824E+3	4.579770E+3	-2.944974E+3	7.028406E+3	-1.083350E+4	8.339816E+3	-1.731871E+4
2.930000E+0	-2.492162E+1	7.707905E-1	-2.492119E+1	2.820767E-6	2.326452E+3	-1.851724E+3	4.579770E+3	-2.944874E+3	7.028506E+3	-1.083350E+4	8.339916E+3	-1.731861E+4
2.940000E+0	-2.492165E+1	5.572382E-1	-2.492122E+1	2.541370E-6	2.326652E+3	-1.851624E+3	4.579770E+3	-2.944774E+3	7.028606E+3	-1.083350E+4	8.340016E+3	-1.731851E+4
2.950000E+0	-2.492166E+1	4.664157E-1	-2.492124E+1	2.360618E-6	2.326853E+3	-1.851524E+3	4.579770E+3	-2.944674E+3	7.028706E+3	-1.083350E+4	8.340116E+3	-1.731841E+4
2.960000E+0	-2.492168E+1	5.021039E-1	-2.492126E+1	2.171882E-6	2.328730E+3	-1.853791E+3	4.578351E+3	-2.945091E+3	7.030139E+3	-1.083392E+4	8.338837E+3	-1.731882E+4
2.970000E+0	-2.492169E+1	5.454523E-1	-2.492127E+1	2.061549E-6	2.328345E+3	-1.852590E+3	4.578305E+3	-2.944660E+3	7.030185E+3	-1.083350E+4	8.340130E+3	-1.731840E+4
2.980000E+0	-2.492170E+1	6.556325E-1	-2.492128E+1	1.952071E-6	2.327844E+3	-1.851588E+3	4.578806E+3	-2.944660E+3	7.029684E+3	-1.083350E+4	8.340130E+3	-1.731840E+4
2.990000E+0	-2.492174E+1	5.776156E-1	-2.492131E+1	1.562911E-6	2.327343E+3	-1.850585E+3	4.579307E+3	-2.944660E+3	7.029183E+3	-1.083350E+4	8.340130E+3	-1.731840E+4
3.000000E+0	-2.492175E+1	4.812004E-1	-2.492132E+1	1.479092E-6	2.326847E+3	-1.849693E+3	4.579770E+3	-2.944627E+3	7.028720E+3	-1.083350E+4	8.340097E+3	-1.731843E+4
3.010000E+0	-2.492176E+1	5.195942E-1	-2.492133E+1	1.430626E-6	2.326415E+3	-1.850125E+3	4.579770E+3	-2.944195E+3	7.028720E+3	-1.083350E+4	8.339665E+3	-1.731885E+4
3.020000E+0	-2.492176E+1	5.426724E-1	-2.492133E+1	1.378452E-6	2.325984E+3	-1.850556E+3	4.579770E+3	-2.943764E+3	7.028720E+3	-1.083350E+4	8.339234E+3	-1.731927E+4
3.030000E+0	-2.492177E+1	6.872974E-1	-2.492135E+1	1.242460E-6	2.325552E+3	-1.850988E+3	4.579770E+3	-2.943332E+3	7.028720E+3	-1.083350E+4	8.338802E+3	-1.731969E+4
3.040000E+0	-2.492178E+1	4.886044E-1	-2.492135E+1	1.168335E-6	2.325121E+3	-1.851419E+3	4.579770E+3	-2.942901E+3	7.028720E+3	-1.083350E+4	8.338371E+3	-1.732011E+4
3.050000E+0	-2.492178E+1	4.881108E-1	-2.492136E+1	1.151799E-6	2.325030E+3	-1.851967E+3	4.579770E+3	-2.942810E+3	7.028263E+3	-1.083394E+4	8.337823E+3	-1.732067E+4
3.060000E+0	-2.492183E+1	7.569324E-1	-2.492141E+1	6.272172E-7	2.325030E+3	-1.852547E+3	4.579770E+3	-2.942810E+3	7.027683E+3	-1.083451E+4	8.337243E+3	-1.732127E+4
3.070000E+0	-2.492185E+1	5.561439E-1	-2.492142E+1	5.083311E-7	2.325030E+3	-1.853127E+3	4.579770E+3	-2.942810E+3	7.027103E+3	-1.083507E+4	8.336663E+3	-1.732186E+4
3.080000E+0	-2.492186E+1	5.473150E-1	-2.492143E+1	3.689178E-7	2.325126E+3	-1.853456E+3	4.579770E+3	-2.942714E+3	7.026966E+3	-1.083530E+4	8.336526E+3	-1.732200E+4
3.090000E+0	-2.492186E+1	3.666757E-1	-2.492143E+1	4.159591E-7	2.325285E+3	-1.853615E+3	4.579770E+3	-2.942555E+3	7.027125E+3	-1.083530E+4	8.336685E+3	-1.732184E+4
3.100000E+0	-2.492186E+1	5.710730E-1	-2.492143E+1	3.871641E-7	2.325445E+3	-1.853775E+3	4.579770E+3	-2.942395E+3	7.027285E+3	-1.083530E+4	8.336845E+3	-1.732167E+4
3.110000E+0	-2.492188E+1	6.946595E-1	-2.492145E+1	1.553788E-7	2.325605E+3	-1.853935E+3	4.579770E+3	-2.942235E+3	7.027445E+3	-1.083530E+4	8.337005E+3	-1.732151E+4
3.120000E+0	-2.492188E+1	5.305326E-1	-2.492146E+1	1.220223E-7	2.325765E+3	-1.854095E+3	4.579770E+3	-2.942075E+3	7.027605E+3	-1.083530E+4	8.337165E+3	-1.732134E+4
3.130000E+0	-2.492189E+1	5.055638E-1	-2.492146E+1	8.324883E-8	2.325925E+3	-1.854255E+3	4.579770E+3	-2.941915E+3	7.027765E+3	-1.083530E+4	8.337325E+3	-1.732118E+4
3.140000E+0	-2.492190E+1	4.924834E-1	-2.492148E+1	-8.410413E-8	2.326085E+3	-1.854415E+3	4.579770E+3	-2.941755E+3	7.027925E+3	-1.083530E+4	8.337485E+3	-1.732102E+4
3.150000E+0	-2.492195E+1	6.820215E-1	-2.492152E+1	-5.374111E-7	2.326245E+3	-1.854575E+3	4.579770E+3	-2.941595E+3	7.028085E+3	-1.083530E+4	8.337645E+3	-1.732085E+4
3.160000E+0	-2.492196E+1	6.424636E-1	-2.492153E+1	-6.517357E-7	2.326405E+3	-1.854735E+3	4.579770E+3	-2.941435E+3	7.028245E+3	-1.083530E+4	8.337805E+3	-1.732069E+4
3.170000E+0	-2.492198E+1	5.231192E-1	-2.492155E+1	-8.162377E-7	2.326565E+3	-1.854895E+3	4.579770E+3	-2.941275E+3	7.028405E+3	-1.083530E+4	8.337965E+3	-1.732052E+4
3.180000E+0	-2.492200E+1	5.537784E-1	-2.492157E+1	-1.027211E-6	2.326725E+3	-1.855055E+3	4.579770E+3	-2.941115E+3	7.028565E+3	-1.083530E+4	8.338125E+3	-1.732036E+4
3.190000E+0	-2.492201E+1	6.804476E-1	-2.492158E+1	-1.140965E-6	2.326897E+3	-1.855227E+3	4.579770E+3	-2.940977E+3	7.028720E+3	-1.083530E+4	8.338245E+3	-1.732020E+4
3.200000E+0	-2.492202E+1	6.085262E-1	-2.492159E+1	-1.287221E-6	2.327506E+3	-1.855836E+3	4.579770E+3	-2.941586E+3	7.028720E+3	-1.083530E+4	8.337028E+3	-1.732020E+4
3.210000E+0	-2.492204E+1	5.534803E-1	-2.492161E+1	-1.434047E-6	2.328115E+3	-1.856445E+3	4.579770E+3	-2.942195E+3	7.028720E+3	-1.083530E+4	8.335810E+3	-1.732020E+4
3.220000E+0	-2.492203E+1	3.961939E-1	-2.492161E+1	-1.401831E-6	2.328724E+3	-1.857054E+3	4.579770E+3	-2.942804E+3	7.028720E+3	-1.083530E+4	8.334593E+3	-1.732020E+4
3.230000E+0	-2.492206E+1	7.760059E-1	-2.492163E+1	-1.630480E-6	2.328448E+3	-1.854080E+3	4.579770E+3	-2.942810E+3	7.028720E+3	-1.083530E+4	8.338280E+3	-1.731867E+4
3.240000E+0	-2.492205E+1	5.670125E-1	-2.492162E+1	-1.535542E-6	2.328162E+3	-1.852939E+3	4.579770E+3	-2.942810E+3	7.028720E+3	-1.083530E+4	8.338280E+3	-1.731895E+4
3.250000E+0	-2.492207E+1	5.870219E-1	-2.492164E+1	-1.782437E-6	2.327877E+3	-1.851797E+3	4.579770E+3	-2.942810E+3	7.028720E+3	-1.083530E+4	8.338280E+3	-1.731923E+4
3.260000E+0	-2.492208E+1	5.168980E-1	-2.492165E+1	-1.867967E-6	2.327591E+3	-1.850656E+3	4.579770E+3	-2.942810E+3	7.028720E+3	-1.083530E+4	8.338280E+3	-1.731951E+4
3.270000E+0	-2.492208E+1	5.786587E-1	-2.492165E+1	-1.846870E-6	2.327306E+3	-1.849514E+3	4.579770E+3	-2.942810E+3	7.028720E+3	-1.083530E+4	8.338280E+3	-1.731979E+4
3.280000E+0	-2.492208E+1	7.759733E-1	-2.492165E+1	-1.899613E-6	2.327021E+3	-1.848373E+3	4.579770E+3	-2.942810E+3	7.028720E+3	-1.083530E+4	8.338280E+3	-1.732006E+4
3.290000E+0	-2.492209E+1	6.431527E-1	-2.492166E+1	-1.973739E-6	2.327664E+3	-1.848594E+3	4.580554E+3	-2.943594E+3	7.028720E+3	-1.083530E+4	8.337496E+3	-1.731944E+4
3.300000E+0	-2.492208E+1	5.404698E-1	-2.492165E+1	-1.858274E-6	2.328631E+3	-1.849858E+3	4.581620E+3	-2.944660E+3	7.028720E+3	-1.083530E+4	8.336430E+3	-1.731850E+4
3.310000E+0	-2.492211E+1	5.674781E-1	-2.492168E+1	-2.145938E-6	2.328311E+3	-1.850498E+3	4.581620E+3	-2.944660E+3	7.028720E+3	-1.083530E+4	8.336430E+3	-1.731881E+4
3.320000E+0	-2.492212E+1	6.081490E-1	-2.492170E+1	-2.330112E-6	2.327991E+3	-1.851138E+3	4.581620E+3	-2.944660E+3	7.028720E+3	-1.083530E+4	8.336430E+3	-1.731912E+4
3.330000E+0	-2.492213E+1	7.090624E-1	-2.492171E+1	-2.423910E-6	2.327671E+3	-1.851777E+3	4.581620E+3	-2.944660E+3	7.028720E+3	-1.083530E+4	8.336430E+3	-1.731943E+4
3.340000E+0	-2.492213E+1	4.899129E-1	-2.492171E+1	-2.424765E-6	2.327352E+3	-1.852417E+3	4.581620E+3	-2.944660E+3	7.028720E+3	-1.083530E+4	8.336430E+3	-1.731974E+4
3.350000E+0	-2.492218E+1	4.160730E-1	-2.492175E+1	-2.850132E-6	2.327032E+3	-1.853057E+3	4.581620E+3	-2.944660E+3	7.028720E+3	-1.083530E+4	8.336430E+3	-1.732005E+4
3.360000E+0	-2.492218E+1	7.273909E-1	-2.492175E+1	-2.904016E-6	2.326880E+3	-1.853148E+3	4.581620E+3	-2.944660E+3	7.028720E+3	-1.083530E+4	8.336430E+3	-1.732020E+4
3.370000E+0	-2.492220E+1	6.523309E-1	-2.492178E+1	-3.150626E-6	2.326880E+3	-1.852745E+3	4.581620E+3	-2.944660E+3	7.028720E+3	-1.083530E+4	8.336430E+3	-1.732020E+4
3.380000E+0	-2.492221E+1	6.304076E-1	-2.492179E+1	-3.245279E-6	2.326880E+3	-1.852342E+3	4.581620E+3	-2.944660E+3	7.028720E+3	-1.083530E+4	8.336430E+3	-1.732020E+4
3.390000E+0	-2.492221E+1	5.253591E-1	-2.492178E+1	-3.157754E-6	2.326880E+3	-1.851938E+3	4.581620E+3	-2.944660E+3	7.028720E+3	-1.083530E+4	8.336430E+3	-1.732020E+4
3.400000E+0	-2.492222E+1	6.310316E-1	-2.492179E+1	-3.291465E-6	2.326880E+3	-1.851535E+3	4.581620E+3	-2.944660E+3	7.028720E+3	-1.083530E+4	8.336430E+3	-1.732020E+4
3.410000E+0	-2.492221E+1	7.262640E-1	-2.492179E+1	-3.237011E-6	2.327033E+3	-1.851357E+3	4.581467E+3	-2.944660E+3	7.028720E+3	-1.083530E+4	8.336277E+3	-1.732020E+4
3.420000E+0	-2.492222E+1	4.747510E-1	-2.492180E+1	-3.345064E-6	2.327195E+3	-1.851195E+3	4.581305E+3	-2.944660E+3	7.028720E+3	-1.083530E+4	8.336115E+3	-1.732020E+4
3.430000E+0	-2.492223E+1	4.920317E-1	-2.492180E+1	-3.402939E-6	2.327358E+3	-1.851032E+3	4.581142E+3	-2.944660E+3	7.028720E+3	-1.083530E+4	8.335952E+3	-1.732020E+4
3.440000E+0	-2.492223E+1	4.662899E-1	-2.492180E+1	-3.402654E-6	2.327521E+3	-1.850869E+3	4.580979E+3	-2.944660E+3	7.028720E+3	-1.083530E+4	8.335789E+3	-1.732020E+4
3.450000E+0	-2.492223E+1	7.187109E-1	-2.492180E+1	-3.391535E-6	2.327683E+3	-1.850707E+3	4.580817E+3	-2.944660E+3	7.028720E+3	-1.083530E+4	8.335627E+3	-1.732020E+4
3.460000E+0	-2.492223E+1	6.524567E-1	-2.492180E+1	-3.398662E-6	2.327846E+3	-1.850544E+3	4.580654E+3	-2.944660E+3	7.028720E+3	-1.083530E+4	8.335464E+3	-1.732020E+4
3.470000E+0	-2.492223E+1	4.362268E-1	-2.492180E+1	-3.383267E-6	2.328009E+3	-1.850381E+3	4.580491E+3	-2.944660E+3	7.028720E+3	-1.083530E+4	8.335301E+3	-1.732020E+4
3.480000E+0	-2.492222E+1	5.241390E-1	-2.492180E+1	-3.340787E-6	2.328172E+3	-1.850218E+3	4.580328E+3	-2.944660E+3	7.028720E+3	-1.083530E+4	8.335138E+3	-1.732020E+4
3.490000E+0	-2.492223E+1	7.061800E-1	-2.492180E+1	-3.401228E-6	2.328334E+3	-1.850056E+3	4.580166E+3	-2.944660E+3	7.028720E+3	-1.083530E+4	8.334976E+3	-1.732020E+4
3.500000E+0	-2.492229E+1	6.205076E-1	-2.492186E+1	-4.034432E-6	2.328497E+3	-1.849893E+3	4.580003E+3	-2.944660E+3	7.028720E+3	-1.083530E+4	8.334813E+3	-1.732020E+4
3.510000E+0	-2.492229E+1	5.371077E-1	-2.492186E+1	-4.021888E-6	2.328660E+3	-1.849730E+3	4.579840E+3	-2.944660E+3	7.028720E+3	-1.083530E+4	8.334650E+3	-1.732020E+4
3.520000E+0	-2.492230E+1	4.193606E-1	-2.492187E+1	-4.131651E-6	2.326880E+3	-1.854732E+3	4.579929E+3	-2.942810E+3	7.026870E+3	-1.083530E+4	8.337961E+3	-1.732036E+4
3.530000E+0	-2.492230E+1	6.994978E-1	-2.492187E+1	-4.133647E-6	2.326880E+3	-1.853888E+3	4.580211E+3	-2.942810E+3	7.026870E+3	-1.083530E+4	8.337399E+3	-1.732065E+4
3.540000E+0	-2.492234E+1	6.138999E-1	-2.492191E+1	-4.497718E-6	2.326880E+3	-1.853045E+3	4.580492E+3	-2.942810E+3	7.026870E+3	-1.083530E+4	8.336837E+3	-1.732094E+4
3.550000E+0	-2.492233E+1	5.772430E-1	-2.492190E+1	-4.415324E-6	2.326880E+3	-1.852202E+3	4.580773E+3	-2.942810E+3	7.026870E+3	-1.083530E+4	8.336275E+3	-1.732123E+4
3.560000E+0	-2.492234E+1	5.427841E-1	-2.492191E+1	-4.480042E-6	2.326880E+3	-1.851359E+3	4.581054E+3	-2.942810E+3	7.026870E+3	-1.083530E+4	8.335713E+3	-1.732152E+4
3.570000E+0	-2.492236E+1	4.623085E-1	-2.492193E+1	-4.726937E-6	2.326880E+3	-1.850516E+3	4.581335E+3	-2.942810E+3	7.026870E+3	-1.083530E+4	8.335151E+3	-1.732181E+4
3.580000E+0	-2.492236E+1	7.248670E-1	-2.492193E+1	-4.703559E-6	2.326880E+3	-1.849673E+3	4.581616E+3	-2.942810E+3	7.026870E+3	-1.083530E+4	8.334588E+3	-1.732210E+4
3.590000E+0	-2.492237E+1	5.989801E-1	-2.492194E+1	-4.789374E-6	2.327245E+3	-1.855210E+3	4.579405E+3	-2.943175E+3	7.028720E+3	-1.083530E+4	8.337550E+3	-1.732020E+4
3.600000E+0	-2.492237E+1	5.535176E-1	-2.492194E+1	-4.783957E-6	2.327657E+3	-1.855210E+3	4.578993E+3	-2.943587E+3	7.028720E+3	-1.083530E+4	8.336726E+3	-1.732020E+4
3.610000E+0	-2.492239E+1	5.306676E-1	-2.492196E+1	-4.999777E-6	2.328069E+3	-1.855210E+3	4.578581E+3	-2.943999E+3	7.028720E+3	-1.083530E+4	8.335901E+3	-1.732020E+4
3.620000E+0	-2.492238E+1	6.537372E-1	-2.492195E+1	-4.906264E-6	2.328482E+3	-1.855210E+3	4.578168E+3	-2.944412E+3	7.028720E+3	-1.083530E+4	8.335077E+3	-1.732020E+4
3.630000E+0	-2.492242E+1	6.789155E-1	-2.492199E+1	-5.306828E-6	2.328730E+3	-1.855517E+3	4.577920E+3	-2.944353E+3	7.029027E+3	-1.083530E+4	8.334887E+3	-1.731990E+4
3.640000E+0	-2.492243E+1	5.081901E-1	-2.492200E+1	-5.462207E-6	2.328730E+3	-1.856290E+3	4.577920E+3	-2.943580E+3	7.029800E+3	-1.083530E+4	8.335660E+3	-1.731915E+4
3.650000E+0	-2.492245E+1	3.825547E-1	-2.492202E+1	-5.615020E-6	2.328727E+3	-1.857057E+3	4.577920E+3	-2.942810E+3	7.030567E+3	-1.083530E+4	8.336430E+3	-1.731840E+4
3.660000E+0	-2.492246E+1	6.587943E-1	-2.492203E+1	-5.758995E-6	2.327954E+3	-1.856284E+3	4.577920E+3	-2.942810E+3	7.029794E+3	-1.083530E+4	8.336430E+3	-1.731878E+4
3.670000E+0	-2.492249E+1	5.805353E-1	-2.492206E+1	-6.084577E-6	2.327181E+3	-1.855511E+3	4.577920E+3	-2.942810E+3	7.029021E+3	-1.083530E+4	8.336430E+3	-1.731915E+4
3.680000E+0	-2.492249E+1	6.376486E-1	-2.492207E+1	-6.091705E-6	2.326408E+3	-1.854738E+3	4.577920E+3	-2.942810E+3	7.028248E+3	-1.083530E+4	8.336430E+3	-1.731953E+4
3.690000E+0	-2.492249E+1	3.881101E-1	-2.492207E+1	-6.103964E-6	2.325635E+3	-1.853965E+3	4.577920E+3	-2.942810E+3	7.027475E+3	-1.083530E+4	8.336430E+3	-1.731991E+4
3.700000E+0	-2.492252E+1	5.889777E-1	-2.492209E+1	-6.317218E-6	2.325156E+3	-1.853234E+3	4.578046E+3	-2.942684E+3	7.026870E+3	-1.083530E+4	8.336556E+3	-1.732008E+4
3.710000E+0	-2.492252E+1	6.529130E-1	-2.492209E+1	-6.338886E-6	2.325735E+3	-1.852655E+3	4.578625E+3	-2.942105E+3	7.026870E+3	-1.083530E+4	8.337135E+3	-1.731951E+4
3.720000E+0	-2.492252E+1	5.330890E-1	-2.492209E+1	-6.383076E-6	2.326315E+3	-1.852075E+3	4.579205E+3	-2.941525E+3	7.026870E+3	-1.083530E+4	8.337715E+3	-1.731895E+4
3.730000E+0	-2.492252E+1	6.324239E-1	-2.492209E+1	-6.358272E-6	2.326880E+3	-1.851521E+3	4.579770E+3	-2.940971E+3	7.026870E+3	-1.083531E+4	8.338264E+3	-1.731841E+4
3.740000E+0	-2.492253E+1	4.606973E-1	-2.492210E+1	-6.479439E-6	2.326880E+3	-1.851957E+3	4.579770E+3	-2.941407E+3	7.026870E+3	-1.083553E+4	8.337609E+3	-1.731885E+4
3.750000E+0	-2.492254E+1	6.555952E-1	-2.492211E+1	-6.525625E-6	2.326880E+3	-1.852394E+3	4.579770E+3	-2.941844E+3	7.026870E+3	-1.083575E+4	8.336954E+3	-1.731928E+4
3.760000E+0	-2.492256E+1	6.538490E-1	-2.492213E+1	-6.792193E-6	2.326880E+3	-1.852830E+3	4.579770E+3	-2.942280E+3	7.026870E+3	-1.083598E+4	8.336299E+3	-1.731972E+4
3.770000E+0	-2.492255E+1	5.383231E-1	-2.492213E+1	-6.720633E-6	2.326880E+3	-1.853267E+3	4.579770E+3	-2.942717E+3	7.026870E+3	-1.083620E+4	8.335645E+3	-1.732016E+4
3.780000E+0	-2.492256E+1	4.642829E-1	-2.492214E+1	-6.813860E-6	2.326880E+3	-1.853703E+3	4.579770E+3	-2.943153E+3	7.026870E+3	-1.083643E+4	8.334990E+3	-1.732059E+4
3.790000E+0	-2.492257E+1	5.886098E-1	-2.492214E+1	-6.845506E-6	2.326880E+3	-1.854140E+3	4.579770E+3	-2.943590E+3	7.026870E+3	-1.083665E+4	8.334335E+3	-1.732103E+4
3.800000E+0	-2.492257E+1	6.556883E-1	-2.492214E+1	-6.846932E-6	2.326880E+3	-1.854576E+3	4.579770E+3	-2.944026E+3	7.026870E+3	-1.083687E+4	8.333681E+3	-1.732147E+4
3.810000E+0	-2.492257E+1	6.207870E-1	-2.492214E+1	-6.890552E-6	2.326880E+3	-1.855013E+3	4.579770E+3	-2.944463E+3	7.026870E+3	-1.083710E+4	8.333026E+3	-1.732190E+4
3.820000E+0	-2.492258E+1	4.340149E-1	-2.492215E+1	-7.000030E-6	2.326880E+3	-1.855210E+3	4.579770E+3	-2.944310E+3	7.027220E+3	-1.083684E+4	8.333431E+3	-1.732174E+4
3.830000E+0	-2.492261E+1	6.936211E-1	-2.492219E+1	-7.318485E-6	2.326880E+3	-1.855210E+3	4.579770E+3	-2.943670E+3	7.027860E+3	-1.083618E+4	8.334710E+3	-1.732108E+4
3.840000E+0	-2.492263E+1	6.444845E-1	-2.492220E+1	-7.451341E-6	2.326880E+3	-1.855210E+3	4.579770E+3	-2.943030E+3	7.028500E+3	-1.083553E+4	8.335989E+3	-1.732043E+4
3.850000E+0	-2.492265E+1	6.597815E-1	-2.492222E+1	-7.714202E-6	2.326880E+3	-1.855210E+3	4.579522E+3	-2.943306E+3	7.028224E+3	-1.083555E+4	8.335686E+3	-1.732070E+4
3.860000E+0	-2.492267E+1	5.084369E-1	-2.492224E+1	-7.865589E-6	2.326880E+3	-1.855210E+3	4.579143E+3	-2.944063E+3	7.027467E+3	-1.083594E+4	8.334550E+3	-1.732145E+4
3.870000E+0	-2.492266E+1	5.452428E-1	-2.492224E+1	-7.833943E-6	2.326880E+3	-1.855210E+3	4.578765E+3	-2.944820E+3	7.026710E+3	-1.083633E+4	8.333414E+3	-1.732221E+4
3.880000E+0	-2.492268E+1	7.514469E-1	-2.492225E+1	-8.028666E-6	2.326880E+3	-1.855210E+3	4.578386E+3	-2.945578E+3	7.025952E+3	-1.083672E+4	8.332279E+3	-1.732297E+4
3.890000E+0	-2.492269E+1	5.428167E-1	-2.492226E+1	-8.054610E-6	2.326880E+3	-1.855210E+3	4.578008E+3	-2.946335E+3	7.025195E+3	-1.083711E+4	8.331143E+3	-1.732372E+4
3.900000E+0	-2.492269E+1	5.317526E-1	-2.492226E+1	-8.067154E-6	2.327898E+3	-1.854192E+3	4.577920E+3	-2.945492E+3	7.026038E+3	-1.083720E+4	8.332917E+3	-1.732087E+4
3.910000E+0	-2.492269E+1	4.954357E-1	-2.492226E+1	-8.051474E-6	2.328658E+3	-1.853324E+3	4.577920E+3	-2.944696E+3	7.026834E+3	-1.083720E+4	8.334580E+3	-1.731847E+4
3.920000E+0	-2.492269E+1	6.624823E-1	-2.492227E+1	-8.135293E-6	2.328466E+3	-1.853228E+3	4.577920E+3	-2.944792E+3	7.026738E+3	-1.083720E+4	8.334580E+3	-1.731866E+4
3.930000E+0	-2.492269E+1	6.144959E-1	-2.492227E+1	-8.131872E-6	2.328274E+3	-1.853132E+3	4.577920E+3	-2.944888E+3	7.026642E+3	-1.083720E+4	8.334580E+3	-1.731886E+4
3.940000E+0	-2.492268E+1	5.261600E-1	-2.492226E+1	-8.042921E-6	2.328082E+3	-1.853036E+3	4.577920E+3	-2.944984E+3	7.026546E+3	-1.083720E+4	8.334580E+3	-1.731905E+4
3.950000E+0	-2.492271E+1	4.403712E-1	-2.492229E+1	-8.339994E-6	2.327890E+3	-1.852940E+3	4.577920E+3	-2.945080E+3	7.026450E+3	-1.083720E+4	8.334580E+3	-1.731924E+4
3.960000E+0	-2.492275E+1	6.312411E-1	-2.492233E+1	-8.757663E-6	2.327697E+3	-1.852844E+3	4.577920E+3	-2.945176E+3	7.026354E+3	-1.083720E+4	8.334580E+3	-1.731943E+4
3.970000E+0	-2.492275E+1	6.317580E-1	-2.492233E+1	-8.762225E-6	2.327505E+3	-1.852748E+3	4.577920E+3	-2.945272E+3	7.026258E+3	-1.083720E+4	8.334580E+3	-1.731962E+4
3.980000E+0	-2.492275E+1	6.555254E-1	-2.492232E+1	-8.700644E-6	2.327313E+3	-1.852651E+3	4.577920E+3	-2.945369E+3	7.026161E+3	-1.083720E+4	8.334580E+3	-1.731982E+4
3.990000E+0	-2.492277E+1	4.622480E-1	-2.492234E+1	-8.869422E-6	2.327121E+3	-1.852555E+3	4.577920E+3	-2.945465E+3	7.026065E+3	-1.083720E+4	8.334580E+3	-1.732001E+4
4.000000E+0	-2.492276E+1	5.499693E-1	-2.492234E+1	-8.853456E-6	2.326928E+3	-1.852459E+3	4.577920E+3	-2.945561E+3	7.025969E+3	-1.083720E+4	8.334580E+3	-1.732020E+4
4.010000E+0	-2.492276E+1	7.029204E-1	-2.492234E+1	-8.865431E-6	2.326736E+3	-1.852363E+3	4.577920E+3	-2.945657E+3	7.025873E+3	-1.083720E+4	8.334580E+3	-1.732039E+4
4.020000E+0	-2.492277E+1	5.928427E-1	-2.492234E+1	-8.915038E-6	2.326544E+3	-1.852267E+3	4.577920E+3	-2.945753E+3	7.025777E+3	-1.083720E+4	8.334580E+3	-1.732059E+4
4.030000E+0	-2.492279E+1	6.105518E-1	-2.492236E+1	-9.092939E-6	2.326352E+3	-1.852171E+3	4.577920E+3	-2.945849E+3	7.025681E+3	-1.083720E+4	8.334580E+3	-1.732078E+4
4.040000E+0	-2.492278E+1	4.353700E-1	-2.492235E+1	-9.038486E-6	2.326160E+3	-1.852075E+3	4.577920E+3	-2.945945E+3	7.025585E+3	-1.083720E+4	8.334580E+3	-1.732097E+4
4.050000E+0	-2.492279E+1	6.773556E-1	-2.492236E+1	-9.136560E-6	2.325967E+3	-1.851979E+3	4.577920E+3	-2.946041E+3	7.025489E+3	-1.083720E+4	8.334580E+3	-1.732116E+4
4.060000E+0	-2.492280E+1	6.381143E-1	-2.492237E+1	-9.192154E-6	2.325775E+3	-1.851883E+3	4.577920E+3	-2.946137E+3	7.025393E+3	-1.083720E+4	8.334580E+3	-1.732135E+4
4.070000E+0	-2.492281E+1	4.894519E-1	-2.492238E+1	-9.302202E-6	2.325583E+3	-1.851786E+3	4.577920E+3	-2.946234E+3	7.025296E+3	-1.083720E+4	8.334580E+3	-1.732155E+4
4.080000E+0	-2.492281E+1	4.130881E-1	-2.492239E+1	-9.373477E-6	2.325391E+3	-1.851690E+3	4.577920E+3	-2.946330E+3	7.025200E+3	-1.083720E+4	8.334580E+3	-1.732174E+4
4.090000E+0	-2.492283E+1	6.252946E-1	-2.492240E+1	-9.540544E-6	2.325198E+3	-1.851594E+3	4.577920E+3	-2.946426E+3	7.025104E+3	-1.083720E+4	8.334580E+3	-1.732193E+4
4.100000E+0	-2.492282E+1	6.406801E-1	-2.492239E+1	-9.395429E-6	2.332396E+3	-1.857060E+3	4.579736E+3	-2.948326E+3	7.026904E+3	-1.083716E+4	8.330949E+3	-1.732383E+4
4.110000E+0	-2.492282E+1	5.512079E-1	-2.492239E+1	-9.423369E-6	2.332119E+3	-1.857060E+3	4.579459E+3	-2.948049E+3	7.027181E+3	-1.083688E+4	8.331502E+3	-1.732328E+4
4.120000E+0	-2.492282E+1	4.420429E-1	-2.492239E+1	-9.433062E-6	2.331842E+3	-1.857060E+3	4.579182E+3	-2.947772E+3	7.027458E+3	-1.083660E+4	8.332056E+3	-1.732272E+4
4.130000E+0	-2.492283E+1	6.501749E-1	-2.492240E+1	-9.544821E-6	2.331565E+3	-1.857060E+3	4.578905E+3	-2.947495E+3	7.027735E+3	-1.083631E+4	8.332610E+3	-1.732217E+4
4.140000E+0	-2.492282E+1	6.299000E-1	-2.492239E+1	-9.456440E-6	2.331288E+3	-1.857060E+3	4.578628E+3	-2.947218E+3	7.028012E+3	-1.083603E+4	8.333163E+3	-1.732162E+4
4.150000E+0	-2.492283E+1	6.322702E-1	-2.492240E+1	-9.513745E-6	2.331011E+3	-1.857060E+3	4.578351E+3	-2.946941E+3	7.028289E+3	-1.083574E+4	8.333717E+3	-1.732106E+4
4.160000E+0	-2.492283E+1	4.888698E-1	-2.492240E+1	-9.526290E-6	2.330735E+3	-1.857060E+3	4.578075E+3	-2.946665E+3	7.028565E+3	-1.083546E+4	8.334271E+3	-1.732051E+4
4.170000E+0	-2.492283E+1	5.132193E-1	-2.492241E+1	-9.564208E-6	2.330133E+3	-1.856762E+3	4.578069E+3	-2.946361E+3	7.028422E+3	-1.083530E+4	8.334580E+3	-1.732050E+4
4.180000E+0	-2.492283E+1	7.271487E-1	-2.492240E+1	-9.551378E-6	2.329122E+3	-1.856088E+3	4.578406E+3	-2.946024E+3	7.027748E+3	-1.083530E+4	8.334580E+3	-1.732117E+4
4.190000E+0	-2.492283E+1	5.688565E-1	-2.492240E+1	-9.538549E-6	2.328110E+3	-1.855413E+3	4.578743E+3	-2.945687E+3	7.027073E+3	-1.083530E+4	8.334580E+3	-1.732185E+4
4.200000E+0	-2.492283E+1	5.404558E-1	-2.492240E+1	-9.554229E-6	2.327098E+3	-1.854739E+3	4.579081E+3	-2.945349E+3	7.026399E+3	-1.083530E+4	8.334580E+3	-1.732252E+4
4.210000E+0	-2.492284E+1	4.691631E-1	-2.492242E+1	-9.675966E-6	2.326086E+3	-1.854064E+3	4.579418E+3	-2.945012E+3	7.025724E+3	-1.083530E+4	8.334580E+3	-1.732320E+4
4.220000E+0	-2.492284E+1	6.477954E-1	-2.492242E+1	-9.665418E-6	2.325074E+3	-1.853390E+3	4.579755E+3	-2.944675E+3	7.025050E+3	-1.083530E+4	8.334580E+3	-1.732387E+4
4.230000E+0	-2.492284E+1	7.294584E-1	-2.492241E+1	-9.587586E-6	2.327001E+3	-1.854345E+3	4.579770E+3	-2.944660E+3	7.026005E+3	-1.083530E+4	8.335565E+3	-1.732193E+4
4.240000E+0	-2.492285E+1	5.182019E-1	-2.492242E+1	-9.710463E-6	2.328730E+3	-1.855293E+3	4.579770E+3	-2.944743E+3	7.026870E+3	-1.083539E+4	8.336264E+3	-1.732037E+4
4.250000E+0	-2.492285E+1	5.042832E-1	-2.492242E+1	-9.689651E-6	2.328730E+3	-1.855808E+3	4.579770E+3	-2.945258E+3	7.026870E+3	-1.083591E+4	8.335234E+3	-1.732140E+4
4.260000E+0	-2.492284E+1	7.208344E-1	-2.492241E+1	-9.647742E-6	2.328730E+3	-1.856323E+3	4.579770E+3	-2.945773E+3	7.026870E+3	-1.083644E+4	8.334203E+3	-1.732243E+4
4.270000E+0	-2.492284E+1	6.623287E-1	-2.492241E+1	-9.642610E-6	2.328730E+3	-1.856839E+3	4.579770E+3	-2.946289E+3	7.026870E+3	-1.083697E+4	8.333172E+3	-1.732346E+4
4.280000E+0	-2.492285E+1	5.962374E-1	-2.492242E+1	-9.682809E-6	2.328409E+3	-1.856418E+3	4.579770E+3	-2.945868E+3	7.026870E+3	-1.083687E+4	8.333372E+3	-1.732359E+4
4.290000E+0	-2.492285E+1	5.324092E-1	-2.492242E+1	-9.717591E-6	2.327847E+3	-1.855294E+3	4.579770E+3	-2.944744E+3	7.026870E+3	-1.083629E+4	8.334496E+3	-1.732304E+4
4.300000E+0	-2.492285E+1	6.424310E-1	-2.492242E+1	-9.707897E-6	2.327285E+3	-1.854170E+3	4.579770E+3	-2.943620E+3	7.026870E+3	-1.083572E+4	8.335620E+3	-1.732249E+4
4.310000E+0	-2.492285E+1	7.326761E-1	-2.492242E+1	-9.744105E-6	2.326880E+3	-1.853468E+3	4.579770E+3	-2.942918E+3	7.026870E+3	-1.083541E+4	8.336214E+3	-1.732210E+4
4.320000E+0	-2.492285E+1	5.439948E-1	-2.492242E+1	-9.749807E-6	2.326880E+3	-1.853854E+3	4.579770E+3	-2.943304E+3	7.026870E+3	-1.083581E+4	8.335441E+3	-1.732210E+4
4.330000E+0	-2.492285E+1	5.952409E-1	-2.492242E+1	-9.715025E-6	2.326880E+3	-1.854241E+3	4.579770E+3	-2.943691E+3	7.026870E+3	-1.083620E+4	8.334668E+3	-1.732210E+4
4.340000E+0	-2.492285E+1	4.613260E-1	-2.492242E+1	-9.704191E-6	2.326880E+3	-1.854627E+3	4.579770E+3	-2.944077E+3	7.026870E+3	-1.083660E+4	8.333895E+3	-1.732210E+4
4.350000E+0	-2.492285E+1	7.273536E-1	-2.492242E+1	-9.758075E-6	2.326880E+3	-1.855014E+3	4.579770E+3	-2.944464E+3	7.026870E+3	-1.083700E+4	8.333122E+3	-1.732210E+4
4.360000E+0	-2.492285E+1	6.747013E-1	-2.492242E+1	-9.711889E-6	2.326327E+3	-1.855210E+3	4.579493E+3	-2.944383E+3	7.026870E+3	-1.083692E+4	8.333007E+3	-1.732182E+4
4.370000E+0	-2.492285E+1	4.995614E-1	-2.492242E+1	-9.725574E-6	2.325202E+3	-1.855210E+3	4.578931E+3	-2.943821E+3	7.026870E+3	-1.083634E+4	8.333569E+3	-1.732124E+4
4.380000E+0	-2.492284E+1	5.765120E-1	-2.492241E+1	-9.648597E-6	2.324078E+3	-1.855210E+3	4.578369E+3	-2.943259E+3	7.026870E+3	-1.083576E+4	8.334131E+3	-1.732066E+4
4.390000E+0	-2.492284E+1	6.854162E-1	-2.492241E+1	-9.613815E-6	2.323180E+3	-1.855183E+3	4.577920E+3	-2.942837E+3	7.026843E+3	-1.083533E+4	8.334580E+3	-1.732023E+4
4.400000E+0	-2.492285E+1	7.002894E-1	-2.492242E+1	-9.709893E-6	2.323180E+3	-1.855047E+3	4.577920E+3	-2.942973E+3	7.026707E+3	-1.083547E+4	8.334580E+3	-1.732037E+4
4.410000E+0	-2.492284E+1	6.720237E-1	-2.492241E+1	-9.659716E-6	2.323180E+3	-1.854912E+3	4.577920E+3	-2.943108E+3	7.026572E+3	-1.083561E+4	8.334580E+3	-1.732051E+4
4.420000E+0	-2.492285E+1	4.207948E-1	-2.492242E+1	-9.734697E-6	2.323180E+3	-1.854777E+3	4.577920E+3	-2.943243E+3	7.026437E+3	-1.083575E+4	8.334580E+3	-1.732065E+4
4.430000E+0	-2.492285E+1	6.444007E-1	-2.492242E+1	-9.753513E-6	2.323180E+3	-1.854641E+3	4.577920E+3	-2.943379E+3	7.026301E+3	-1.083588E+4	8.334580E+3	-1.732078E+4
4.440000E+0	-2.492284E+1	6.456999E-1	-2.492241E+1	-9.626644E-6	2.323180E+3	-1.854506E+3	4.577920E+3	-2.943514E+3	7.026166E+3	-1.083602E+4	8.334580E+3	-1.732092E+4
4.450000E+0	-2.492285E+1	6.141048E-1	-2.492243E+1	-9.772330E-6	2.323180E+3	-1.854370E+3	4.577920E+3	-2.943650E+3	7.026030E+3	-1.083616E+4	8.334580E+3	-1.732106E+4
4.460000E+0	-2.492284E+1	6.325729E-1	-2.492241E+1	-9.657720E-6	2.323180E+3	-1.854235E+3	4.577920E+3	-2.943785E+3	7.025895E+3	-1.083630E+4	8.334580E+3	-1.732120E+4
4.470000E+0	-2.492285E+1	5.041156E-1	-2.492242E+1	-9.695353E-6	2.323180E+3	-1.854100E+3	4.577920E+3	-2.943920E+3	7.025760E+3	-1.083644E+4	8.334580E+3	-1.732134E+4
4.480000E+0	-2.492285E+1	7.946463E-1	-2.492242E+1	-9.756079E-6	2.323180E+3	-1.853964E+3	4.577920E+3	-2.944056E+3	7.025624E+3	-1.083658E+4	8.334580E+3	-1.732148E+4
4.490000E+0	-2.492285E+1	5.556690E-1	-2.492242E+1	-9.745530E-6	2.323180E+3	-1.853829E+3	4.577920E+3	-2.944191E+3	7.025489E+3	-1.083672E+4	8.334580E+3	-1.732162E+4
4.500000E+0	-2.492285E+1	5.810754E-1	-2.492243E+1	-9.764632E-6	2.323180E+3	-1.853693E+3	4.577920E+3	-2.944327E+3	7.025353E+3	-1.083686E+4	8.334580E+3	-1.732176E+4
4.510000E+0	-2.492284E+1	4.929164E-1	-2.492241E+1	-9.640329E-6	2.323180E+3	-1.853558E+3	4.577920E+3	-2.944462E+3	7.025218E+3	-1.083700E+4	8.334580E+3	-1.732190E+4
4.520000E+0	-2.492285E+1	6.233295E-1	-2.492242E+1	-9.698489E-6	2.323180E+3	-1.853423E+3	4.577920E+3	-2.944597E+3	7.025083E+3	-1.083714E+4	8.334580E+3	-1.732204E+4
4.530000E+0	-2.492285E+1	7.171091E-1	-2.492242E+1	-9.688511E-6	2.325153E+3	-1.855087E+3	4.579770E+3	-2.946387E+3	7.025143E+3	-1.083720E+4	8.332853E+3	-1.732210E+4
4.540000E+0	-2.492286E+1	6.225286E-1	-2.492243E+1	-9.829920E-6	2.325382E+3	-1.854858E+3	4.579770E+3	-2.946158E+3	7.025372E+3	-1.083720E+4	8.333082E+3	-1.732210E+4
4.550000E+0	-2.492286E+1	4.594820E-1	-2.492243E+1	-9.790861E-6	2.325611E+3	-1.854629E+3	4.579770E+3	-2.945929E+3	7.025601E+3	-1.083720E+4	8.333311E+3	-1.732210E+4
4.560000E+0	-2.492285E+1	7.332442E-1	-2.492242E+1	-9.706187E-6	2.325840E+3	-1.854400E+3	4.579770E+3	-2.945700E+3	7.025830E+3	-1.083720E+4	8.333540E+3	-1.732210E+4
4.570000E+0	-2.492285E+1	5.976250E-1	-2.492242E+1	-9.718161E-6	2.326069E+3	-1.854171E+3	4.579770E+3	-2.945471E+3	7.026059E+3	-1.083720E+4	8.333769E+3	-1.732210E+4
4.580000E+0	-2.492285E+1	6.636512E-1	-2.492243E+1	-9.772045E-6	2.326298E+3	-1.853942E+3	4.579770E+3	-2.945242E+3	7.026288E+3	-1.083720E+4	8.333998E+3	-1.732210E+4
4.590000E+0	-2.492285E+1	4.542386E-1	-2.492242E+1	-9.682524E-6	2.326527E+3	-1.853713E+3	4.579770E+3	-2.945013E+3	7.026517E+3	-1.083720E+4	8.334227E+3	-1.732210E+4
4.600000E+0	-2.492285E+1	7.278984E-1	-2.492242E+1	-9.758360E-6	2.326756E+3	-1.853484E+3	4.579770E+3	-2.944784E+3	7.026746E+3	-1.083720E+4	8.334456E+3	-1.732210E+4
4.610000E+0	-2.492285E+1	6.887363E-1	-2.492242E+1	-9.706187E-6	2.328558E+3	-1.856974E+3	4.577920E+3	-2.944660E+3	7.026870E+3	-1.083711E+4	8.332816E+3	-1.732020E+4
4.620000E+0	-2.492286E+1	6.045168E-1	-2.492243E+1	-9.791146E-6	2.328183E+3	-1.856787E+3	4.577920E+3	-2.944660E+3	7.026870E+3	-1.083692E+4	8.333003E+3	-1.732020E+4
4.630000E+0	-2.492285E+1	5.952222E-1	-2.492242E+1	-9.708753E-6	2.327808E+3	-1.856599E+3	4.577920E+3	-2.944660E+3	7.026870E+3	-1.083673E+4	8.333191E+3	-1.732020E+4
4.640000E+0	-2.492285E+1	5.751662E-1	-2.492242E+1	-9.738688E-6	2.327434E+3	-1.856412E+3	4.577920E+3	-2.944660E+3	7.026870E+3	-1.083653E+4	8.333378E+3	-1.732020E+4
4.650000E+0	-2.492285E+1	6.729085E-1	-2.492242E+1	-9.749807E-6	2.327059E+3	-1.856224E+3	4.577920E+3	-2.944660E+3	7.026870E+3	-1.083634E+4	8.333566E+3	-1.732020E+4
4.660000E+0	-2.492285E+1	6.498583E-1	-2.492242E+1	-9.709038E-6	2.326684E+3	-1.856037E+3	4.577920E+3	-2.944660E+3	7.026870E+3	-1.083615E+4	8.333753E+3	-1.732020E+4
4.670000E+0	-2.492286E+1	4.756358E-1	-2.492243E+1	-9.787725E-6	2.326309E+3	-1.855850E+3	4.577920E+3	-2.944660E+3	7.026870E+3	-1.083596E+4	8.333940E+3	-1.732020E+4
4.680000E+0	-2.492286E+1	5.787285E-1	-2.492243E+1	-9.811103E-6	2.325935E+3	-1.855662E+3	4.577920E+3	-2.944660E+3	7.026870E+3	-1.083576E+4	8.334128E+3	-1.732020E+4
4.690000E+0	-2.492285E+1	6.579980E-1	-2.492242E+1	-9.699344E-6	2.325560E+3	-1.855475E+3	4.577920E+3	-2.944660E+3	7.026870E+3	-1.083557E+4	8.334315E+3	-1.732020E+4
4.700000E+0	-2.492285E+1	7.145060E-1	-2.492243E+1	-9.767198E-6	2.325185E+3	-1.855288E+3	4.577920E+3	-2.944660E+3	7.026870E+3	-1.083538E+4	8.334502E+3	-1.732020E+4
4.710000E+0	-2.492285E+1	6.144401E-1	-2.492243E+1	-9.773755E-6	2.325316E+3	-1.849946E+3	4.579913E+3	-2.944660E+3	7.025163E+3	-1.083530E+4	8.337994E+3	-1.731869E+4
4.720000E+0	-2.492285E+1	3.947690E-1	-2.492243E+1	-9.776891E-6	2.325804E+3	-1.850434E+3	4.580157E+3	-2.944660E+3	7.025407E+3	-1.083530E+4	8.337506E+3	-1.731917E+4
4.730000E+0	-2.492286E+1	7.335935E-1	-2.492243E+1	-9.784874E-6	2.326292E+3	-1.850922E+3	4.580401E+3	-2.944660E+3	7.025651E+3	-1.083530E+4	8.337018E+3	-1.731966E+4
4.740000E+0	-2.492284E+1	7.480429E-1	-2.492241E+1	-9.638618E-6	2.326780E+3	-1.851410E+3	4.580645E+3	-2.944660E+3	7.025895E+3	-1.083530E+4	8.336530E+3	-1.732015E+4
4.750000E+0	-2.492285E+1	5.704537E-1	-2.492242E+1	-9.730990E-6	2.327268E+3	-1.851898E+3	4.580889E+3	-2.944660E+3	7.026139E+3	-1.083530E+4	8.336042E+3	-1.732064E+4
4.760000E+0	-2.492284E+1	5.293963E-1	-2.492242E+1	-9.669124E-6	2.327757E+3	-1.852387E+3	4.581133E+3	-2.944660E+3	7.026383E+3	-1.083530E+4	8.335553E+3	-1.732113E+4
4.770000E+0	-2.492285E+1	5.676225E-1	-2.492242E+1	-9.720727E-6	2.328245E+3	-1.852875E+3	4.581377E+3	-2.944660E+3	7.026627E+3	-1.083530E+4	8.335065E+3	-1.732161E+4
4.780000E+0	-2.492285E+1	8.209236E-1	-2.492242E+1	-9.735552E-6	2.330576E+3	-1.853362E+3	4.581620E+3	-2.944662E+3	7.026868E+3	-1.083530E+4	8.334578E+3	-1.732210E+4
4.790000E+0	-2.492285E+1	6.165775E-1	-2.492242E+1	-9.687941E-6	2.329948E+3	-1.853676E+3	4.581620E+3	-2.944976E+3	7.026554E+3	-1.083562E+4	8.334264E+3	-1.732241E+4
4.800000E+0	-2.492285E+1	5.043112E-1	-2.492242E+1	-9.721867E-6	2.329319E+3	-1.853991E+3	4.581620E+3	-2.945291E+3	7.026239E+3	-1.083595E+4	8.333949E+3	-1.732271E+4
4.810000E+0	-2.492285E+1	5.345512E-1	-2.492242E+1	-9.713314E-6	2.328690E+3	-1.854305E+3	4.581620E+3	-2.945605E+3	7.025925E+3	-1.083627E+4	8.333635E+3	-1.732302E+4
4.820000E+0	-2.492285E+1	6.850762E-1	-2.492242E+1	-9.715310E-6	2.328061E+3	-1.854619E+3	4.581620E+3	-2.945919E+3	7.025611E+3	-1.083659E+4	8.333321E+3	-1.732333E+4
4.830000E+0	-2.492285E+1	6.391387E-1	-2.492242E+1	-9.706472E-6	2.327432E+3	-1.854934E+3	4.581620E+3	-2.946234E+3	7.025296E+3	-1.083692E+4	8.333006E+3	-1.732363E+4
4.840000E+0	-2.492286E+1	6.307010E-1	-2.492243E+1	-9.792287E-6	2.326880E+3	-1.855249E+3	4.581541E+3	-2.946510E+3	7.025059E+3	-1.083720E+4	8.332730E+3	-1.732382E+4
4.850000E+0	-2.492285E+1	4.131114E-1	-2.492242E+1	-9.747526E-6	2.326880E+3	-1.855574E+3	4.580892E+3	-2.946510E+3	7.025384E+3	-1.083720E+4	8.332730E+3	-1.732317E+4
4.860000E+0	-2.492285E+1	7.381290E-1	-2.492242E+1	-9.740114E-6	2.326880E+3	-1.855898E+3	4.580243E+3	-2.946510E+3	7.025708E+3	-1.083720E+4	8.332730E+3	-1.732252E+4
4.870000E+0	-2.492285E+1	6.620772E-1	-2.492243E+1	-9.769194E-6	2.326880E+3	-1.856223E+3	4.579594E+3	-2.946510E+3	7.026033E+3	-1.083720E+4	8.332730E+3	-1.732187E+4
4.880000E+0	-2.492284E+1	5.830452E-1	-2.492241E+1	-9.661426E-6	2.326880E+3	-1.856547E+3	4.578946E+3	-2.946510E+3	7.026357E+3	-1.083720E+4	8.332730E+3	-1.732123E+4
4.890000E+0	-2.492285E+1	4.315423E-1	-2.492242E+1	-9.706472E-6	2.326880E+3	-1.856872E+3	4.578297E+3	-2.946510E+3	7.026682E+3	-1.083720E+4	8.332730E+3	-1.732058E+4
4.900000E+0	-2.492284E+1	6.434973E-1	-2.492241E+1	-9.626929E-6	2.324801E+3	-1.854524E+3	4.576299E+3	-2.946281E+3	7.025249E+3	-1.083697E+4	8.335038E+3	-1.732187E+4
4.910000E+0	-2.492285E+1	6.978773E-1	-2.492242E+1	-9.740969E-6	2.324256E+3	-1.852887E+3	4.576844E+3	-2.945736E+3	7.025794E+3	-1.083640E+4	8.336129E+3	-1.732130E+4
4.920000E+0	-2.492284E+1	5.215779E-1	-2.492241E+1	-9.629780E-6	2.323710E+3	-1.851250E+3	4.577390E+3	-2.945190E+3	7.026340E+3	-1.083584E+4	8.337220E+3	-1.732074E+4
4.930000E+0	-2.492285E+1	5.485350E-1	-2.492242E+1	-9.735267E-6	2.323195E+3	-1.849660E+3	4.577935E+3	-2.944675E+3	7.026855E+3	-1.083530E+4	8.338235E+3	-1.732022E+4
4.940000E+0	-2.492285E+1	4.467042E-1	-2.492242E+1	-9.704476E-6	2.323725E+3	-1.849660E+3	4.578465E+3	-2.945205E+3	7.026325E+3	-1.083530E+4	8.336645E+3	-1.732076E+4
4.950000E+0	-2.492286E+1	7.326435E-1	-2.492243E+1	-9.844460E-6	2.324255E+3	-1.849660E+3	4.578995E+3	-2.945735E+3	7.025795E+3	-1.083530E+4	8.335055E+3	-1.732130E+4
4.960000E+0	-2.492285E+1	7.289974E-1	-2.492243E+1	-9.774896E-6	2.324785E+3	-1.849660E+3	4.579525E+3	-2.946265E+3	7.025265E+3	-1.083530E+4	8.333465E+3	-1.732185E+4
4.970000E+0	-2.492284E+1	4.815264E-1	-2.492241E+1	-9.636908E-6	2.325030E+3	-1.850103E+3	4.579770E+3	-2.946288E+3	7.025242E+3	-1.083530E+4	8.333173E+3	-1.732187E+4
4.980000E+0	-2.492284E+1	5.080784E-1	-2.492241E+1	-9.606117E-6	2.325030E+3	-1.850928E+3	4.579770E+3	-2.945876E+3	7.025654E+3	-1.083530E+4	8.333998E+3	-1.732145E+4
4.990000E+0	-2.492284E+1	6.716792E-1	-2.492242E+1	-9.664562E-6	2.325030E+3	-1.851752E+3	4.579770E+3	-2.945464E+3	7.026066E+3	-1.083530E+4	8.334822E+3	-1.732103E+4
5.000000E+0	-2.492285E+1	6.270828E-1	-2.492242E+1	-9.703621E-6	2.325030E+3	-1.852577E+3	4.579770E+3	-2.945052E+3	7.026478E+3	-1.083530E+4	8.335647E+3	-1.732060E+4
5.010000E+0	-2.492284E+1	6.627711E-1	-2.492241E+1	-9.657435E-6	2.325049E+3	-1.853399E+3	4.579731E+3	-2.944679E+3	7.026851E+3	-1.083532E+4	8.336372E+3	-1.732024E+4
5.020000E+0	-2.492285E+1	4.579453E-1	-2.492242E+1	-9.738973E-6	2.325436E+3	-1.854171E+3	4.578959E+3	-2.945066E+3	7.026464E+3	-1.083572E+4	8.335213E+3	-1.732101E+4
5.030000E+0	-2.492284E+1	7.758616E-1	-2.492241E+1	-9.632061E-6	2.325822E+3	-1.854944E+3	4.578186E+3	-2.945452E+3	7.026078E+3	-1.083611E+4	8.334053E+3	-1.732178E+4
5.040000E+0	-2.492285E+1	4.991330E-1	-2.492242E+1	-9.713029E-6	2.326209E+3	-1.855717E+3	4.577413E+3	-2.945839E+3	7.025691E+3	-1.083651E+4	8.332894E+3	-1.732256E+4
5.050000E+0	-2.492284E+1	6.975047E-1	-2.492242E+1	-9.673400E-6	2.326595E+3	-1.856490E+3	4.576640E+3	-2.946225E+3	7.025305E+3	-1.083691E+4	8.331735E+3	-1.732333E+4
5.060000E+0	-2.492284E+1	5.955203E-1	-2.492241E+1	-9.600130E-6	2.326757E+3	-1.857122E+3	4.576070E+3	-2.946448E+3	7.025082E+3	-1.083714E+4	8.331003E+3	-1.732378E+4
5.070000E+0	-2.492284E+1	5.102623E-1	-2.492241E+1	-9.630636E-6	2.326287E+3	-1.857356E+3	4.576070E+3	-2.946214E+3	7.025316E+3	-1.083690E+4	8.331473E+3	-1.732331E+4
5.080000E+0	-2.492284E+1	7.272419E-1	-2.492241E+1	-9.661997E-6	2.325817E+3	-1.857591E+3	4.576070E+3	-2.945979E+3	7.025551E+3	-1.083665E+4	8.331943E+3	-1.732284E+4
5.090000E+0	-2.492284E+1	5.818391E-1	-2.492241E+1	-9.656722E-6	2.325348E+3	-1.857826E+3	4.576070E+3	-2.945744E+3	7.025786E+3	-1.083641E+4	8.332412E+3	-1.732237E+4
5.100000E+0	-2.492284E+1	6.820541E-1	-2.492242E+1	-9.664562E-6	2.324878E+3	-1.858061E+3	4.576070E+3	-2.945509E+3	7.026021E+3	-1.083617E+4	8.332882E+3	-1.732190E+4
5.110000E+0	-2.492282E+1	6.653788E-1	-2.492239E+1	-9.423797E-6	2.324409E+3	-1.858296E+3	4.576070E+3	-2.945274E+3	7.026256E+3	-1.083593E+4	8.333351E+3	-1.732143E+4
5.120000E+0	-2.492278E+1	6.157090E-1	-2.492235E+1	-8.979898E-6	2.323939E+3	-1.858530E+3	4.576070E+3	-2.945040E+3	7.026490E+3	-1.083569E+4	8.333821E+3	-1.732096E+4
5.130000E+0	-2.492269E+1	6.250478E-1	-2.492226E+1	-8.060882E-6	2.323469E+3	-1.858765E+3	4.576070E+3	-2.944805E+3	7.026725E+3	-1.083545E+4	8.334291E+3	-1.732049E+4
5.140000E+0	-2.492208E+1	8.147070E-1	-2.492165E+1	-1.877660E-6	2.323210E+3	-1.851510E+3	4.576100E+3	-2.944645E+3	7.025079E+3	-1.083529E+4	8.332819E+3	-1.732206E+4
5.150000E+0	-2.492071E+1	1.033102E+0	-2.492029E+1	1.207080E-5	2.323560E+3	-1.851510E+3	4.576450E+3	-2.944470E+3	7.025779E+3	-1.083512E+4	8.333869E+3	-1.732153E+4
5.160000E+0	-2.491837E+1	1.107876E+0	-2.491795E+1	3.593470E-5	2.323910E+3	-1.851510E+3	4.576800E+3	-2.944295E+3	7.026479E+3	-1.083495E+4	8.334919E+3	-1.732100E+4
5.170000E+0	-2.491457E+1	1.045316E+0	-2.491414E+1	7.475332E-5	2.324260E+3	-1.851510E+3	4.577150E+3	-2.944120E+3	7.027179E+3	-1.083477E+4	8.335969E+3	-1.732047E+4
5.180000E+0	-2.490833E+1	1.047181E+0	-2.490791E+1	1.383838E-4	2.324610E+3	-1.851510E+3	4.577500E+3	-2.943945E+3	7.027879E+3	-1.083460E+4	8.337019E+3	-1.731994E+4
5.190000E+0	-2.489953E+1	9.940448E-1	-2.489910E+1	2.282250E-4	2.324960E+3	-1.851510E+3	4.577850E+3	-2.943770E+3	7.028579E+3	-1.083443E+4	8.338069E+3	-1.731941E+4
5.200000E+0	-2.488783E+1	8.839299E-1	-2.488740E+1	3.475935E-4	2.325310E+3	-1.851510E+3	4.578200E+3	-2.943595E+3	7.029279E+3	-1.083426E+4	8.339119E+3	-1.731888E+4
5.210000E+0	-2.487237E+1	8.457340E-1	-2.487195E+1	5.053199E-4	2.325659E+3	-1.851510E+3	4.578549E+3	-2.943420E+3	7.029979E+3	-1.083409E+4	8.340168E+3	-1.731835E+4
5.220000E+0	-2.485358E+1	9.258348E-1	-2.485315E+1	6.971230E-4	2.326009E+3	-1.851510E+3	4.578899E+3	-2.943245E+3	7.030679E+3	-1.083392E+4	8.341218E+3	-1.731782E+4
5.230000E+0	-2.483267E+1	1.147932E+0	-2.483225E+1	9.104295E-4	2.326359E+3	-1.851510E+3	4.579249E+3	-2.943070E+3	7.031379E+3	-1.083375E+4	8.342268E+3	-1.731729E+4
5.240000E+0	-2.481211E+1	1.236789E+0	-2.481168E+1	1.120245E-3	2.326709E+3	-1.851510E+3	4.579599E+3	-2.942895E+3	7.032079E+3	-1.083358E+4	8.343318E+3	-1.731676E+4
5.250000E+0	-2.479375E+1	1.257719E+0	-2.479332E+1	1.307605E-3	2.337309E+3	-1.859703E+3	4.592445E+3	-2.935677E+3	7.059373E+3	-1.082672E+4	8.366422E+3	-1.730634E+4
5.260000E+0	-2.477792E+1	1.332245E+0	-2.477749E+1	1.469146E-3	2.339628E+3	-1.861248E+3	4.595537E+3	-2.932589E+3	7.068644E+3	-1.082442E+4	8.378012E+3	-1.730095E+4
5.270000E+0	-2.476468E+1	1.398595E+0	-2.476425E+1	1.604279E-3	2.341689E+3	-1.862610E+3	4.598279E+3	-2.929851E+3	7.076904E+3	-1.082238E+4	8.388277E+3	-1.729618E+4
5.280000E+0	-2.475336E+1	1.351065E+0	-2.475293E+1	1.719794E-3	2.341847E+3	-1.862610E+3	4.598437E+3	-2.929693E+3	7.077696E+3	-1.082222E+4	8.388751E+3	-1.729602E+4
5.290000E+0	-2.474358E+1	1.266121E+0	-2.474315E+1	1.819539E-3	2.342005E+3	-1.862610E+3	4.598595E+3	-2.929535E+3	7.078487E+3	-1.082206E+4	8.389226E+3	-1.729586E+4
5.300000E+0	-2.473525E+1	1.309256E+0	-2.473482E+1	1.904544E-3	2.342164E+3	-1.862610E+3	4.598754E+3	-2.929376E+3	7.079278E+3	-1.082189E+4	8.389701E+3	-1.729569E+4
5.310000E+0	-2.472801E+1	1.447368E+0	-2.472758E+1	1.978454E-3	2.342322E+3	-1.862610E+3	4.598912E+3	-2.929218E+3	7.080069E+3	-1.082173E+4	8.390176E+3	-1.729553E+4
5.320000E+0	-2.472112E+1	1.396770E+0	-2.472069E+1	2.048712E-3	2.342480E+3	-1.862610E+3	4.599070E+3	-2.929060E+3	7.080861E+3	-1.082157E+4	8.390650E+3	-1.729537E+4
5.330000E+0	-2.471368E+1	1.344453E+0	-2.471326E+1	2.124605E-3	2.342638E+3	-1.862610E+3	4.599228E+3	-2.928902E+3	7.081652E+3	-1.082141E+4	8.391125E+3	-1.729521E+4
5.340000E+0	-2.470559E+1	1.288140E+0	-2.470516E+1	2.207212E-3	2.342797E+3	-1.862610E+3	4.599387E+3	-2.928743E+3	7.082443E+3	-1.082124E+4	8.391600E+3	-1.729504E+4
5.350000E+0	-2.469664E+1	1.351710E+0	-2.469621E+1	2.298578E-3	2.342955E+3	-1.862610E+3	4.599545E+3	-2.928585E+3	7.083234E+3	-1.082108E+4	8.392075E+3	-1.729488E+4
5.360000E+0	-2.468665E+1	1.445008E+0	-2.468622E+1	2.400519E-3	2.343113E+3	-1.862610E+3	4.599703E+3	-2.928427E+3	7.084026E+3	-1.082092E+4	8.392549E+3	-1.729472E+4
5.370000E+0	-2.467538E+1	1.384330E+0	-2.467495E+1	2.515518E-3	2.343271E+3	-1.862610E+3	4.599861E+3	-2.928269E+3	7.084817E+3	-1.082076E+4	8.393024E+3	-1.729456E+4
5.380000E+0	-2.466339E+1	1.347724E+0	-2.466297E+1	2.637785E-3	2.343430E+3	-1.862610E+3	4.600020E+3	-2.928110E+3	7.085608E+3	-1.082059E+4	8.393499E+3	-1.729439E+4
5.390000E+0	-2.465167E+1	1.317128E+0	-2.465124E+1	2.757433E-3	2.345579E+3	-1.866415E+3	4.605869E+3	-2.922365E+3	7.103442E+3	-1.081300E+4	8.416702E+3	-1.728288E+4
5.400000E+0	-2.464045E+1	1.438942E+0	-2.464002E+1	2.871916E-3	2.346067E+3	-1.866659E+3	4.606357E+3	-2.922121E+3	7.105149E+3	-1.081276E+4	8.418409E+3	-1.728191E+4
5.410000E+0	-2.462931E+1	1.449091E+0	-2.462888E+1	2.985619E-3	2.346556E+3	-1.866903E+3	4.606846E+3	-2.921877E+3	7.106856E+3	-1.081252E+4	8.420116E+3	-1.728093E+4
5.420000E+0	-2.461798E+1	1.323209E+0	-2.461755E+1	3.101159E-3	2.347044E+3	-1.867147E+3	4.607334E+3	-2.921633E+3	7.108563E+3	-1.081229E+4	8.421823E+3	-1.727995E+4
5.430000E+0	-2.460701E+1	1.310876E+0	-2.460659E+1	3.213080E-3	2.347532E+3	-1.867391E+3	4.607822E+3	-2.921389E+3	7.110271E+3	-1.081205E+4	8.423531E+3	-1.727898E+4
5.440000E+0	-2.459647E+1	1.410150E+0	-2.459605E+1	3.320632E-3	2.348020E+3	-1.867635E+3	4.608310E+3	-2.921145E+3	7.111978E+3	-1.081181E+4	8.425238E+3	-1.727800E+4
5.450000E+0	-2.458606E+1	1.483110E+0	-2.458563E+1	3.426916E-3	2.348508E+3	-1.867879E+3	4.608798E+3	-2.920901E+3	7.113685E+3	-1.081157E+4	8.426945E+3	-1.727702E+4
5.460000E+0	-2.457524E+1	1.445320E+0	-2.457481E+1	3.537346E-3	2.348996E+3	-1.868123E+3	4.609286E+3	-2.920657E+3	7.115392E+3	-1.081134E+4	8.428652E+3	-1.727605E+4
5.470000E+0	-2.456427E+1	1.397466E+0	-2.456385E+1	3.649198E-3	2.354839E+3	-1.868816E+3	4.615347E+3	-2.918114E+3	7.128062E+3	-1.080896E+4	8.436210E+3	-1.727313E+4
5.480000E+0	-2.455340E+1	1.460507E+0	-2.455297E+1	3.760174E-3	2.355096E+3	-1.869589E+3	4.615863E+3	-2.917341E+3	7.129608E+3	-1.080845E+4	8.438271E+3	-1.727209E+4
5.490000E+0	-2.454281E+1	1.504244E+0	-2.454238E+1	3.868209E-3	2.355354E+3	-1.870362E+3	4.616378E+3	-2.916568E+3	7.131154E+3	-1.080793E+4	8.440332E+3	-1.727106E+4
5.500000E+0	-2.453266E+1	1.504023E+0	-2.453223E+1	3.971831E-3	2.355612E+3	-1.871135E+3	4.616893E+3	-2.915795E+3	7.132700E+3	-1.080742E+4	8.442393E+3	-1.727003E+4
5.510000E+0	-2.452258E+1	1.402278E+0	-2.452215E+1	4.074668E-3	2.355869E+3	-1.871908E+3	4.617408E+3	-2.915022E+3	7.134245E+3	-1.080690E+4	8.444454E+3	-1.726900E+4
5.520000E+0	-2.451239E+1	1.432518E+0	-2.451196E+1	4.178679E-3	2.356127E+3	-1.872681E+3	4.617924E+3	-2.914249E+3	7.135791E+3	-1.080639E+4	8.446515E+3	-1.726797E+4
5.530000E+0	-2.450186E+1	1.570836E+0	-2.450143E+1	4.286098E-3	2.356384E+3	-1.873453E+3	4.618439E+3	-2.913477E+3	7.137337E+3	-1.080587E+4	8.448576E+3	-1.726694E+4
5.540000E+0	-2.449173E+1	1.505965E+0	-2.449131E+1	4.389415E-3	2.361117E+3	-1.873710E+3	4.620159E+3	-2.913220E+3	7.144045E+3	-1.080570E+4	8.452358E+3	-1.726350E+4
5.550000E+0	-2.448198E+1	1.425657E+0	-2.448155E+1	4.488922E-3	2.362020E+3	-1.874397E+3	4.621147E+3	-2.912877E+3	7.147310E+3	-1.080501E+4	8.455364E+3	-1.726153E+4
5.560000E+0	-2.447233E+1	1.456577E+0	-2.447190E+1	4.587391E-3	2.362020E+3	-1.875186E+3	4.621936E+3	-2.912482E+3	7.149678E+3	-1.080422E+4	8.458126E+3	-1.725995E+4
5.570000E+0	-2.446284E+1	1.571628E+0	-2.446241E+1	4.684274E-3	2.362020E+3	-1.875975E+3	4.622725E+3	-2.912087E+3	7.152046E+3	-1.080343E+4	8.460889E+3	-1.725837E+4
5.580000E+0	-2.445285E+1	1.563614E+0	-2.445242E+1	4.786196E-3	2.362020E+3	-1.876765E+3	4.623515E+3	-2.911693E+3	7.154414E+3	-1.080265E+4	8.463652E+3	-1.725679E+4
5.590000E+0	-2.444249E+1	1.456912E+0	-2.444206E+1	4.891910E-3	2.362020E+3	-1.877263E+3	4.624307E+3	-2.911223E+3	7.156645E+3	-1.080185E+4	8.466352E+3	-1.725535E+4
5.600000E+0	-2.443257E+1	1.472405E+0	-2.443214E+1	4.993144E-3	2.362020E+3	-1.876456E+3	4.625114E+3	-2.910416E+3	7.158258E+3	-1.080105E+4	8.468771E+3	-1.725455E+4
5.610000E+0	-2.442219E+1	1.547851E+0	-2.442176E+1	5.099077E-3	2.362020E+3	-1.875650E+3	4.625920E+3	-2.909610E+3	7.159871E+3	-1.080024E+4	8.471191E+3	-1.725374E+4
5.620000E+0	-2.441089E+1	1.598753E+0	-2.441047E+1	5.214316E-3	2.362020E+3	-1.874843E+3	4.626727E+3	-2.908803E+3	7.161484E+3	-1.079943E+4	8.473611E+3	-1.725293E+4
5.630000E+0	-2.439963E+1	1.578052E+0	-2.439920E+1	5.329229E-3	2.362020E+3	-1.874037E+3	4.627533E+3	-2.907997E+3	7.163097E+3	-1.079863E+4	8.476030E+3	-1.725213E+4
5.640000E+0	-2.438846E+1	1.465965E+0	-2.438803E+1	5.443213E-3	2.363055E+3	-1.873365E+3	4.628550E+3	-2.906980E+3	7.165818E+3	-1.079796E+4	8.479078E+3	-1.725077E+4
5.650000E+0	-2.437746E+1	1.509110E+0	-2.437703E+1	5.555485E-3	2.364794E+3	-1.872785E+3	4.629709E+3	-2.905821E+3	7.169293E+3	-1.079740E+4	8.482553E+3	-1.724905E+4
5.660000E+0	-2.436658E+1	1.649647E+0	-2.436616E+1	5.666442E-3	2.366533E+3	-1.872206E+3	4.630869E+3	-2.904661E+3	7.172768E+3	-1.079684E+4	8.486028E+3	-1.724733E+4
5.670000E+0	-2.435599E+1	1.607409E+0	-2.435556E+1	5.774579E-3	2.367788E+3	-1.872151E+3	4.631705E+3	-2.903825E+3	7.175058E+3	-1.079643E+4	8.488245E+3	-1.724623E+4
5.680000E+0	-2.434594E+1	1.480633E+0	-2.434551E+1	5.877103E-3	2.368328E+3	-1.872871E+3	4.632066E+3	-2.903464E+3	7.175598E+3	-1.079624E+4	8.488606E+3	-1.724604E+4
5.690000E+0	-2.433657E+1	1.529874E+0	-2.433614E+1	5.972766E-3	2.368869E+3	-1.873591E+3	4.632426E+3	-2.903104E+3	7.176139E+3	-1.079606E+4	8.488966E+3	-1.724586E+4
5.700000E+0	-2.432715E+1	1.655007E+0	-2.432672E+1	6.068872E-3	2.369409E+3	-1.874312E+3	4.632786E+3	-2.902744E+3	7.176679E+3	-1.079587E+4	8.489326E+3	-1.724567E+4
5.710000E+0	-2.431758E+1	1.597803E+0	-2.431715E+1	6.166491E-3	2.369949E+3	-1.875032E+3	4.633146E+3	-2.902384E+3	7.177219E+3	-1.079569E+4	8.489686E+3	-1.724549E+4
5.720000E+0	-2.430792E+1	1.531560E+0	-2.430749E+1	6.265072E-3	2.370489E+3	-1.875753E+3	4.633506E+3	-2.902024E+3	7.177759E+3	-1.079550E+4	8.490046E+3	-1.724530E+4
5.730000E+0	-2.429815E+1	1.597952E+0	-2.429772E+1	6.364734E-3	2.371030E+3	-1.876473E+3	4.633866E+3	-2.901664E+3	7.178300E+3	-1.079532E+4	8.490406E+3	-1.724512E+4
5.740000E+0	-2.428918E+1	1.640688E+0	-2.428875E+1	6.456263E-3	2.371570E+3	-1.877193E+3	4.634227E+3	-2.901303E+3	7.178840E+3	-1.079513E+4	8.490767E+3	-1.724493E+4
5.750000E+0	-2.427996E+1	1.651284E+0	-2.427954E+1	6.550335E-3	2.372110E+3	-1.877914E+3	4.634587E+3	-2.900943E+3	7.179380E+3	-1.079495E+4	8.491127E+3	-1.724475E+4
5.760000E+0	-2.426972E+1	1.590862E+0	-2.426929E+1	6.654906E-3	2.372651E+3	-1.878634E+3	4.634947E+3	-2.900583E+3	7.179921E+3	-1.079476E+4	8.491487E+3	-1.724456E+4
5.770000E+0	-2.425886E+1	1.494240E+0	-2.425844E+1	6.765642E-3	2.373120E+3	-1.879260E+3	4.635338E+3	-2.900270E+3	7.180625E+3	-1.079444E+4	8.492114E+3	-1.724424E+4
5.780000E+0	-2.424793E+1	1.571707E+0	-2.424750E+1	6.877216E-3	2.373120E+3	-1.879260E+3	4.635937E+3	-2.900270E+3	7.182420E+3	-1.079325E+4	8.494507E+3	-1.724305E+4
5.790000E+0	-2.423644E+1	1.656241E+0	-2.423601E+1	6.994465E-3	2.373120E+3	-1.879260E+3	4.636535E+3	-2.900270E+3	7.184215E+3	-1.079205E+4	8.496901E+3	-1.724185E+4
5.800000E+0	-2.422430E+1	1.682863E+0	-2.422387E+1	7.118369E-3	2.373120E+3	-1.879260E+3	4.637117E+3	-2.900270E+3	7.185968E+3	-1.079090E+4	8.499214E+3	-1.724069E+4
5.810000E+0	-2.421257E+1	1.585514E+0	-2.421214E+1	7.238061E-3	2.373120E+3	-1.879260E+3	4.637292E+3	-2.900270E+3	7.186667E+3	-1.079090E+4	8.499564E+3	-1.724034E+4
5.820000E+0	-2.420154E+1	1.603512E+0	-2.420111E+1	7.350570E-3	2.373120E+3	-1.879260E+3	4.637467E+3	-2.900270E+3	7.187367E+3	-1.079090E+4	8.499914E+3	-1.723999E+4
5.830000E+0	-2.419127E+1	1.767077E+0	-2.419084E+1	7.455345E-3	2.373120E+3	-1.879260E+3	4.637642E+3	-2.900270E+3	7.188067E+3	-1.079090E+4	8.500263E+3	-1.723964E+4
5.840000E+0	-2.418112E+1	1.682194E+0	-2.418069E+1	7.558921E-3	2.373120E+3	-1.879260E+3	4.637817E+3	-2.900270E+3	7.188767E+3	-1.079090E+4	8.500613E+3	-1.723929E+4
5.850000E+0	-2.417154E+1	1.573856E+0	-2.417111E+1	7.656684E-3	2.373120E+3	-1.879260E+3	4.637992E+3	-2.900270E+3	7.189466E+3	-1.079090E+4	8.500963E+3	-1.723894E+4
5.860000E+0	-2.416249E+1	1.609554E+0	-2.416207E+1	7.748993E-3	2.373120E+3	-1.879260E+3	4.638167E+3	-2.900270E+3	7.190166E+3	-1.079090E+4	8.501313E+3	-1.723859E+4
5.870000E+0	-2.415325E+1	1.672632E+0	-2.415282E+1	7.843342E-3	2.373120E+3	-1.879260E+3	4.638342E+3	-2.900270E+3	7.190866E+3	-1.079090E+4	8.501663E+3	-1.723824E+4
5.880000E+0	-2.414429E+1	1.708609E+0	-2.414386E+1	7.934757E-3	2.373120E+3	-1.879260E+3	4.638516E+3	-2.900270E+3	7.191566E+3	-1.079090E+4	8.502013E+3	-1.723789E+4
5.890000E+0	-2.413536E+1	1.686742E+0	-2.413493E+1	8.025918E-3	2.373120E+3	-1.879260E+3	4.638691E+3	-2.900270E+3	7.192266E+3	-1.079090E+4	8.502363E+3	-1.723754E+4
5.900000E+0	-2.412609E+1	1.643351E+0	-2.412566E+1	8.120476E-3	2.373120E+3	-1.879260E+3	4.638866E+3	-2.900270E+3	7.192965E+3	-1.079090E+4	8.502713E+3	-1.723719E+4
5.910000E+0	-2.411605E+1	1.704379E+0	-2.411563E+1	8.222878E-3	2.373410E+3	-1.881110E+3	4.642940E+3	-2.894720E+3	7.204875E+3	-1.078706E+4	8.517845E+3	-1.723121E+4
5.920000E+0	-2.410605E+1	1.737941E+0	-2.410562E+1	8.324999E-3	2.374200E+3	-1.881110E+3	4.643730E+3	-2.894720E+3	7.206060E+3	-1.078667E+4	8.518240E+3	-1.723042E+4
5.930000E+0	-2.409678E+1	1.695445E+0	-2.409636E+1	8.419519E-3	2.374989E+3	-1.881110E+3	4.644519E+3	-2.894720E+3	7.207244E+3	-1.078629E+4	8.518635E+3	-1.722963E+4
5.940000E+0	-2.408712E+1	1.592434E+0	-2.408669E+1	8.518118E-3	2.375778E+3	-1.881110E+3	4.645308E+3	-2.894720E+3	7.208428E+3	-1.078591E+4	8.519029E+3	-1.722884E+4
5.950000E+0	-2.407674E+1	1.687731E+0	-2.407631E+1	8.624072E-3	2.376568E+3	-1.881110E+3	4.646098E+3	-2.894720E+3	7.209612E+3	-1.078552E+4	8.519424E+3	-1.722805E+4
5.960000E+0	-2.406649E+1	1.807103E+0	-2.406606E+1	8.728642E-3	2.377508E+3	-1.881569E+3	4.646809E+3	-2.894491E+3	7.210449E+3	-1.078516E+4	8.520238E+3	-1.722756E+4
5.970000E+0	-2.405655E+1	1.704725E+0	-2.405612E+1	8.830051E-3	2.378520E+3	-1.882243E+3	4.647483E+3	-2.894153E+3	7.211123E+3	-1.078482E+4	8.521250E+3	-1.722722E+4
5.980000E+0	-2.404694E+1	1.599363E+0	-2.404651E+1	8.928095E-3	2.379532E+3	-1.882918E+3	4.648158E+3	-2.893816E+3	7.211798E+3	-1.078447E+4	8.522262E+3	-1.722687E+4
5.990000E+0	-2.403758E+1	1.620841E+0	-2.403715E+1	9.023612E-3	2.380544E+3	-1.883592E+3	4.648832E+3	-2.893479E+3	7.212472E+3	-1.078413E+4	8.523274E+3	-1.722653E+4
6.000000E+0	-2.402797E+1	1.717701E+0	-2.402754E+1	9.121739E-3	2.381556E+3	-1.884267E+3	4.649507E+3	-2.893141E+3	7.213147E+3	-1.078378E+4	8.524286E+3	-1.722618E+4
6.010000E+0	-2.401788E+1	1.658336E+0	-2.401745E+1	9.224649E-3	2.384155E+3	-1.882960E+3	4.650050E+3	-2.891085E+3	7.219433E+3	-1.078163E+4	8.532629E+3	-1.722390E+4
6.020000E+0	-2.400755E+1	1.608590E+0	-2.400712E+1	9.330088E-3	2.383824E+3	-1.882960E+3	4.650050E+3	-2.891416E+3	7.220425E+3	-1.078129E+4	8.533292E+3	-1.722290E+4
6.030000E+0	-2.399792E+1	1.658897E+0	-2.399749E+1	9.428328E-3	2.383493E+3	-1.882960E+3	4.650050E+3	-2.891747E+3	7.221417E+3	-1.078095E+4	8.533954E+3	-1.722190E+4
6.040000E+0	-2.398862E+1	1.728800E+0	-2.398819E+1	9.523262E-3	2.383162E+3	-1.882960E+3	4.650050E+3	-2.892078E+3	7.222409E+3	-1.078061E+4	8.534617E+3	-1.722090E+4
6.050000E+0	-2.397885E+1	1.781387E+0	-2.397842E+1	9.622899E-3	2.382830E+3	-1.882960E+3	4.650050E+3	-2.892410E+3	7.223401E+3	-1.078027E+4	8.535279E+3	-1.721989E+4
6.060000E+0	-2.396908E+1	1.731734E+0	-2.396865E+1	9.722627E-3	2.382499E+3	-1.882960E+3	4.650050E+3	-2.892741E+3	7.224393E+3	-1.077993E+4	8.535942E+3	-1.721889E+4
6.070000E+0	-2.395904E+1	1.646485E+0	-2.395861E+1	9.825060E-3	2.382370E+3	-1.883556E+3	4.650348E+3	-2.892274E+3	7.225376E+3	-1.077980E+4	8.537389E+3	-1.721821E+4
6.080000E+0	-2.394888E+1	1.717347E+0	-2.394845E+1	9.928765E-3	2.382370E+3	-1.884532E+3	4.650836E+3	-2.891298E+3	7.226352E+3	-1.077980E+4	8.539339E+3	-1.721774E+4
6.090000E+0	-2.393926E+1	1.794160E+0	-2.393883E+1	1.002695E-2	2.382370E+3	-1.885508E+3	4.651324E+3	-2.890322E+3	7.227328E+3	-1.077980E+4	8.541289E+3	-1.721726E+4
6.100000E+0	-2.392998E+1	1.751985E+0	-2.392955E+1	1.012164E-2	2.382370E+3	-1.886484E+3	4.651812E+3	-2.889346E+3	7.228304E+3	-1.077980E+4	8.543239E+3	-1.721679E+4
6.110000E+0	-2.392073E+1	1.636581E+0	-2.392030E+1	1.021595E-2	2.382370E+3	-1.886231E+3	4.652329E+3	-2.888956E+3	7.229123E+3	-1.077959E+4	8.544233E+3	-1.721627E+4
6.120000E+0	-2.391135E+1	1.693077E+0	-2.391092E+1	1.031174E-2	2.382370E+3	-1.885709E+3	4.652851E+3	-2.888694E+3	7.229907E+3	-1.077934E+4	8.545017E+3	-1.721575E+4
6.130000E+0	-2.390173E+1	1.832042E+0	-2.390130E+1	1.040990E-2	2.382370E+3	-1.885186E+3	4.653374E+3	-2.888433E+3	7.230690E+3	-1.077908E+4	8.545800E+3	-1.721523E+4
6.140000E+0	-2.389227E+1	1.749215E+0	-2.389184E+1	1.050638E-2	2.382370E+3	-1.884664E+3	4.653896E+3	-2.888172E+3	7.231474E+3	-1.077883E+4	8.546584E+3	-1.721470E+4
6.150000E+0	-2.388282E+1	1.656758E+0	-2.388239E+1	1.060283E-2	2.382370E+3	-1.884141E+3	4.654419E+3	-2.887911E+3	7.232258E+3	-1.077857E+4	8.547368E+3	-1.721418E+4
6.160000E+0	-2.387305E+1	1.734253E+0	-2.387262E+1	1.070249E-2	2.382370E+3	-1.883619E+3	4.654941E+3	-2.887649E+3	7.233042E+3	-1.077832E+4	8.548152E+3	-1.721366E+4
6.170000E+0	-2.386323E+1	1.826845E+0	-2.386280E+1	1.080271E-2	2.382370E+3	-1.883096E+3	4.655464E+3	-2.887388E+3	7.233826E+3	-1.077807E+4	8.548936E+3	-1.721314E+4
6.180000E+0	-2.385369E+1	1.761760E+0	-2.385326E+1	1.090010E-2	2.386809E+3	-1.887031E+3	4.657821E+3	-2.886949E+3	7.240321E+3	-1.077574E+4	8.552102E+3	-1.721262E+4
6.190000E+0	-2.384498E+1	1.681708E+0	-2.384455E+1	1.098894E-2	2.387809E+3	-1.887532E+3	4.658322E+3	-2.886448E+3	7.241324E+3	-1.077525E+4	8.553606E+3	-1.721210E+4
6.200000E+0	-2.383610E+1	1.704460E+0	-2.383567E+1	1.107957E-2	2.388809E+3	-1.888033E+3	4.658823E+3	-2.885947E+3	7.242326E+3	-1.077476E+4	8.555110E+3	-1.721159E+4
6.210000E+0	-2.382625E+1	1.790011E+0	-2.382582E+1	1.118007E-2	2.389733E+3	-1.888510E+3	4.659300E+3	-2.885470E+3	7.243307E+3	-1.077430E+4	8.556540E+3	-1.721110E+4
6.220000E+0	-2.381583E+1	1.833949E+0	-2.381540E+1	1.128636E-2	2.389174E+3	-1.888510E+3	4.659300E+3	-2.885470E+3	7.243869E+3	-1.077430E+4	8.556540E+3	-1.721110E+4
6.230000E+0	-2.380594E+1	1.785315E+0	-2.380551E+1	1.138732E-2	2.388616E+3	-1.888510E+3	4.659300E+3	-2.885470E+3	7.244430E+3	-1.077430E+4	8.556540E+3	-1.721110E+4
6.240000E+0	-2.379680E+1	1.661875E+0	-2.379637E+1	1.148061E-2	2.388057E+3	-1.888510E+3	4.659300E+3	-2.885470E+3	7.244992E+3	-1.077430E+4	8.556540E+3	-1.721110E+4
6.250000E+0	-2.378751E+1	1.773890E+0	-2.378708E+1	1.157538E-2	2.388216E+3	-1.888510E+3	4.659598E+3	-2.885172E+3	7.246023E+3	-1.077399E+4	8.557433E+3	-1.720991E+4
6.260000E+0	-2.377793E+1	1.902196E+0	-2.377750E+1	1.167313E-2	2.388609E+3	-1.888510E+3	4.659992E+3	-2.884778E+3	7.247207E+3	-1.077359E+4	8.558617E+3	-1.720833E+4
6.270000E+0	-2.376740E+1	1.799453E+0	-2.376698E+1	1.178054E-2	2.389001E+3	-1.888510E+3	4.660387E+3	-2.884383E+3	7.248391E+3	-1.077318E+4	8.559801E+3	-1.720675E+4
6.280000E+0	-2.375631E+1	1.727662E+0	-2.375588E+1	1.189376E-2	2.389394E+3	-1.888510E+3	4.660782E+3	-2.883988E+3	7.249575E+3	-1.077278E+4	8.560985E+3	-1.720517E+4
6.290000E+0	-2.374545E+1	1.741902E+0	-2.374502E+1	1.200460E-2	2.389721E+3	-1.888471E+3	4.661111E+3	-2.883581E+3	7.250719E+3	-1.077236E+4	8.562167E+3	-1.720370E+4
6.300000E+0	-2.373523E+1	1.838799E+0	-2.373480E+1	1.210885E-2	2.389145E+3	-1.887892E+3	4.660532E+3	-2.883005E+3	7.251298E+3	-1.077180E+4	8.563327E+3	-1.720370E+4
6.310000E+0	-2.372543E+1	1.862557E+0	-2.372500E+1	1.220884E-2	2.388568E+3	-1.887312E+3	4.659952E+3	-2.882428E+3	7.251878E+3	-1.077123E+4	8.564486E+3	-1.720370E+4
6.320000E+0	-2.371541E+1	1.770272E+0	-2.371498E+1	1.231112E-2	2.387992E+3	-1.886732E+3	4.659372E+3	-2.881852E+3	7.252458E+3	-1.077067E+4	8.565645E+3	-1.720370E+4
6.330000E+0	-2.370579E+1	1.743615E+0	-2.370536E+1	1.240927E-2	2.388032E+3	-1.886773E+3	4.659300E+3	-2.881780E+3	7.252643E+3	-1.077048E+4	8.566015E+3	-1.720347E+4
6.340000E+0	-2.369642E+1	1.851828E+0	-2.369600E+1	1.250482E-2	2.388160E+3	-1.886902E+3	4.659300E+3	-2.881780E+3	7.252772E+3	-1.077035E+4	8.566273E+3	-1.720322E+4
6.350000E+0	-2.368633E+1	1.877544E+0	-2.368591E+1	1.260778E-2	2.388288E+3	-1.887030E+3	4.659300E+3	-2.881780E+3	7.252900E+3	-1.077022E+4	8.566531E+3	-1.720296E+4
6.360000E+0	-2.367617E+1	1.795986E+0	-2.367574E+1	1.271151E-2	2.388416E+3	-1.887159E+3	4.659300E+3	-2.881780E+3	7.253029E+3	-1.077009E+4	8.566788E+3	-1.720270E+4
6.370000E+0	-2.366656E+1	1.728407E+0	-2.366613E+1	1.280958E-2	2.388544E+3	-1.887288E+3	4.659300E+3	-2.881780E+3	7.253158E+3	-1.076996E+4	8.567046E+3	-1.720244E+4
6.380000E+0	-2.365711E+1	1.844068E+0	-2.365669E+1	1.290594E-2	2.388673E+3	-1.887417E+3	4.659300E+3	-2.881780E+3	7.253287E+3	-1.076982E+4	8.567303E+3	-1.720219E+4
6.390000E+0	-2.364714E+1	1.916788E+0	-2.364671E+1	1.300776E-2	2.388801E+3	-1.887545E+3	4.659300E+3	-2.881780E+3	7.253415E+3	-1.076969E+4	8.567561E+3	-1.720193E+4
6.400000E+0	-2.363746E+1	1.828929E+0	-2.363703E+1	1.310647E-2	2.388929E+3	-1.887674E+3	4.659300E+3	-2.881780E+3	7.253544E+3	-1.076956E+4	8.567818E+3	-1.720167E+4
6.410000E+0	-2.362847E+1	1.705580E+0	-2.362804E+1	1.319820E-2	2.389057E+3	-1.887803E+3	4.659300E+3	-2.881780E+3	7.253673E+3	-1.076943E+4	8.568076E+3	-1.720141E+4
6.420000E+0	-2.361876E+1	1.787529E+0	-2.361833E+1	1.329728E-2	2.389185E+3	-1.887932E+3	4.659300E+3	-2.881780E+3	7.253802E+3	-1.076929E+4	8.568334E+3	-1.720116E+4
6.430000E+0	-2.360899E+1	1.935672E+0	-2.360856E+1	1.339705E-2	2.389313E+3	-1.888061E+3	4.659300E+3	-2.881780E+3	7.253931E+3	-1.076916E+4	8.568591E+3	-1.720090E+4
6.440000E+0	-2.359974E+1	1.804254E+0	-2.359931E+1	1.349141E-2	2.389441E+3	-1.888189E+3	4.659300E+3	-2.881780E+3	7.254059E+3	-1.076903E+4	8.568849E+3	-1.720064E+4
6.450000E+0	-2.359000E+1	1.739303E+0	-2.358957E+1	1.359081E-2	2.389569E+3	-1.888318E+3	4.659300E+3	-2.881780E+3	7.254188E+3	-1.076890E+4	8.569106E+3	-1.720038E+4
6.460000E+0	-2.357991E+1	1.770083E+0	-2.357949E+1	1.369369E-2	2.389697E+3	-1.888447E+3	4.659300E+3	-2.881780E+3	7.254317E+3	-1.076876E+4	8.569364E+3	-1.720013E+4
6.470000E+0	-2.356983E+1	1.888801E+0	-2.356940E+1	1.379664E-2	2.389880E+3	-1.888630E+3	4.659540E+3	-2.881899E+3	7.254620E+3	-1.076882E+4	8.569490E+3	-1.720012E+4
6.480000E+0	-2.356012E+1	1.912026E+0	-2.355969E+1	1.389569E-2	2.390115E+3	-1.888865E+3	4.660009E+3	-2.882133E+3	7.255089E+3	-1.076906E+4	8.569490E+3	-1.720036E+4
6.490000E+0	-2.355106E+1	1.787553E+0	-2.355064E+1	1.398809E-2	2.390350E+3	-1.889100E+3	4.660479E+3	-2.882366E+3	7.255559E+3	-1.076931E+4	8.569490E+3	-1.720061E+4
6.500000E+0	-2.354178E+1	1.740963E+0	-2.354135E+1	1.408282E-2	2.390585E+3	-1.889335E+3	4.660949E+3	-2.882600E+3	7.256029E+3	-1.076955E+4	8.569490E+3	-1.720085E+4
6.510000E+0	-2.353211E+1	1.838403E+0	-2.353168E+1	1.418153E-2	2.390819E+3	-1.889569E+3	4.661419E+3	-2.882834E+3	7.256499E+3	-1.076979E+4	8.569490E+3	-1.720109E+4
6.520000E+0	-2.352246E+1	1.899074E+0	-2.352203E+1	1.427995E-2	2.391054E+3	-1.889804E+3	4.661889E+3	-2.883067E+3	7.256969E+3	-1.077003E+4	8.569490E+3	-1.720133E+4
6.530000E+0	-2.351274E+1	1.877260E+0	-2.351231E+1	1.437915E-2	2.391289E+3	-1.890039E+3	4.662359E+3	-2.883301E+3	7.257439E+3	-1.077027E+4	8.569490E+3	-1.720157E+4
6.540000E+0	-2.350280E+1	1.780745E+0	-2.350237E+1	1.448056E-2	2.391524E+3	-1.890274E+3	4.662828E+3	-2.883535E+3	7.257908E+3	-1.077051E+4	8.569490E+3	-1.720181E+4
6.550000E+0	-2.349312E+1	1.787599E+0	-2.349270E+1	1.457931E-2	2.394953E+3	-1.890717E+3	4.666700E+3	-2.880287E+3	7.263987E+3	-1.076690E+4	8.576533E+3	-1.719820E+4
6.560000E+0	-2.348379E+1	1.924678E+0	-2.348336E+1	1.467455E-2	2.394391E+3	-1.891279E+3	4.666700E+3	-2.880849E+3	7.264549E+3	-1.076690E+4	8.575971E+3	-1.719820E+4
6.570000E+0	-2.347469E+1	1.881463E+0	-2.347426E+1	1.476741E-2	2.393829E+3	-1.891841E+3	4.666700E+3	-2.881411E+3	7.265111E+3	-1.076690E+4	8.575409E+3	-1.719820E+4
6.580000E+0	-2.346530E+1	1.776405E+0	-2.346487E+1	1.486321E-2	2.395310E+3	-1.888510E+3	4.667231E+3	-2.879399E+3	7.268118E+3	-1.076500E+4	8.579271E+3	-1.719502E+4
6.590000E+0	-2.345575E+1	1.802614E+0	-2.345532E+1	1.496068E-2	2.395360E+3	-1.888510E+3	4.668550E+3	-2.878030E+3	7.265631E+3	-1.076495E+4	8.580741E+3	-1.719620E+4
6.600000E+0	-2.344648E+1	1.921842E+0	-2.344605E+1	1.505526E-2	2.395704E+3	-1.888510E+3	4.668550E+3	-2.877686E+3	7.266662E+3	-1.076462E+4	8.581772E+3	-1.719551E+4
6.610000E+0	-2.343668E+1	1.849586E+0	-2.343625E+1	1.515525E-2	2.396047E+3	-1.888510E+3	4.668550E+3	-2.877343E+3	7.267692E+3	-1.076428E+4	8.582802E+3	-1.719483E+4
6.620000E+0	-2.342683E+1	1.788784E+0	-2.342640E+1	1.525578E-2	2.396391E+3	-1.888510E+3	4.668550E+3	-2.876999E+3	7.268723E+3	-1.076395E+4	8.583833E+3	-1.719414E+4
6.630000E+0	-2.341696E+1	1.834619E+0	-2.341653E+1	1.535654E-2	2.396734E+3	-1.888510E+3	4.668550E+3	-2.876656E+3	7.269753E+3	-1.076361E+4	8.584863E+3	-1.719345E+4
6.640000E+0	-2.340688E+1	1.873164E+0	-2.340645E+1	1.545939E-2	2.397078E+3	-1.888510E+3	4.668550E+3	-2.876312E+3	7.270784E+3	-1.076328E+4	8.585894E+3	-1.719276E+4
6.650000E+0	-2.339719E+1	1.888988E+0	-2.339676E+1	1.555820E-2	2.397514E+3	-1.889570E+3	4.669258E+3	-2.875876E+3	7.271384E+3	-1.076320E+4	8.585786E+3	-1.719260E+4
6.660000E+0	-2.338735E+1	1.861332E+0	-2.338693E+1	1.565860E-2	2.397979E+3	-1.890963E+3	4.670188E+3	-2.875411E+3	7.271849E+3	-1.076320E+4	8.585321E+3	-1.719260E+4
6.670000E+0	-2.337669E+1	1.756065E+0	-2.337626E+1	1.576745E-2	2.398444E+3	-1.892356E+3	4.671118E+3	-2.874946E+3	7.272314E+3	-1.076320E+4	8.584856E+3	-1.719260E+4
6.680000E+0	-2.336589E+1	1.813860E+0	-2.336546E+1	1.587764E-2	2.398909E+3	-1.893748E+3	4.672049E+3	-2.874481E+3	7.272779E+3	-1.076320E+4	8.584391E+3	-1.719260E+4
6.690000E+0	-2.335541E+1	1.953053E+0	-2.335498E+1	1.598457E-2	2.398750E+3	-1.894569E+3	4.671990E+3	-2.874380E+3	7.273138E+3	-1.076293E+4	8.585069E+3	-1.719235E+4
6.700000E+0	-2.334465E+1	1.937768E+0	-2.334423E+1	1.609431E-2	2.398419E+3	-1.895232E+3	4.671659E+3	-2.874380E+3	7.273468E+3	-1.076259E+4	8.586062E+3	-1.719203E+4
6.710000E+0	-2.333432E+1	1.785078E+0	-2.333389E+1	1.619978E-2	2.398088E+3	-1.895894E+3	4.671328E+3	-2.874380E+3	7.273797E+3	-1.076225E+4	8.587056E+3	-1.719170E+4
6.720000E+0	-2.332454E+1	1.792279E+0	-2.332411E+1	1.629958E-2	2.397757E+3	-1.896557E+3	4.670997E+3	-2.874380E+3	7.274126E+3	-1.076191E+4	8.588050E+3	-1.719138E+4
6.730000E+0	-2.331510E+1	1.993414E+0	-2.331467E+1	1.639592E-2	2.397425E+3	-1.897219E+3	4.670665E+3	-2.874380E+3	7.274456E+3	-1.076157E+4	8.589044E+3	-1.719106E+4
6.740000E+0	-2.330563E+1	1.905558E+0	-2.330520E+1	1.649249E-2	2.397160E+3	-1.897750E+3	4.670594E+3	-2.874574E+3	7.274914E+3	-1.076130E+4	8.589452E+3	-1.719099E+4
6.750000E+0	-2.329574E+1	1.801511E+0	-2.329531E+1	1.659345E-2	2.397160E+3	-1.897750E+3	4.671570E+3	-2.875550E+3	7.275890E+3	-1.076130E+4	8.587500E+3	-1.719194E+4
6.760000E+0	-2.328617E+1	1.794361E+0	-2.328575E+1	1.669104E-2	2.397238E+3	-1.897672E+3	4.672328E+3	-2.876152E+3	7.276726E+3	-1.076122E+4	8.586374E+3	-1.719237E+4
6.770000E+0	-2.327671E+1	1.881523E+0	-2.327628E+1	1.678766E-2	2.397496E+3	-1.897414E+3	4.672586E+3	-2.875894E+3	7.277242E+3	-1.076097E+4	8.587147E+3	-1.719160E+4
6.780000E+0	-2.326733E+1	1.903397E+0	-2.326691E+1	1.688328E-2	2.397753E+3	-1.897157E+3	4.672843E+3	-2.875637E+3	7.277757E+3	-1.076072E+4	8.587920E+3	-1.719084E+4
6.790000E+0	-2.325790E+1	1.801446E+0	-2.325747E+1	1.697953E-2	2.398011E+3	-1.896899E+3	4.673101E+3	-2.875379E+3	7.278272E+3	-1.076047E+4	8.588693E+3	-1.719007E+4
6.800000E+0	-2.324787E+1	1.768109E+0	-2.324745E+1	1.708186E-2	2.398269E+3	-1.896641E+3	4.673359E+3	-2.875121E+3	7.278787E+3	-1.076022E+4	8.589466E+3	-1.718930E+4
6.810000E+0	-2.323800E+1	1.859388E+0	-2.323757E+1	1.718264E-2	2.398526E+3	-1.896384E+3	4.673616E+3	-2.874864E+3	7.279303E+3	-1.075997E+4	8.590239E+3	-1.718854E+4
6.820000E+0	-2.322866E+1	1.936988E+0	-2.322823E+1	1.727793E-2	2.398784E+3	-1.896126E+3	4.673874E+3	-2.874606E+3	7.279818E+3	-1.075972E+4	8.591012E+3	-1.718777E+4
6.830000E+0	-2.321915E+1	1.906911E+0	-2.321872E+1	1.737499E-2	2.399010E+3	-1.895474E+3	4.674100E+3	-2.874380E+3	7.280128E+3	-1.075950E+4	8.591831E+3	-1.718724E+4
6.840000E+0	-2.320883E+1	1.819860E+0	-2.320840E+1	1.748027E-2	2.399010E+3	-1.892002E+3	4.674100E+3	-2.874380E+3	7.278968E+3	-1.075950E+4	8.592985E+3	-1.718837E+4
6.850000E+0	-2.319824E+1	1.827269E+0	-2.319781E+1	1.758830E-2	2.398714E+3	-1.890360E+3	4.674100E+3	-2.874084E+3	7.279309E+3	-1.075950E+4	8.594122E+3	-1.718831E+4
6.860000E+0	-2.318828E+1	1.923945E+0	-2.318785E+1	1.768997E-2	2.398152E+3	-1.890360E+3	4.674100E+3	-2.873522E+3	7.280995E+3	-1.075950E+4	8.595247E+3	-1.718718E+4
6.870000E+0	-2.317892E+1	1.927619E+0	-2.317850E+1	1.778542E-2	2.397590E+3	-1.890360E+3	4.674100E+3	-2.872960E+3	7.282681E+3	-1.075950E+4	8.596371E+3	-1.718606E+4
6.880000E+0	-2.316921E+1	1.888857E+0	-2.316878E+1	1.788456E-2	2.397412E+3	-1.890444E+3	4.674100E+3	-2.872530E+3	7.284054E+3	-1.075941E+4	8.597146E+3	-1.718529E+4
6.890000E+0	-2.315992E+1	1.823627E+0	-2.315949E+1	1.797940E-2	2.398482E+3	-1.890801E+3	4.674100E+3	-2.872530E+3	7.284411E+3	-1.075905E+4	8.596789E+3	-1.718565E+4
6.900000E+0	-2.315076E+1	1.903684E+0	-2.315033E+1	1.807286E-2	2.399552E+3	-1.891157E+3	4.674100E+3	-2.872530E+3	7.284767E+3	-1.075868E+4	8.596433E+3	-1.718602E+4
6.910000E+0	-2.314079E+1	1.944534E+0	-2.314036E+1	1.817455E-2	2.400622E+3	-1.891514E+3	4.674100E+3	-2.872530E+3	7.285124E+3	-1.075831E+4	8.596076E+3	-1.718639E+4
6.920000E+0	-2.313086E+1	1.851316E+0	-2.313043E+1	1.827586E-2	2.401691E+3	-1.891870E+3	4.674100E+3	-2.872530E+3	7.285480E+3	-1.075795E+4	8.595720E+3	-1.718675E+4
6.930000E+0	-2.312149E+1	1.813855E+0	-2.312106E+1	1.837149E-2	2.402741E+3	-1.892271E+3	4.674161E+3	-2.872499E+3	7.285789E+3	-1.075757E+4	8.595441E+3	-1.718707E+4
6.940000E+0	-2.311244E+1	1.923882E+0	-2.311202E+1	1.846380E-2	2.403381E+3	-1.893548E+3	4.675441E+3	-2.871859E+3	7.285149E+3	-1.075695E+4	8.596721E+3	-1.718641E+4
6.950000E+0	-2.310305E+1	1.987943E+0	-2.310262E+1	1.855966E-2	2.404021E+3	-1.894824E+3	4.676722E+3	-2.871219E+3	7.284509E+3	-1.075632E+4	8.598002E+3	-1.718575E+4
6.960000E+0	-2.309354E+1	1.916313E+0	-2.309312E+1	1.865666E-2	2.404427E+3	-1.895900E+3	4.677667E+3	-2.870746E+3	7.284036E+3	-1.075586E+4	8.598947E+3	-1.718520E+4
6.970000E+0	-2.308394E+1	1.877781E+0	-2.308351E+1	1.875466E-2	2.403584E+3	-1.895900E+3	4.676824E+3	-2.871168E+3	7.284458E+3	-1.075627E+4	8.598104E+3	-1.718520E+4
6.980000E+0	-2.307399E+1	1.856147E+0	-2.307357E+1	1.885615E-2	2.402741E+3	-1.895900E+3	4.675981E+3	-2.871590E+3	7.284880E+3	-1.075668E+4	8.597261E+3	-1.718520E+4
6.990000E+0	-2.306419E+1	1.915826E+0	-2.306376E+1	1.895616E-2	2.401898E+3	-1.895900E+3	4.675138E+3	-2.872011E+3	7.285301E+3	-1.075710E+4	8.596418E+3	-1.718520E+4
7.000000E+0	-2.305462E+1	1.990399E+0	-2.305420E+1	1.905380E-2	2.401055E+3	-1.895900E+3	4.674295E+3	-2.872433E+3	7.285723E+3	-1.075751E+4	8.595575E+3	-1.718520E+4
7.010000E+0	-2.304554E+1	1.886503E+0	-2.304512E+1	1.914645E-2	2.400860E+3	-1.895281E+3	4.674410E+3	-2.872530E+3	7.286440E+3	-1.075698E+4	8.596621E+3	-1.718458E+4
7.020000E+0	-2.303696E+1	1.848026E+0	-2.303653E+1	1.923407E-2	2.400860E+3	-1.894477E+3	4.674813E+3	-2.872530E+3	7.287247E+3	-1.075617E+4	8.598234E+3	-1.718377E+4
7.030000E+0	-2.302805E+1	2.001517E+0	-2.302762E+1	1.932500E-2	2.400860E+3	-1.893673E+3	4.675217E+3	-2.872530E+3	7.288053E+3	-1.075537E+4	8.599847E+3	-1.718297E+4
7.040000E+0	-2.301851E+1	1.949877E+0	-2.301808E+1	1.942232E-2	2.400860E+3	-1.892868E+3	4.675620E+3	-2.872530E+3	7.288860E+3	-1.075456E+4	8.601460E+3	-1.718216E+4
7.050000E+0	-2.300817E+1	1.809022E+0	-2.300774E+1	1.952784E-2	2.400744E+3	-1.892210E+3	4.676066E+3	-2.872414E+3	7.289636E+3	-1.075390E+4	8.603128E+3	-1.718139E+4
7.060000E+0	-2.299740E+1	1.800000E+0	-2.299697E+1	1.963774E-2	2.400104E+3	-1.892210E+3	4.676706E+3	-2.871774E+3	7.290276E+3	-1.075390E+4	8.605047E+3	-1.718076E+4
7.070000E+0	-2.298648E+1	1.925360E+0	-2.298605E+1	1.974919E-2	2.399465E+3	-1.892210E+3	4.677345E+3	-2.871135E+3	7.290915E+3	-1.075390E+4	8.606966E+3	-1.718014E+4
7.080000E+0	-2.297546E+1	1.972576E+0	-2.297503E+1	1.986163E-2	2.399434E+3	-1.892210E+3	4.678082E+3	-2.870680E+3	7.291511E+3	-1.075390E+4	8.608330E+3	-1.717956E+4
7.090000E+0	-2.296485E+1	1.871029E+0	-2.296442E+1	1.996989E-2	2.400898E+3	-1.892210E+3	4.679059E+3	-2.870680E+3	7.291999E+3	-1.075390E+4	8.608330E+3	-1.717905E+4
7.100000E+0	-2.295442E+1	1.843094E+0	-2.295399E+1	2.007629E-2	2.402362E+3	-1.892210E+3	4.680035E+3	-2.870680E+3	7.292487E+3	-1.075390E+4	8.608330E+3	-1.717855E+4
7.110000E+0	-2.294425E+1	1.956611E+0	-2.294382E+1	2.018006E-2	2.403827E+3	-1.892210E+3	4.681011E+3	-2.870680E+3	7.292976E+3	-1.075390E+4	8.608330E+3	-1.717805E+4
7.120000E+0	-2.293463E+1	2.025382E+0	-2.293420E+1	2.027822E-2	2.404797E+3	-1.892921E+3	4.681263E+3	-2.870443E+3	7.293695E+3	-1.075367E+4	8.608093E+3	-1.717804E+4
7.130000E+0	-2.292473E+1	1.935824E+0	-2.292430E+1	2.037925E-2	2.405273E+3	-1.894345E+3	4.680787E+3	-2.869967E+3	7.294646E+3	-1.075321E+4	8.607617E+3	-1.717853E+4
7.140000E+0	-2.291491E+1	1.857600E+0	-2.291448E+1	2.047947E-2	2.405749E+3	-1.895770E+3	4.680311E+3	-2.869491E+3	7.295597E+3	-1.075274E+4	8.607141E+3	-1.717902E+4
7.150000E+0	-2.290568E+1	1.857611E+0	-2.290526E+1	2.057359E-2	2.406224E+3	-1.897194E+3	4.679836E+3	-2.869016E+3	7.296549E+3	-1.075228E+4	8.606666E+3	-1.717951E+4
7.160000E+0	-2.289657E+1	1.901968E+0	-2.289615E+1	2.066655E-2	2.406693E+3	-1.898033E+3	4.680215E+3	-2.868830E+3	7.297485E+3	-1.075210E+4	8.607328E+3	-1.717913E+4
7.170000E+0	-2.288701E+1	1.927009E+0	-2.288659E+1	2.076410E-2	2.407156E+3	-1.898496E+3	4.681143E+3	-2.868830E+3	7.298413E+3	-1.075210E+4	8.608719E+3	-1.717821E+4
7.180000E+0	-2.287754E+1	1.940362E+0	-2.287712E+1	2.086074E-2	2.407620E+3	-1.898960E+3	4.682070E+3	-2.868830E+3	7.299340E+3	-1.075210E+4	8.610111E+3	-1.717728E+4
7.190000E+0	-2.286905E+1	1.833092E+0	-2.286862E+1	2.094743E-2	2.408084E+3	-1.899424E+3	4.682998E+3	-2.868830E+3	7.300268E+3	-1.075210E+4	8.611502E+3	-1.717635E+4
7.200000E+0	-2.285963E+1	1.932108E+0	-2.285920E+1	2.104353E-2	2.408260E+3	-1.899888E+3	4.683350E+3	-2.868830E+3	7.301195E+3	-1.075180E+4	8.612030E+3	-1.717570E+4
7.210000E+0	-2.284955E+1	2.033450E+0	-2.284912E+1	2.114641E-2	2.408260E+3	-1.900351E+3	4.683350E+3	-2.868830E+3	7.302123E+3	-1.075133E+4	8.612030E+3	-1.717523E+4
7.220000E+0	-2.283967E+1	1.918671E+0	-2.283924E+1	2.124720E-2	2.408260E+3	-1.900815E+3	4.683350E+3	-2.868830E+3	7.303050E+3	-1.075085E+4	8.612030E+3	-1.717475E+4
7.230000E+0	-2.282929E+1	1.896755E+0	-2.282887E+1	2.135309E-2	2.408260E+3	-1.901279E+3	4.683350E+3	-2.868830E+3	7.303978E+3	-1.075038E+4	8.612030E+3	-1.717428E+4
7.240000E+0	-2.281875E+1	1.968646E+0	-2.281833E+1	2.146063E-2	2.408125E+3	-1.901181E+3	4.683215E+3	-2.868695E+3	7.304320E+3	-1.075007E+4	8.612434E+3	-1.717397E+4
7.250000E+0	-2.280839E+1	1.984315E+0	-2.280797E+1	2.156635E-2	2.407912E+3	-1.900755E+3	4.683002E+3	-2.868482E+3	7.304320E+3	-1.074986E+4	8.613073E+3	-1.717376E+4
7.260000E+0	-2.279796E+1	1.926078E+0	-2.279753E+1	2.167282E-2	2.407699E+3	-1.900328E+3	4.682789E+3	-2.868269E+3	7.304320E+3	-1.074965E+4	8.613713E+3	-1.717355E+4
7.270000E+0	-2.278694E+1	1.868948E+0	-2.278651E+1	2.178526E-2	2.407486E+3	-1.899902E+3	4.682576E+3	-2.868056E+3	7.304320E+3	-1.074945E+4	8.614352E+3	-1.717335E+4
7.280000E+0	-2.277651E+1	1.887341E+0	-2.277608E+1	2.189170E-2	2.407273E+3	-1.899475E+3	4.682363E+3	-2.867843E+3	7.304320E+3	-1.074924E+4	8.614992E+3	-1.717314E+4
7.290000E+0	-2.276645E+1	1.982781E+0	-2.276602E+1	2.199435E-2	2.407059E+3	-1.899049E+3	4.682149E+3	-2.867629E+3	7.304320E+3	-1.074903E+4	8.615632E+3	-1.717293E+4
7.300000E+0	-2.275626E+1	1.975999E+0	-2.275583E+1	2.209834E-2	2.406846E+3	-1.898622E+3	4.681936E+3	-2.867416E+3	7.304320E+3	-1.074882E+4	8.616271E+3	-1.717272E+4
7.310000E+0	-2.274609E+1	1.847183E+0	-2.274566E+1	2.220208E-2	2.406633E+3	-1.898196E+3	4.681723E+3	-2.867203E+3	7.304320E+3	-1.074862E+4	8.616911E+3	-1.717252E+4
7.320000E+0	-2.273663E+1	1.865015E+0	-2.273620E+1	2.229862E-2	2.406420E+3	-1.897770E+3	4.681510E+3	-2.866990E+3	7.304320E+3	-1.074841E+4	8.617551E+3	-1.717231E+4
7.330000E+0	-2.272763E+1	2.001585E+0	-2.272720E+1	2.239045E-2	2.406410E+3	-1.897197E+3	4.682606E+3	-2.866427E+3	7.304873E+3	-1.074840E+4	8.618686E+3	-1.717173E+4
7.340000E+0	-2.271810E+1	1.999256E+0	-2.271767E+1	2.248774E-2	2.406410E+3	-1.896617E+3	4.683766E+3	-2.865847E+3	7.305453E+3	-1.074840E+4	8.619846E+3	-1.717114E+4
7.350000E+0	-2.270853E+1	1.956490E+0	-2.270810E+1	2.258534E-2	2.406410E+3	-1.896038E+3	4.684925E+3	-2.865268E+3	7.306032E+3	-1.074840E+4	8.621005E+3	-1.717054E+4
7.360000E+0	-2.269944E+1	1.839870E+0	-2.269901E+1	2.267815E-2	2.407038E+3	-1.895900E+3	4.685200E+3	-2.865444E+3	7.306484E+3	-1.074840E+4	8.621280E+3	-1.717009E+4
7.370000E+0	-2.269049E+1	1.909472E+0	-2.269006E+1	2.276944E-2	2.407862E+3	-1.895900E+3	4.685200E+3	-2.865856E+3	7.306896E+3	-1.074840E+4	8.621280E+3	-1.716969E+4
7.380000E+0	-2.268092E+1	2.029897E+0	-2.268049E+1	2.286709E-2	2.408686E+3	-1.895900E+3	4.685200E+3	-2.866268E+3	7.307308E+3	-1.074840E+4	8.621280E+3	-1.716929E+4
7.390000E+0	-2.267169E+1	1.973310E+0	-2.267126E+1	2.296134E-2	2.409510E+3	-1.895900E+3	4.685200E+3	-2.866680E+3	7.307720E+3	-1.074840E+4	8.621280E+3	-1.716889E+4
7.400000E+0	-2.266279E+1	1.909281E+0	-2.266236E+1	2.305209E-2	2.410263E+3	-1.896206E+3	4.685506E+3	-2.866674E+3	7.308020E+3	-1.074840E+4	8.621280E+3	-1.716875E+4
7.410000E+0	-2.265383E+1	1.948010E+0	-2.265340E+1	2.314356E-2	2.410826E+3	-1.897331E+3	4.686631E+3	-2.865549E+3	7.308020E+3	-1.074840E+4	8.621280E+3	-1.716930E+4
7.420000E+0	-2.264466E+1	1.986651E+0	-2.264423E+1	2.323708E-2	2.411388E+3	-1.898456E+3	4.687756E+3	-2.864424E+3	7.308020E+3	-1.074840E+4	8.621280E+3	-1.716984E+4
7.430000E+0	-2.263551E+1	1.975829E+0	-2.263508E+1	2.333049E-2	2.411951E+3	-1.899581E+3	4.688881E+3	-2.863299E+3	7.308020E+3	-1.074840E+4	8.621280E+3	-1.717039E+4
7.440000E+0	-2.262633E+1	1.931747E+0	-2.262590E+1	2.342418E-2	2.411960E+3	-1.900008E+3	4.688900E+3	-2.863280E+3	7.308156E+3	-1.074826E+4	8.621144E+3	-1.717054E+4
7.450000E+0	-2.261627E+1	1.919589E+0	-2.261585E+1	2.352675E-2	2.411960E+3	-1.900424E+3	4.688900E+3	-2.863280E+3	7.308295E+3	-1.074812E+4	8.621005E+3	-1.717068E+4
7.460000E+0	-2.260557E+1	2.025447E+0	-2.260514E+1	2.363601E-2	2.411960E+3	-1.900839E+3	4.688900E+3	-2.863280E+3	7.308433E+3	-1.074798E+4	8.620867E+3	-1.717082E+4
7.470000E+0	-2.259523E+1	2.036346E+0	-2.259481E+1	2.374146E-2	2.411960E+3	-1.901254E+3	4.688900E+3	-2.863280E+3	7.308571E+3	-1.074783E+4	8.620729E+3	-1.717097E+4
7.480000E+0	-2.258550E+1	1.903183E+0	-2.258507E+1	2.384082E-2	2.411960E+3	-1.901670E+3	4.688900E+3	-2.863280E+3	7.308710E+3	-1.074769E+4	8.620590E+3	-1.717111E+4
7.490000E+0	-2.257486E+1	1.850231E+0	-2.257443E+1	2.394933E-2	2.411960E+3	-1.902085E+3	4.688900E+3	-2.863280E+3	7.308848E+3	-1.074755E+4	8.620452E+3	-1.717125E+4
7.500000E+0	-2.256424E+1	2.058232E+0	-2.256381E+1	2.405772E-2	2.411960E+3	-1.902500E+3	4.688900E+3	-2.863280E+3	7.308987E+3	-1.074741E+4	8.620313E+3	-1.717139E+4
7.510000E+0	-2.255454E+1	2.081178E+0	-2.255411E+1	2.415669E-2	2.411960E+3	-1.902915E+3	4.688900E+3	-2.863280E+3	7.309125E+3	-1.074726E+4	8.620175E+3	-1.717154E+4
7.520000E+0	-2.254498E+1	1.960322E+0	-2.254455E+1	2.425428E-2	2.411960E+3	-1.903331E+3	4.688900E+3	-2.863280E+3	7.309264E+3	-1.074712E+4	8.620036E+3	-1.717168E+4
7.530000E+0	-2.253531E+1	1.886152E+0	-2.253489E+1	2.435287E-2	2.411960E+3	-1.903746E+3	4.688900E+3	-2.863280E+3	7.309402E+3	-1.074698E+4	8.619898E+3	-1.717182E+4
7.540000E+0	-2.252561E+1	1.937253E+0	-2.252518E+1	2.445195E-2	2.411960E+3	-1.904161E+3	4.688900E+3	-2.863280E+3	7.309540E+3	-1.074684E+4	8.619760E+3	-1.717196E+4
7.550000E+0	-2.251550E+1	2.063317E+0	-2.251507E+1	2.455504E-2	2.411960E+3	-1.904577E+3	4.688900E+3	-2.863280E+3	7.309679E+3	-1.074670E+4	8.619621E+3	-1.717210E+4
7.560000E+0	-2.250568E+1	2.006348E+0	-2.250525E+1	2.465530E-2	2.411960E+3	-1.904992E+3	4.688900E+3	-2.863280E+3	7.309817E+3	-1.074655E+4	8.619483E+3	-1.717225E+4
7.570000E+0	-2.249694E+1	1.936506E+0	-2.249651E+1	2.474446E-2	2.409536E+3	-1.900876E+3	4.686476E+3	-2.863854E+3	7.311720E+3	-1.074650E+4	8.621854E+3	-1.716729E+4
7.580000E+0	-2.248821E+1	1.963098E+0	-2.248778E+1	2.483358E-2	2.408608E+3	-1.899948E+3	4.685548E+3	-2.864782E+3	7.311720E+3	-1.074650E+4	8.622782E+3	-1.716824E+4
7.590000E+0	-2.247967E+1	2.010886E+0	-2.247925E+1	2.492064E-2	2.408681E+3	-1.896321E+3	4.688900E+3	-2.865130E+3	7.311509E+3	-1.074470E+4	8.625987E+3	-1.716692E+4
7.600000E+0	-2.247137E+1	2.033608E+0	-2.247094E+1	2.500539E-2	2.409356E+3	-1.896996E+3	4.688900E+3	-2.865130E+3	7.311172E+3	-1.074470E+4	8.624638E+3	-1.716726E+4
7.610000E+0	-2.246196E+1	1.975342E+0	-2.246153E+1	2.510143E-2	2.410030E+3	-1.897670E+3	4.688900E+3	-2.865130E+3	7.310835E+3	-1.074470E+4	8.623289E+3	-1.716761E+4
7.620000E+0	-2.245232E+1	1.875020E+0	-2.245189E+1	2.519977E-2	2.410705E+3	-1.898345E+3	4.688900E+3	-2.865130E+3	7.310498E+3	-1.074470E+4	8.621940E+3	-1.716796E+4
7.630000E+0	-2.244245E+1	1.981081E+0	-2.244202E+1	2.530046E-2	2.411379E+3	-1.899019E+3	4.688900E+3	-2.865130E+3	7.310160E+3	-1.074470E+4	8.620591E+3	-1.716830E+4
7.640000E+0	-2.243153E+1	2.045282E+0	-2.243111E+1	2.541185E-2	2.411960E+3	-1.899736E+3	4.688900E+3	-2.865266E+3	7.309870E+3	-1.074483E+4	8.619702E+3	-1.716846E+4
7.650000E+0	-2.242048E+1	1.970045E+0	-2.242005E+1	2.552464E-2	2.411960E+3	-1.900712E+3	4.688900E+3	-2.866242E+3	7.309870E+3	-1.074578E+4	8.621655E+3	-1.716746E+4
7.660000E+0	-2.241015E+1	1.951801E+0	-2.240972E+1	2.563006E-2	2.411920E+3	-1.901410E+3	4.688900E+3	-2.866940E+3	7.309950E+3	-1.074646E+4	8.623090E+3	-1.716670E+4
7.670000E+0	-2.239992E+1	2.055676E+0	-2.239949E+1	2.573444E-2	2.411758E+3	-1.901248E+3	4.688900E+3	-2.866778E+3	7.310275E+3	-1.074630E+4	8.622928E+3	-1.716670E+4
7.680000E+0	-2.238968E+1	2.048553E+0	-2.238925E+1	2.583891E-2	2.411595E+3	-1.901085E+3	4.688900E+3	-2.866615E+3	7.310600E+3	-1.074614E+4	8.622765E+3	-1.716670E+4
7.690000E+0	-2.237944E+1	1.984590E+0	-2.237901E+1	2.594346E-2	2.411432E+3	-1.900922E+3	4.688900E+3	-2.866452E+3	7.310926E+3	-1.074599E+4	8.622602E+3	-1.716670E+4
7.700000E+0	-2.236922E+1	1.973463E+0	-2.236879E+1	2.604772E-2	2.411269E+3	-1.900759E+3	4.688900E+3	-2.866289E+3	7.311251E+3	-1.074583E+4	8.622439E+3	-1.716670E+4
7.710000E+0	-2.235933E+1	1.951733E+0	-2.235890E+1	2.614866E-2	2.411107E+3	-1.900597E+3	4.688900E+3	-2.866127E+3	7.311577E+3	-1.074567E+4	8.622277E+3	-1.716670E+4
7.720000E+0	-2.234922E+1	2.092745E+0	-2.234880E+1	2.625176E-2	2.410944E+3	-1.900434E+3	4.688900E+3	-2.865964E+3	7.311902E+3	-1.074551E+4	8.622114E+3	-1.716670E+4
7.730000E+0	-2.233910E+1	2.134750E+0	-2.233867E+1	2.635510E-2	2.410781E+3	-1.900271E+3	4.688900E+3	-2.865801E+3	7.312228E+3	-1.074535E+4	8.621951E+3	-1.716670E+4
7.740000E+0	-2.232953E+1	1.972644E+0	-2.232911E+1	2.645268E-2	2.410619E+3	-1.900109E+3	4.688900E+3	-2.865639E+3	7.312553E+3	-1.074519E+4	8.621789E+3	-1.716670E+4
7.750000E+0	-2.232083E+1	1.968292E+0	-2.232040E+1	2.654153E-2	2.410456E+3	-1.899946E+3	4.688900E+3	-2.865476E+3	7.312878E+3	-1.074504E+4	8.621626E+3	-1.716670E+4
7.760000E+0	-2.231176E+1	2.041550E+0	-2.231134E+1	2.663400E-2	2.410293E+3	-1.899783E+3	4.688900E+3	-2.865313E+3	7.313204E+3	-1.074488E+4	8.621463E+3	-1.716670E+4
7.770000E+0	-2.230136E+1	1.994041E+0	-2.230094E+1	2.674013E-2	2.410130E+3	-1.899620E+3	4.688900E+3	-2.865150E+3	7.313529E+3	-1.074472E+4	8.621300E+3	-1.716670E+4
7.780000E+0	-2.229063E+1	1.973300E+0	-2.229020E+1	2.684964E-2	2.412909E+3	-1.900549E+3	4.688449E+3	-2.863731E+3	7.315918E+3	-1.074280E+4	8.626379E+3	-1.716254E+4
7.790000E+0	-2.228071E+1	1.870792E+0	-2.228028E+1	2.695087E-2	2.411878E+3	-1.899518E+3	4.687934E+3	-2.864246E+3	7.314372E+3	-1.074280E+4	8.625864E+3	-1.716407E+4
7.800000E+0	-2.227109E+1	1.892035E+0	-2.227066E+1	2.704903E-2	2.410847E+3	-1.898487E+3	4.687419E+3	-2.864761E+3	7.312826E+3	-1.074280E+4	8.625349E+3	-1.716560E+4
7.810000E+0	-2.226153E+1	2.093299E+0	-2.226110E+1	2.714661E-2	2.410378E+3	-1.897750E+3	4.687229E+3	-2.865041E+3	7.311809E+3	-1.074280E+4	8.625069E+3	-1.716661E+4
7.820000E+0	-2.225187E+1	2.081117E+0	-2.225145E+1	2.724513E-2	2.411322E+3	-1.897750E+3	4.687858E+3	-2.864726E+3	7.312124E+3	-1.074280E+4	8.625384E+3	-1.716631E+4
7.830000E+0	-2.224240E+1	1.936525E+0	-2.224198E+1	2.734175E-2	2.412265E+3	-1.897750E+3	4.688486E+3	-2.864412E+3	7.312438E+3	-1.074280E+4	8.625698E+3	-1.716600E+4
7.840000E+0	-2.223330E+1	2.010211E+0	-2.223287E+1	2.743467E-2	2.413208E+3	-1.897750E+3	4.689115E+3	-2.864097E+3	7.312753E+3	-1.074280E+4	8.626013E+3	-1.716570E+4
7.850000E+0	-2.222377E+1	2.176431E+0	-2.222334E+1	2.753190E-2	2.414151E+3	-1.897750E+3	4.689744E+3	-2.863783E+3	7.313067E+3	-1.074280E+4	8.626327E+3	-1.716539E+4
7.860000E+0	-2.221378E+1	2.077546E+0	-2.221335E+1	2.763388E-2	2.415094E+3	-1.897750E+3	4.690373E+3	-2.863469E+3	7.313381E+3	-1.074280E+4	8.626641E+3	-1.716508E+4
7.870000E+0	-2.220388E+1	1.913742E+0	-2.220345E+1	2.773489E-2	2.415660E+3	-1.899891E+3	4.690750E+3	-2.863280E+3	7.311866E+3	-1.074455E+4	8.621571E+3	-1.716656E+4
7.880000E+0	-2.219403E+1	1.946380E+0	-2.219360E+1	2.783536E-2	2.415660E+3	-1.900619E+3	4.690750E+3	-2.863280E+3	7.312229E+3	-1.074418E+4	8.622299E+3	-1.716620E+4
7.890000E+0	-2.218432E+1	2.081450E+0	-2.218389E+1	2.793448E-2	2.415660E+3	-1.901346E+3	4.690750E+3	-2.863280E+3	7.312593E+3	-1.074380E+4	8.623026E+3	-1.716585E+4
7.900000E+0	-2.217426E+1	2.089867E+0	-2.217383E+1	2.803709E-2	2.415660E+3	-1.902073E+3	4.690750E+3	-2.863280E+3	7.312957E+3	-1.074343E+4	8.623753E+3	-1.716550E+4
7.910000E+0	-2.216427E+1	1.944173E+0	-2.216384E+1	2.813905E-2	2.415660E+3	-1.902801E+3	4.690750E+3	-2.863280E+3	7.313320E+3	-1.074306E+4	8.624481E+3	-1.716514E+4
7.920000E+0	-2.215509E+1	1.884254E+0	-2.215467E+1	2.823268E-2	2.415660E+3	-1.903300E+3	4.690534E+3	-2.863496E+3	7.313354E+3	-1.074302E+4	8.624333E+3	-1.716511E+4
7.930000E+0	-2.214597E+1	2.061198E+0	-2.214555E+1	2.832574E-2	2.415660E+3	-1.903300E+3	4.689847E+3	-2.864183E+3	7.312667E+3	-1.074373E+4	8.622272E+3	-1.716578E+4
7.940000E+0	-2.213652E+1	2.117062E+0	-2.213610E+1	2.842216E-2	2.415660E+3	-1.903300E+3	4.689160E+3	-2.864870E+3	7.311980E+3	-1.074443E+4	8.620211E+3	-1.716645E+4
7.950000E+0	-2.212698E+1	1.971093E+0	-2.212655E+1	2.851957E-2	2.415263E+3	-1.902506E+3	4.688900E+3	-2.864733E+3	7.312514E+3	-1.074391E+4	8.620621E+3	-1.716552E+4
7.960000E+0	-2.211733E+1	1.916380E+0	-2.211690E+1	2.861800E-2	2.414623E+3	-1.901226E+3	4.688900E+3	-2.864093E+3	7.313794E+3	-1.074263E+4	8.622540E+3	-1.716362E+4
7.970000E+0	-2.210775E+1	2.063988E+0	-2.210732E+1	2.871582E-2	2.413984E+3	-1.899947E+3	4.688900E+3	-2.863454E+3	7.315073E+3	-1.074135E+4	8.624459E+3	-1.716172E+4
7.980000E+0	-2.209809E+1	2.114780E+0	-2.209766E+1	2.881438E-2	2.413810E+3	-1.899025E+3	4.688900E+3	-2.863280E+3	7.315132E+3	-1.074100E+4	8.625268E+3	-1.716178E+4
7.990000E+0	-2.208811E+1	1.989738E+0	-2.208768E+1	2.891623E-2	2.413810E+3	-1.898236E+3	4.688900E+3	-2.863280E+3	7.314738E+3	-1.074100E+4	8.625662E+3	-1.716256E+4
8.000000E+0	-2.207842E+1	1.969717E+0	-2.207799E+1	2.901509E-2	2.413810E+3	-1.897446E+3	4.688900E+3	-2.863280E+3	7.314343E+3	-1.074100E+4	8.626057E+3	-1.716335E+4
8.010000E+0	-2.206857E+1	1.988579E+0	-2.206814E+1	2.911558E-2	2.413810E+3	-1.896657E+3	4.688900E+3	-2.863280E+3	7.313948E+3	-1.074100E+4	8.626452E+3	-1.716414E+4
8.020000E+0	-2.205868E+1	2.007918E+0	-2.205825E+1	2.921652E-2	2.413771E+3	-1.895939E+3	4.688920E+3	-2.863280E+3	7.313590E+3	-1.074100E+4	8.626869E+3	-1.716484E+4
8.030000E+0	-2.204886E+1	2.065909E+0	-2.204843E+1	2.931672E-2	2.412819E+3	-1.896891E+3	4.689395E+3	-2.863280E+3	7.314065E+3	-1.074100E+4	8.627821E+3	-1.716340E+4
8.040000E+0	-2.203867E+1	2.043403E+0	-2.203824E+1	2.942069E-2	2.411868E+3	-1.897842E+3	4.689871E+3	-2.863280E+3	7.314541E+3	-1.074100E+4	8.628772E+3	-1.716196E+4
8.050000E+0	-2.202807E+1	1.937230E+0	-2.202764E+1	2.952883E-2	2.410917E+3	-1.898793E+3	4.690346E+3	-2.863280E+3	7.315016E+3	-1.074100E+4	8.629723E+3	-1.716052E+4
8.060000E+0	-2.201779E+1	2.025247E+0	-2.201736E+1	2.963372E-2	2.410110E+3	-1.899670E+3	4.690820E+3	-2.863350E+3	7.315350E+3	-1.074100E+4	8.630249E+3	-1.715951E+4
8.070000E+0	-2.200823E+1	2.097087E+0	-2.200780E+1	2.973128E-2	2.410110E+3	-1.900134E+3	4.691284E+3	-2.863814E+3	7.314886E+3	-1.074100E+4	8.628394E+3	-1.716092E+4
8.080000E+0	-2.199921E+1	1.989552E+0	-2.199878E+1	2.982337E-2	2.410110E+3	-1.900598E+3	4.691748E+3	-2.864278E+3	7.314422E+3	-1.074100E+4	8.626539E+3	-1.716232E+4
8.090000E+0	-2.198961E+1	1.904292E+0	-2.198918E+1	2.992127E-2	2.410110E+3	-1.901061E+3	4.692211E+3	-2.864741E+3	7.313959E+3	-1.074100E+4	8.624684E+3	-1.716372E+4
8.100000E+0	-2.197912E+1	2.082784E+0	-2.197869E+1	3.002837E-2	2.410298E+3	-1.901638E+3	4.692600E+3	-2.864942E+3	7.313758E+3	-1.074100E+4	8.623318E+3	-1.716471E+4
8.110000E+0	-2.196814E+1	2.156938E+0	-2.196771E+1	3.014040E-2	2.411457E+3	-1.902797E+3	4.692600E+3	-2.863783E+3	7.314917E+3	-1.074100E+4	8.624477E+3	-1.716355E+4
8.120000E+0	-2.195750E+1	2.021005E+0	-2.195707E+1	3.024893E-2	2.412617E+3	-1.903957E+3	4.692600E+3	-2.862623E+3	7.316077E+3	-1.074100E+4	8.625637E+3	-1.716239E+4
8.130000E+0	-2.194781E+1	1.988602E+0	-2.194738E+1	3.034784E-2	2.413776E+3	-1.905116E+3	4.692600E+3	-2.861464E+3	7.317236E+3	-1.074100E+4	8.626796E+3	-1.716123E+4
8.140000E+0	-2.193784E+1	1.982765E+0	-2.193741E+1	3.044957E-2	2.414185E+3	-1.904400E+3	4.692973E+3	-2.861430E+3	7.317270E+3	-1.074061E+4	8.626455E+3	-1.716120E+4
8.150000E+0	-2.192713E+1	2.084526E+0	-2.192670E+1	3.055884E-2	2.414572E+3	-1.903627E+3	4.693358E+3	-2.861430E+3	7.317270E+3	-1.074022E+4	8.626068E+3	-1.716120E+4
8.160000E+0	-2.191629E+1	2.086191E+0	-2.191586E+1	3.066946E-2	2.414958E+3	-1.902854E+3	4.693742E+3	-2.861430E+3	7.317270E+3	-1.073982E+4	8.625682E+3	-1.716120E+4
8.170000E+0	-2.190563E+1	1.974513E+0	-2.190520E+1	3.077823E-2	2.415345E+3	-1.902081E+3	4.694126E+3	-2.861430E+3	7.317270E+3	-1.073942E+4	8.625295E+3	-1.716120E+4
8.180000E+0	-2.189506E+1	1.967310E+0	-2.189463E+1	3.088611E-2	2.415660E+3	-1.901450E+3	4.694251E+3	-2.861430E+3	7.317365E+3	-1.073901E+4	8.625264E+3	-1.716101E+4
8.190000E+0	-2.188479E+1	2.107364E+0	-2.188437E+1	3.099084E-2	2.415660E+3	-1.901450E+3	4.693223E+3	-2.861430E+3	7.317880E+3	-1.073851E+4	8.626810E+3	-1.715998E+4
8.200000E+0	-2.187457E+1	2.167679E+0	-2.187415E+1	3.109513E-2	2.415660E+3	-1.901450E+3	4.692196E+3	-2.861430E+3	7.318395E+3	-1.073801E+4	8.628356E+3	-1.715895E+4
8.210000E+0	-2.186458E+1	2.000462E+0	-2.186416E+1	3.119705E-2	2.415660E+3	-1.901450E+3	4.691168E+3	-2.861430E+3	7.318910E+3	-1.073750E+4	8.629901E+3	-1.715792E+4
8.220000E+0	-2.185495E+1	1.953493E+0	-2.185452E+1	3.129539E-2	2.415553E+3	-1.901343E+3	4.690857E+3	-2.861430E+3	7.319013E+3	-1.073740E+4	8.630423E+3	-1.715771E+4
8.230000E+0	-2.184586E+1	2.083273E+0	-2.184543E+1	3.138814E-2	2.415373E+3	-1.901163E+3	4.691037E+3	-2.861430E+3	7.318833E+3	-1.073758E+4	8.630243E+3	-1.715807E+4
8.240000E+0	-2.183734E+1	2.091713E+0	-2.183692E+1	3.147501E-2	2.415193E+3	-1.900983E+3	4.691217E+3	-2.861430E+3	7.318653E+3	-1.073775E+4	8.630063E+3	-1.715843E+4
8.250000E+0	-2.182817E+1	2.093927E+0	-2.182774E+1	3.156866E-2	2.415013E+3	-1.900803E+3	4.691397E+3	-2.861430E+3	7.318473E+3	-1.073793E+4	8.629883E+3	-1.715879E+4
8.260000E+0	-2.181795E+1	2.017489E+0	-2.181752E+1	3.167289E-2	2.414833E+3	-1.900623E+3	4.691577E+3	-2.861430E+3	7.318293E+3	-1.073810E+4	8.629703E+3	-1.715915E+4
8.270000E+0	-2.180777E+1	2.013515E+0	-2.180734E+1	3.177681E-2	2.414653E+3	-1.900443E+3	4.691757E+3	-2.861430E+3	7.318113E+3	-1.073828E+4	8.629523E+3	-1.715951E+4
8.280000E+0	-2.179708E+1	2.157316E+0	-2.179665E+1	3.188586E-2	2.414473E+3	-1.900263E+3	4.691937E+3	-2.861430E+3	7.317933E+3	-1.073846E+4	8.629343E+3	-1.715987E+4
8.290000E+0	-2.178569E+1	2.063117E+0	-2.178526E+1	3.200213E-2	2.414293E+3	-1.900083E+3	4.692117E+3	-2.861430E+3	7.317753E+3	-1.073863E+4	8.629163E+3	-1.716023E+4
8.300000E+0	-2.177512E+1	1.957356E+0	-2.177469E+1	3.210999E-2	2.414112E+3	-1.899902E+3	4.692298E+3	-2.861430E+3	7.317572E+3	-1.073881E+4	8.628982E+3	-1.716060E+4
8.310000E+0	-2.176531E+1	2.042640E+0	-2.176488E+1	3.221005E-2	2.413932E+3	-1.899722E+3	4.692478E+3	-2.861430E+3	7.317392E+3	-1.073898E+4	8.628802E+3	-1.716096E+4
8.320000E+0	-2.175571E+1	2.092691E+0	-2.175528E+1	3.230799E-2	2.413810E+3	-1.899600E+3	4.692714E+3	-2.861316E+3	7.317384E+3	-1.073899E+4	8.628680E+3	-1.716108E+4
8.330000E+0	-2.174573E+1	2.032481E+0	-2.174530E+1	3.240985E-2	2.413810E+3	-1.899600E+3	4.693069E+3	-2.860959E+3	7.317741E+3	-1.073864E+4	8.628680E+3	-1.716072E+4
8.340000E+0	-2.173539E+1	1.999137E+0	-2.173496E+1	3.251535E-2	2.413810E+3	-1.899600E+3	4.693423E+3	-2.860602E+3	7.318098E+3	-1.073829E+4	8.628680E+3	-1.716035E+4
8.350000E+0	-2.172530E+1	1.989775E+0	-2.172487E+1	3.261837E-2	2.413810E+3	-1.899600E+3	4.693778E+3	-2.860245E+3	7.318455E+3	-1.073795E+4	8.628680E+3	-1.715998E+4
8.360000E+0	-2.171539E+1	2.049007E+0	-2.171496E+1	3.271942E-2	2.413810E+3	-1.899600E+3	4.694133E+3	-2.859889E+3	7.318811E+3	-1.073760E+4	8.628680E+3	-1.715962E+4
8.370000E+0	-2.170639E+1	2.107273E+0	-2.170597E+1	3.281124E-2	2.414037E+3	-1.899600E+3	4.694440E+3	-2.860034E+3	7.318893E+3	-1.073730E+4	8.628453E+3	-1.715953E+4
8.380000E+0	-2.169795E+1	2.075301E+0	-2.169752E+1	3.289742E-2	2.415654E+3	-1.899612E+3	4.694440E+3	-2.863274E+3	7.317270E+3	-1.073730E+4	8.626830E+3	-1.716120E+4
8.390000E+0	-2.168873E+1	1.941074E+0	-2.168830E+1	3.299149E-2	2.415500E+3	-1.899921E+3	4.694440E+3	-2.863120E+3	7.317270E+3	-1.073730E+4	8.626830E+3	-1.716120E+4
8.400000E+0	-2.167895E+1	2.044044E+0	-2.167852E+1	3.309129E-2	2.415345E+3	-1.900230E+3	4.694440E+3	-2.862965E+3	7.317270E+3	-1.073730E+4	8.626830E+3	-1.716120E+4
8.410000E+0	-2.166939E+1	2.186920E+0	-2.166897E+1	3.318881E-2	2.415190E+3	-1.900539E+3	4.694440E+3	-2.862810E+3	7.317270E+3	-1.073730E+4	8.626830E+3	-1.716120E+4
8.420000E+0	-2.165990E+1	2.071140E+0	-2.165947E+1	3.328571E-2	2.415036E+3	-1.900848E+3	4.694440E+3	-2.862656E+3	7.317270E+3	-1.073730E+4	8.626830E+3	-1.716120E+4
8.430000E+0	-2.165002E+1	1.959372E+0	-2.164960E+1	3.338644E-2	2.414881E+3	-1.901157E+3	4.694440E+3	-2.862501E+3	7.317270E+3	-1.073730E+4	8.626830E+3	-1.716120E+4
8.440000E+0	-2.163970E+1	2.007328E+0	-2.163927E+1	3.349181E-2	2.414727E+3	-1.901467E+3	4.694440E+3	-2.862347E+3	7.317270E+3	-1.073730E+4	8.626830E+3	-1.716120E+4
8.450000E+0	-2.162880E+1	2.151362E+0	-2.162837E+1	3.360300E-2	2.414572E+3	-1.901776E+3	4.694440E+3	-2.862192E+3	7.317270E+3	-1.073730E+4	8.626830E+3	-1.716120E+4
8.460000E+0	-2.161862E+1	2.067818E+0	-2.161819E+1	3.370690E-2	2.414418E+3	-1.902085E+3	4.694440E+3	-2.862038E+3	7.317270E+3	-1.073730E+4	8.626830E+3	-1.716120E+4
8.470000E+0	-2.160958E+1	2.008819E+0	-2.160915E+1	3.379913E-2	2.414263E+3	-1.902394E+3	4.694440E+3	-2.861883E+3	7.317270E+3	-1.073730E+4	8.626830E+3	-1.716120E+4
8.480000E+0	-2.160037E+1	1.997305E+0	-2.159994E+1	3.389311E-2	2.414108E+3	-1.902703E+3	4.694440E+3	-2.861728E+3	7.317270E+3	-1.073730E+4	8.626830E+3	-1.716120E+4
8.490000E+0	-2.159099E+1	2.017948E+0	-2.159056E+1	3.398883E-2	2.413954E+3	-1.903012E+3	4.694440E+3	-2.861574E+3	7.317270E+3	-1.073730E+4	8.626830E+3	-1.716120E+4
8.500000E+0	-2.158204E+1	2.125795E+0	-2.158161E+1	3.408015E-2	2.413775E+3	-1.901380E+3	4.692600E+3	-2.861465E+3	7.317270E+3	-1.073907E+4	8.625015E+3	-1.715927E+4
8.510000E+0	-2.157256E+1	2.072991E+0	-2.157213E+1	3.417690E-2	2.413274E+3	-1.900378E+3	4.692600E+3	-2.861966E+3	7.317270E+3	-1.073858E+4	8.625516E+3	-1.715878E+4
8.520000E+0	-2.156223E+1	1.942918E+0	-2.156180E+1	3.428234E-2	2.412772E+3	-1.899375E+3	4.692600E+3	-2.862468E+3	7.317270E+3	-1.073809E+4	8.626018E+3	-1.715829E+4
8.530000E+0	-2.155157E+1	2.054495E+0	-2.155114E+1	3.439107E-2	2.412271E+3	-1.898372E+3	4.692600E+3	-2.862969E+3	7.317270E+3	-1.073760E+4	8.626519E+3	-1.715780E+4
8.540000E+0	-2.154062E+1	2.111320E+0	-2.154019E+1	3.450287E-2	2.412198E+3	-1.899600E+3	4.694559E+3	-2.861430E+3	7.317270E+3	-1.073730E+4	8.628442E+3	-1.715930E+4
8.550000E+0	-2.152996E+1	2.046381E+0	-2.152953E+1	3.461157E-2	2.412823E+3	-1.899600E+3	4.694872E+3	-2.861430E+3	7.317270E+3	-1.073730E+4	8.627817E+3	-1.715930E+4
8.560000E+0	-2.151958E+1	1.980218E+0	-2.151915E+1	3.471755E-2	2.413449E+3	-1.899600E+3	4.695185E+3	-2.861430E+3	7.317270E+3	-1.073730E+4	8.627191E+3	-1.715930E+4
8.570000E+0	-2.150960E+1	1.962311E+0	-2.150917E+1	3.481935E-2	2.414075E+3	-1.899600E+3	4.695497E+3	-2.861430E+3	7.317270E+3	-1.073730E+4	8.626565E+3	-1.715930E+4
8.580000E+0	-2.150062E+1	2.197549E+0	-2.150020E+1	3.491093E-2	2.414701E+3	-1.899600E+3	4.695810E+3	-2.861430E+3	7.317270E+3	-1.073730E+4	8.625939E+3	-1.715930E+4
8.590000E+0	-2.149137E+1	2.167786E+0	-2.149094E+1	3.500542E-2	2.415327E+3	-1.899600E+3	4.696123E+3	-2.861430E+3	7.317270E+3	-1.073730E+4	8.625313E+3	-1.715930E+4
8.600000E+0	-2.148207E+1	2.015762E+0	-2.148164E+1	3.510028E-2	2.416170E+3	-1.900110E+3	4.696800E+3	-2.862450E+3	7.316760E+3	-1.073730E+4	8.624980E+3	-1.715930E+4
8.610000E+0	-2.147347E+1	2.077376E+0	-2.147305E+1	3.518798E-2	2.417261E+3	-1.901201E+3	4.697891E+3	-2.864632E+3	7.315669E+3	-1.073730E+4	8.624980E+3	-1.715930E+4
8.620000E+0	-2.146478E+1	2.135336E+0	-2.146435E+1	3.527668E-2	2.417510E+3	-1.901641E+3	4.697949E+3	-2.865130E+3	7.315420E+3	-1.073730E+4	8.624980E+3	-1.715930E+4
8.630000E+0	-2.145560E+1	2.117495E+0	-2.145517E+1	3.537041E-2	2.417510E+3	-1.901888E+3	4.697702E+3	-2.865130E+3	7.315420E+3	-1.073730E+4	8.624980E+3	-1.715930E+4
8.640000E+0	-2.144601E+1	2.058886E+0	-2.144558E+1	3.546821E-2	2.417510E+3	-1.902136E+3	4.697454E+3	-2.865130E+3	7.315420E+3	-1.073730E+4	8.624980E+3	-1.715930E+4
8.650000E+0	-2.143632E+1	2.024849E+0	-2.143589E+1	3.556712E-2	2.417510E+3	-1.902383E+3	4.697207E+3	-2.865130E+3	7.315420E+3	-1.073730E+4	8.624980E+3	-1.715930E+4
8.660000E+0	-2.142640E+1	2.109103E+0	-2.142597E+1	3.566833E-2	2.417510E+3	-1.902630E+3	4.696960E+3	-2.865130E+3	7.315420E+3	-1.073730E+4	8.624980E+3	-1.715930E+4
8.670000E+0	-2.141651E+1	2.213642E+0	-2.141609E+1	3.576920E-2	2.417510E+3	-1.902878E+3	4.696712E+3	-2.865130E+3	7.315420E+3	-1.073730E+4	8.624980E+3	-1.715930E+4
8.680000E+0	-2.140603E+1	2.094917E+0	-2.140561E+1	3.587614E-2	2.417510E+3	-1.903125E+3	4.696465E+3	-2.865130E+3	7.315420E+3	-1.073730E+4	8.624980E+3	-1.715930E+4
8.690000E+0	-2.139470E+1	1.951139E+0	-2.139427E+1	3.599184E-2	2.417346E+3	-1.903300E+3	4.696290E+3	-2.864638E+3	7.315912E+3	-1.073713E+4	8.625144E+3	-1.715897E+4
8.700000E+0	-2.138297E+1	2.103450E+0	-2.138254E+1	3.611150E-2	2.416784E+3	-1.903300E+3	4.696290E+3	-2.862952E+3	7.317598E+3	-1.073655E+4	8.625706E+3	-1.715785E+4
8.710000E+0	-2.137124E+1	2.170983E+0	-2.137081E+1	3.623117E-2	2.416222E+3	-1.903300E+3	4.696290E+3	-2.861265E+3	7.319285E+3	-1.073598E+4	8.626268E+3	-1.715672E+4
8.720000E+0	-2.136013E+1	2.068640E+0	-2.135970E+1	3.634457E-2	2.415658E+3	-1.903300E+3	4.696290E+3	-2.859581E+3	7.320968E+3	-1.073540E+4	8.626832E+3	-1.715560E+4
8.730000E+0	-2.134988E+1	2.042083E+0	-2.134945E+1	3.644913E-2	2.411960E+3	-1.903298E+3	4.696290E+3	-2.861430E+3	7.317269E+3	-1.073360E+4	8.630529E+3	-1.715560E+4
8.740000E+0	-2.134008E+1	2.019545E+0	-2.133965E+1	3.654916E-2	2.411960E+3	-1.902776E+3	4.696290E+3	-2.861430E+3	7.317008E+3	-1.073386E+4	8.630268E+3	-1.715587E+4
8.750000E+0	-2.133073E+1	2.080158E+0	-2.133030E+1	3.664456E-2	2.411960E+3	-1.902253E+3	4.696290E+3	-2.861430E+3	7.316747E+3	-1.073411E+4	8.630007E+3	-1.715614E+4
8.760000E+0	-2.132190E+1	2.123592E+0	-2.132147E+1	3.673470E-2	2.411960E+3	-1.901731E+3	4.696290E+3	-2.861430E+3	7.316485E+3	-1.073436E+4	8.629745E+3	-1.715641E+4
8.770000E+0	-2.131271E+1	2.064607E+0	-2.131229E+1	3.682838E-2	2.411960E+3	-1.901208E+3	4.696290E+3	-2.861430E+3	7.316224E+3	-1.073462E+4	8.629484E+3	-1.715667E+4
8.780000E+0	-2.130358E+1	1.974732E+0	-2.130315E+1	3.692158E-2	2.411960E+3	-1.900686E+3	4.696290E+3	-2.861430E+3	7.315963E+3	-1.073487E+4	8.629223E+3	-1.715694E+4
8.790000E+0	-2.129438E+1	2.045685E+0	-2.129395E+1	3.701551E-2	2.411960E+3	-1.900163E+3	4.696290E+3	-2.861430E+3	7.315702E+3	-1.073513E+4	8.628962E+3	-1.715721E+4
8.800000E+0	-2.128469E+1	2.201062E+0	-2.128426E+1	3.711436E-2	2.411960E+3	-1.899641E+3	4.696290E+3	-2.861430E+3	7.315440E+3	-1.073538E+4	8.628700E+3	-1.715748E+4
8.810000E+0	-2.127527E+1	2.064968E+0	-2.127484E+1	3.721046E-2	2.411960E+3	-1.900258E+3	4.696290E+3	-2.862088E+3	7.314104E+3	-1.073540E+4	8.626048E+3	-1.715814E+4
8.820000E+0	-2.126554E+1	1.944979E+0	-2.126511E+1	3.730977E-2	2.411960E+3	-1.900971E+3	4.696290E+3	-2.862801E+3	7.312677E+3	-1.073540E+4	8.623194E+3	-1.715883E+4
8.830000E+0	-2.125520E+1	2.143234E+0	-2.125477E+1	3.741525E-2	2.412367E+3	-1.902671E+3	4.696290E+3	-2.863280E+3	7.311720E+3	-1.073540E+4	8.621280E+3	-1.715930E+4
8.840000E+0	-2.124574E+1	2.143811E+0	-2.124531E+1	3.751179E-2	2.413604E+3	-1.906381E+3	4.696290E+3	-2.863280E+3	7.311720E+3	-1.073540E+4	8.621280E+3	-1.715930E+4
8.850000E+0	-2.123711E+1	2.032223E+0	-2.123668E+1	3.759987E-2	2.414564E+3	-1.907000E+3	4.695913E+3	-2.863280E+3	7.311720E+3	-1.073540E+4	8.620526E+3	-1.715969E+4
8.860000E+0	-2.122791E+1	2.057480E+0	-2.122748E+1	3.769372E-2	2.415469E+3	-1.907000E+3	4.695461E+3	-2.863280E+3	7.311720E+3	-1.073540E+4	8.619621E+3	-1.716015E+4
8.870000E+0	-2.121808E+1	2.137234E+0	-2.121765E+1	3.779404E-2	2.416374E+3	-1.907000E+3	4.695008E+3	-2.863280E+3	7.311720E+3	-1.073540E+4	8.618716E+3	-1.716062E+4
8.880000E+0	-2.120798E+1	2.136040E+0	-2.120756E+1	3.789707E-2	2.417278E+3	-1.907000E+3	4.694556E+3	-2.863280E+3	7.311720E+3	-1.073540E+4	8.617812E+3	-1.716108E+4
8.890000E+0	-2.119761E+1	2.145171E+0	-2.119719E+1	3.800287E-2	2.416673E+3	-1.905745E+3	4.694024E+3	-2.863280E+3	7.312138E+3	-1.073583E+4	8.617580E+3	-1.716036E+4
8.900000E+0	-2.118795E+1	2.121960E+0	-2.118752E+1	3.810151E-2	2.415549E+3	-1.904059E+3	4.693465E+3	-2.863280E+3	7.312700E+3	-1.073641E+4	8.617580E+3	-1.715924E+4
8.910000E+0	-2.117908E+1	2.003713E+0	-2.117865E+1	3.819204E-2	2.414425E+3	-1.902372E+3	4.692906E+3	-2.863280E+3	7.313263E+3	-1.073698E+4	8.617580E+3	-1.715811E+4
8.920000E+0	-2.117033E+1	2.157632E+0	-2.116990E+1	3.828126E-2	2.413274E+3	-1.901271E+3	4.692600E+3	-2.863101E+3	7.313212E+3	-1.073712E+4	8.617580E+3	-1.715767E+4
8.930000E+0	-2.116086E+1	2.194191E+0	-2.116043E+1	3.837792E-2	2.412090E+3	-1.900877E+3	4.692600E+3	-2.862707E+3	7.312423E+3	-1.073671E+4	8.617580E+3	-1.715806E+4
8.940000E+0	-2.115047E+1	2.081690E+0	-2.115004E+1	3.848395E-2	2.410906E+3	-1.900482E+3	4.692600E+3	-2.862312E+3	7.311634E+3	-1.073631E+4	8.617580E+3	-1.715844E+4
8.950000E+0	-2.113978E+1	2.089599E+0	-2.113935E+1	3.859306E-2	2.409722E+3	-1.900087E+3	4.692600E+3	-2.861917E+3	7.310844E+3	-1.073590E+4	8.617580E+3	-1.715883E+4
8.960000E+0	-2.112963E+1	2.128179E+0	-2.112921E+1	3.869656E-2	2.408538E+3	-1.899693E+3	4.692600E+3	-2.861523E+3	7.310055E+3	-1.073550E+4	8.617580E+3	-1.715921E+4
8.970000E+0	-2.112012E+1	2.125753E+0	-2.111969E+1	3.879365E-2	2.409147E+3	-1.899600E+3	4.692600E+3	-2.861874E+3	7.309870E+3	-1.073540E+4	8.618024E+3	-1.715930E+4
8.980000E+0	-2.111027E+1	2.082004E+0	-2.110984E+1	3.889414E-2	2.410307E+3	-1.899600E+3	4.692600E+3	-2.862453E+3	7.309870E+3	-1.073540E+4	8.618603E+3	-1.715930E+4
8.990000E+0	-2.110037E+1	1.992441E+0	-2.109994E+1	3.899518E-2	2.411466E+3	-1.899600E+3	4.692600E+3	-2.863033E+3	7.309870E+3	-1.073540E+4	8.619183E+3	-1.715930E+4
9.000000E+0	-2.109073E+1	2.020046E+0	-2.109030E+1	3.909353E-2	2.411960E+3	-1.899600E+3	4.692821E+3	-2.863280E+3	7.309648E+3	-1.073540E+4	8.618765E+3	-1.715953E+4
9.010000E+0	-2.108190E+1	2.127842E+0	-2.108147E+1	3.918364E-2	2.411960E+3	-1.899600E+3	4.693205E+3	-2.863280E+3	7.309262E+3	-1.073540E+4	8.617605E+3	-1.715992E+4
9.020000E+0	-2.107343E+1	2.146075E+0	-2.107300E+1	3.927011E-2	2.411960E+3	-1.899600E+3	4.693589E+3	-2.863280E+3	7.308875E+3	-1.073540E+4	8.616446E+3	-1.716032E+4
9.030000E+0	-2.106470E+1	2.069760E+0	-2.106427E+1	3.935919E-2	2.411960E+3	-1.899600E+3	4.693974E+3	-2.863280E+3	7.308489E+3	-1.073540E+4	8.615286E+3	-1.716072E+4
9.040000E+0	-2.105576E+1	2.005911E+0	-2.105533E+1	3.945040E-2	2.411960E+3	-1.899600E+3	4.694358E+3	-2.863280E+3	7.308102E+3	-1.073540E+4	8.614127E+3	-1.716112E+4
9.050000E+0	-2.104646E+1	2.132426E+0	-2.104603E+1	3.954530E-2	2.411960E+3	-1.900342E+3	4.694440E+3	-2.863527E+3	7.308020E+3	-1.073540E+4	8.614375E+3	-1.716095E+4
9.060000E+0	-2.103745E+1	2.144971E+0	-2.103702E+1	3.963722E-2	2.411960E+3	-1.901285E+3	4.694440E+3	-2.863842E+3	7.308020E+3	-1.073540E+4	8.615004E+3	-1.716062E+4
9.070000E+0	-2.102853E+1	1.998462E+0	-2.102810E+1	3.972828E-2	2.411960E+3	-1.902229E+3	4.694440E+3	-2.864156E+3	7.308020E+3	-1.073540E+4	8.615632E+3	-1.716030E+4
9.080000E+0	-2.101890E+1	2.004397E+0	-2.101847E+1	3.982653E-2	2.411960E+3	-1.903172E+3	4.694440E+3	-2.864471E+3	7.308020E+3	-1.073540E+4	8.616261E+3	-1.715998E+4
9.090000E+0	-2.100870E+1	2.167071E+0	-2.100827E+1	3.993054E-2	2.411960E+3	-1.904115E+3	4.694440E+3	-2.864785E+3	7.308020E+3	-1.073540E+4	8.616890E+3	-1.715965E+4
9.100000E+0	-2.099814E+1	2.171895E+0	-2.099771E+1	4.003833E-2	2.411960E+3	-1.905058E+3	4.694440E+3	-2.865099E+3	7.308020E+3	-1.073540E+4	8.617519E+3	-1.715933E+4
9.110000E+0	-2.098747E+1	2.080766E+0	-2.098705E+1	4.014716E-2	2.412259E+3	-1.905150E+3	4.694440E+3	-2.865429E+3	7.308020E+3	-1.073540E+4	8.616683E+3	-1.715961E+4
9.120000E+0	-2.097681E+1	2.029573E+0	-2.097638E+1	4.025603E-2	2.412590E+3	-1.905150E+3	4.694440E+3	-2.865760E+3	7.308020E+3	-1.073540E+4	8.615689E+3	-1.715995E+4
9.130000E+0	-2.096569E+1	2.065902E+0	-2.096527E+1	4.036941E-2	2.412921E+3	-1.905150E+3	4.694440E+3	-2.866091E+3	7.308020E+3	-1.073540E+4	8.614696E+3	-1.716029E+4
9.140000E+0	-2.095468E+1	2.131932E+0	-2.095426E+1	4.048176E-2	2.413253E+3	-1.905150E+3	4.694440E+3	-2.866423E+3	7.308020E+3	-1.073540E+4	8.613702E+3	-1.716063E+4
9.150000E+0	-2.094438E+1	2.174024E+0	-2.094395E+1	4.058689E-2	2.413584E+3	-1.905150E+3	4.694440E+3	-2.866754E+3	7.308020E+3	-1.073540E+4	8.612708E+3	-1.716097E+4
9.160000E+0	-2.093447E+1	2.073722E+0	-2.093404E+1	4.068800E-2	2.413988E+3	-1.904972E+3	4.694440E+3	-2.866802E+3	7.308377E+3	-1.073523E+4	8.612565E+3	-1.716084E+4
9.170000E+0	-2.092453E+1	2.044705E+0	-2.092410E+1	4.078944E-2	2.414551E+3	-1.904409E+3	4.694440E+3	-2.866239E+3	7.309501E+3	-1.073468E+4	8.614252E+3	-1.715972E+4
9.180000E+0	-2.091444E+1	2.202634E+0	-2.091402E+1	4.089237E-2	2.415113E+3	-1.903847E+3	4.694440E+3	-2.865677E+3	7.310625E+3	-1.073413E+4	8.615938E+3	-1.715859E+4
9.190000E+0	-2.090485E+1	2.148249E+0	-2.090442E+1	4.099027E-2	2.415648E+3	-1.903294E+3	4.694440E+3	-2.865130E+3	7.311702E+3	-1.073361E+4	8.617574E+3	-1.715751E+4
9.200000E+0	-2.089522E+1	2.049173E+0	-2.089480E+1	4.108850E-2	2.415190E+3	-1.903065E+3	4.694440E+3	-2.865130E+3	7.311015E+3	-1.073383E+4	8.617345E+3	-1.715797E+4
9.210000E+0	-2.088552E+1	2.051634E+0	-2.088509E+1	4.118748E-2	2.414732E+3	-1.902836E+3	4.694440E+3	-2.865130E+3	7.310328E+3	-1.073405E+4	8.617116E+3	-1.715843E+4
9.220000E+0	-2.087654E+1	2.174003E+0	-2.087611E+1	4.127916E-2	2.414274E+3	-1.902607E+3	4.694440E+3	-2.865130E+3	7.309641E+3	-1.073427E+4	8.616887E+3	-1.715889E+4
9.230000E+0	-2.086769E+1	2.140920E+0	-2.086726E+1	4.136946E-2	2.413816E+3	-1.902378E+3	4.694440E+3	-2.865130E+3	7.308954E+3	-1.073450E+4	8.616658E+3	-1.715934E+4
9.240000E+0	-2.085817E+1	1.963880E+0	-2.085774E+1	4.146664E-2	2.413358E+3	-1.902149E+3	4.694440E+3	-2.865130E+3	7.308267E+3	-1.073472E+4	8.616429E+3	-1.715980E+4
9.250000E+0	-2.084830E+1	2.040751E+0	-2.084788E+1	4.156727E-2	2.412900E+3	-1.901920E+3	4.694440E+3	-2.865130E+3	7.307580E+3	-1.073494E+4	8.616200E+3	-1.716026E+4
9.260000E+0	-2.083856E+1	2.151458E+0	-2.083813E+1	4.166673E-2	2.412442E+3	-1.901691E+3	4.694440E+3	-2.865130E+3	7.306893E+3	-1.073517E+4	8.615971E+3	-1.716072E+4
9.270000E+0	-2.082855E+1	2.102149E+0	-2.082812E+1	4.176885E-2	2.411984E+3	-1.901462E+3	4.694440E+3	-2.865130E+3	7.306206E+3	-1.073539E+4	8.615742E+3	-1.716118E+4
9.280000E+0	-2.081861E+1	2.111187E+0	-2.081818E+1	4.187029E-2	2.412162E+3	-1.896102E+3	4.694440E+3	-2.863482E+3	7.306170E+3	-1.073561E+4	8.614923E+3	-1.715951E+4
9.290000E+0	-2.080852E+1	2.104063E+0	-2.080809E+1	4.197324E-2	2.412400E+3	-1.896340E+3	4.694440E+3	-2.863720E+3	7.306170E+3	-1.073585E+4	8.613972E+3	-1.715975E+4
9.300000E+0	-2.079846E+1	2.107099E+0	-2.079803E+1	4.207588E-2	2.412637E+3	-1.896577E+3	4.694440E+3	-2.863957E+3	7.306170E+3	-1.073610E+4	8.613021E+3	-1.716000E+4
9.310000E+0	-2.078861E+1	2.187167E+0	-2.078818E+1	4.217640E-2	2.412875E+3	-1.896815E+3	4.694440E+3	-2.864195E+3	7.306170E+3	-1.073634E+4	8.612069E+3	-1.716024E+4
9.320000E+0	-2.077808E+1	2.117858E+0	-2.077765E+1	4.228386E-2	2.413113E+3	-1.897053E+3	4.694440E+3	-2.864433E+3	7.306170E+3	-1.073658E+4	8.611118E+3	-1.716048E+4
9.330000E+0	-2.076766E+1	2.085485E+0	-2.076723E+1	4.239016E-2	2.413351E+3	-1.897291E+3	4.694440E+3	-2.864671E+3	7.306170E+3	-1.073683E+4	8.610167E+3	-1.716073E+4
9.340000E+0	-2.075771E+1	2.118722E+0	-2.075729E+1	4.249165E-2	2.413589E+3	-1.897529E+3	4.694440E+3	-2.864909E+3	7.306170E+3	-1.073707E+4	8.609216E+3	-1.716097E+4
9.350000E+0	-2.074757E+1	2.106680E+0	-2.074715E+1	4.259512E-2	2.413856E+3	-1.897887E+3	4.694440E+3	-2.865039E+3	7.306170E+3	-1.073721E+4	8.608467E+3	-1.716115E+4
9.360000E+0	-2.073751E+1	2.105311E+0	-2.073708E+1	4.269785E-2	2.414518E+3	-1.899874E+3	4.694440E+3	-2.863714E+3	7.306170E+3	-1.073588E+4	8.610454E+3	-1.716047E+4
9.370000E+0	-2.072742E+1	2.104873E+0	-2.072699E+1	4.280078E-2	2.415181E+3	-1.901862E+3	4.694440E+3	-2.862389E+3	7.306170E+3	-1.073456E+4	8.612442E+3	-1.715979E+4
9.380000E+0	-2.071749E+1	2.053091E+0	-2.071706E+1	4.290211E-2	2.415660E+3	-1.903300E+3	4.694367E+3	-2.861503E+3	7.306097E+3	-1.073367E+4	8.613660E+3	-1.715938E+4
9.390000E+0	-2.070775E+1	2.038700E+0	-2.070732E+1	4.300153E-2	2.415660E+3	-1.903300E+3	4.694104E+3	-2.861768E+3	7.305832E+3	-1.073393E+4	8.612865E+3	-1.715965E+4
9.400000E+0	-2.069845E+1	2.184762E+0	-2.069802E+1	4.309638E-2	2.415660E+3	-1.903300E+3	4.693840E+3	-2.862033E+3	7.305567E+3	-1.073419E+4	8.612070E+3	-1.715992E+4
9.410000E+0	-2.068965E+1	2.219847E+0	-2.068922E+1	4.318617E-2	2.415660E+3	-1.903300E+3	4.693577E+3	-2.862298E+3	7.305302E+3	-1.073444E+4	8.611275E+3	-1.716019E+4
9.420000E+0	-2.068059E+1	2.072607E+0	-2.068016E+1	4.327863E-2	2.415660E+3	-1.903300E+3	4.693313E+3	-2.862563E+3	7.305037E+3	-1.073470E+4	8.610480E+3	-1.716046E+4
9.430000E+0	-2.067109E+1	2.117970E+0	-2.067067E+1	4.337553E-2	2.415660E+3	-1.903300E+3	4.693049E+3	-2.862828E+3	7.304772E+3	-1.073496E+4	8.609685E+3	-1.716074E+4
9.440000E+0	-2.066111E+1	2.243191E+0	-2.066068E+1	4.347741E-2	2.415660E+3	-1.903300E+3	4.692786E+3	-2.863093E+3	7.304507E+3	-1.073522E+4	8.608890E+3	-1.716101E+4
9.450000E+0	-2.065093E+1	2.175532E+0	-2.065050E+1	4.358128E-2	2.412924E+3	-1.901932E+3	4.691232E+3	-2.863280E+3	7.304320E+3	-1.073407E+4	8.609698E+3	-1.715980E+4
9.460000E+0	-2.064128E+1	2.034269E+0	-2.064086E+1	4.367971E-2	2.411723E+3	-1.900975E+3	4.690987E+3	-2.863517E+3	7.303845E+3	-1.073360E+4	8.609943E+3	-1.715977E+4
9.470000E+0	-2.063160E+1	2.109553E+0	-2.063117E+1	4.377852E-2	2.411458E+3	-1.900445E+3	4.691252E+3	-2.863782E+3	7.303315E+3	-1.073360E+4	8.609678E+3	-1.716030E+4
9.480000E+0	-2.062121E+1	2.215661E+0	-2.062079E+1	4.388451E-2	2.411193E+3	-1.899915E+3	4.691517E+3	-2.864047E+3	7.302785E+3	-1.073360E+4	8.609413E+3	-1.716083E+4
9.490000E+0	-2.061143E+1	2.122242E+0	-2.061101E+1	4.398430E-2	2.410928E+3	-1.899385E+3	4.691782E+3	-2.864312E+3	7.302255E+3	-1.073360E+4	8.609148E+3	-1.716136E+4
9.500000E+0	-2.060251E+1	2.113217E+0	-2.060208E+1	4.407541E-2	2.410663E+3	-1.898855E+3	4.692047E+3	-2.864577E+3	7.301725E+3	-1.073360E+4	8.608883E+3	-1.716189E+4
9.510000E+0	-2.059332E+1	2.035412E+0	-2.059289E+1	4.416914E-2	2.410398E+3	-1.898325E+3	4.692312E+3	-2.864842E+3	7.301195E+3	-1.073360E+4	8.608618E+3	-1.716242E+4
9.520000E+0	-2.058304E+1	2.022942E+0	-2.058261E+1	4.427405E-2	2.410133E+3	-1.897795E+3	4.692577E+3	-2.865107E+3	7.300665E+3	-1.073360E+4	8.608353E+3	-1.716295E+4
9.530000E+0	-2.057237E+1	2.133695E+0	-2.057194E+1	4.438294E-2	2.410124E+3	-1.899605E+3	4.692605E+3	-2.863280E+3	7.298770E+3	-1.073540E+4	8.606466E+3	-1.716121E+4
9.540000E+0	-2.056197E+1	2.151690E+0	-2.056154E+1	4.448906E-2	2.410967E+3	-1.899886E+3	4.692884E+3	-2.863280E+3	7.298770E+3	-1.073540E+4	8.605623E+3	-1.716177E+4
9.550000E+0	-2.055224E+1	2.054370E+0	-2.055181E+1	4.458831E-2	2.411811E+3	-1.900167E+3	4.693164E+3	-2.863280E+3	7.298770E+3	-1.073540E+4	8.604779E+3	-1.716233E+4
9.560000E+0	-2.054261E+1	2.092980E+0	-2.054218E+1	4.468663E-2	2.412654E+3	-1.900448E+3	4.693443E+3	-2.863280E+3	7.298770E+3	-1.073540E+4	8.603936E+3	-1.716290E+4
9.570000E+0	-2.053267E+1	2.206240E+0	-2.053224E+1	4.478803E-2	2.413497E+3	-1.900729E+3	4.693723E+3	-2.863280E+3	7.298770E+3	-1.073540E+4	8.603093E+3	-1.716346E+4
9.580000E+0	-2.052341E+1	2.132447E+0	-2.052298E+1	4.488256E-2	2.414340E+3	-1.901010E+3	4.694002E+3	-2.863280E+3	7.298770E+3	-1.073540E+4	8.602250E+3	-1.716402E+4
9.590000E+0	-2.051477E+1	1.949572E+0	-2.051434E+1	4.497068E-2	2.415183E+3	-1.901291E+3	4.694282E+3	-2.863280E+3	7.298770E+3	-1.073540E+4	8.601407E+3	-1.716458E+4
9.600000E+0	-2.050651E+1	2.052095E+0	-2.050609E+1	4.505492E-2	2.415660E+3	-1.903300E+3	4.694440E+3	-2.865130E+3	7.302556E+3	-1.073532E+4	8.606394E+3	-1.716120E+4
9.610000E+0	-2.049733E+1	2.230285E+0	-2.049690E+1	4.514864E-2	2.415660E+3	-1.903300E+3	4.694440E+3	-2.865130E+3	7.302753E+3	-1.073512E+4	8.606197E+3	-1.716120E+4
9.620000E+0	-2.048762E+1	2.109788E+0	-2.048719E+1	4.524771E-2	2.415660E+3	-1.903300E+3	4.694440E+3	-2.865130E+3	7.302950E+3	-1.073493E+4	8.606000E+3	-1.716120E+4
9.630000E+0	-2.047777E+1	2.055170E+0	-2.047734E+1	4.534821E-2	2.415660E+3	-1.903300E+3	4.694440E+3	-2.865130E+3	7.303148E+3	-1.073474E+4	8.605802E+3	-1.716120E+4
9.640000E+0	-2.046778E+1	2.060567E+0	-2.046735E+1	4.545016E-2	2.415660E+3	-1.903300E+3	4.694440E+3	-2.865130E+3	7.303345E+3	-1.073455E+4	8.605605E+3	-1.716120E+4
9.650000E+0	-2.045847E+1	2.088384E+0	-2.045805E+1	4.554512E-2	2.415660E+3	-1.903300E+3	4.694440E+3	-2.865130E+3	7.303542E+3	-1.073436E+4	8.605408E+3	-1.716120E+4
9.660000E+0	-2.044885E+1	2.153628E+0	-2.044842E+1	4.564335E-2	2.415660E+3	-1.903300E+3	4.694440E+3	-2.865130E+3	7.303740E+3	-1.073416E+4	8.605210E+3	-1.716120E+4
9.670000E+0	-2.043943E+1	2.148657E+0	-2.043900E+1	4.573945E-2	2.415660E+3	-1.903300E+3	4.694440E+3	-2.865130E+3	7.303937E+3	-1.073397E+4	8.605013E+3	-1.716120E+4
9.680000E+0	-2.042930E+1	1.978581E+0	-2.042887E+1	4.584282E-2	2.415660E+3	-1.903300E+3	4.694440E+3	-2.865130E+3	7.304134E+3	-1.073378E+4	8.604816E+3	-1.716120E+4
9.690000E+0	-2.041814E+1	2.038516E+0	-2.041772E+1	4.595665E-2	2.416769E+3	-1.901083E+3	4.694440E+3	-2.862913E+3	7.305429E+3	-1.073246E+4	8.609064E+3	-1.715898E+4
9.700000E+0	-2.040770E+1	2.229263E+0	-2.040727E+1	4.606325E-2	2.415729E+3	-1.899600E+3	4.694440E+3	-2.861430E+3	7.305280E+3	-1.073170E+4	8.612920E+3	-1.715750E+4
9.710000E+0	-2.039690E+1	2.084645E+0	-2.039647E+1	4.617345E-2	2.413874E+3	-1.899600E+3	4.694440E+3	-2.861430E+3	7.304352E+3	-1.073170E+4	8.613848E+3	-1.715750E+4
9.720000E+0	-2.038590E+1	1.948345E+0	-2.038547E+1	4.628570E-2	2.413305E+3	-1.900105E+3	4.694440E+3	-2.861935E+3	7.304320E+3	-1.073170E+4	8.612871E+3	-1.715799E+4
9.730000E+0	-2.037480E+1	2.143823E+0	-2.037437E+1	4.639892E-2	2.412783E+3	-1.900627E+3	4.694440E+3	-2.862457E+3	7.304320E+3	-1.073170E+4	8.611825E+3	-1.715850E+4
9.740000E+0	-2.036402E+1	2.257559E+0	-2.036359E+1	4.650891E-2	2.412260E+3	-1.901150E+3	4.694440E+3	-2.862980E+3	7.304320E+3	-1.073170E+4	8.610780E+3	-1.715901E+4
9.750000E+0	-2.035442E+1	2.154715E+0	-2.035399E+1	4.660688E-2	2.412144E+3	-1.901634E+3	4.694624E+3	-2.863280E+3	7.303952E+3	-1.073189E+4	8.609629E+3	-1.715949E+4
9.760000E+0	-2.034548E+1	2.087315E+0	-2.034505E+1	4.669815E-2	2.412575E+3	-1.902065E+3	4.695055E+3	-2.863280E+3	7.303090E+3	-1.073233E+4	8.608335E+3	-1.715993E+4
9.770000E+0	-2.033665E+1	2.135797E+0	-2.033622E+1	4.678820E-2	2.413007E+3	-1.902497E+3	4.695487E+3	-2.863280E+3	7.302227E+3	-1.073277E+4	8.607040E+3	-1.716037E+4
9.780000E+0	-2.032785E+1	2.165365E+0	-2.032743E+1	4.687799E-2	2.413438E+3	-1.902928E+3	4.695918E+3	-2.863280E+3	7.301364E+3	-1.073322E+4	8.605746E+3	-1.716082E+4
9.790000E+0	-2.031879E+1	2.080917E+0	-2.031836E+1	4.697050E-2	2.413810E+3	-1.903438E+3	4.696290E+3	-2.863211E+3	7.300620E+3	-1.073353E+4	8.604699E+3	-1.716127E+4
9.800000E+0	-2.030907E+1	2.115704E+0	-2.030865E+1	4.706961E-2	2.413810E+3	-1.904441E+3	4.696290E+3	-2.862710E+3	7.300620E+3	-1.073301E+4	8.605200E+3	-1.716175E+4
9.810000E+0	-2.029927E+1	2.132042E+0	-2.029884E+1	4.716966E-2	2.413810E+3	-1.905443E+3	4.696290E+3	-2.862208E+3	7.300620E+3	-1.073250E+4	8.605702E+3	-1.716224E+4
9.820000E+0	-2.028966E+1	2.153239E+0	-2.028923E+1	4.726774E-2	2.413810E+3	-1.906446E+3	4.696290E+3	-2.861707E+3	7.300620E+3	-1.073198E+4	8.606203E+3	-1.716273E+4
9.830000E+0	-2.028036E+1	2.256352E+0	-2.027993E+1	4.736263E-2	2.414329E+3	-1.906481E+3	4.695773E+3	-2.861689E+3	7.300879E+3	-1.073170E+4	8.606221E+3	-1.716248E+4
9.840000E+0	-2.027124E+1	2.163465E+0	-2.027081E+1	4.745571E-2	2.415488E+3	-1.905322E+3	4.694617E+3	-2.862269E+3	7.301459E+3	-1.073170E+4	8.605641E+3	-1.716132E+4
9.850000E+0	-2.026163E+1	2.010497E+0	-2.026120E+1	4.755378E-2	2.416647E+3	-1.904163E+3	4.693461E+3	-2.862849E+3	7.302039E+3	-1.073170E+4	8.605061E+3	-1.716016E+4
9.860000E+0	-2.025124E+1	2.135320E+0	-2.025081E+1	4.765974E-2	2.417510E+3	-1.903203E+3	4.692696E+3	-2.863280E+3	7.302567E+3	-1.073161E+4	8.604920E+3	-1.715930E+4
9.870000E+0	-2.024136E+1	2.297179E+0	-2.024093E+1	4.776055E-2	2.417510E+3	-1.902825E+3	4.693073E+3	-2.863280E+3	7.302945E+3	-1.073124E+4	8.606056E+3	-1.715930E+4
9.880000E+0	-2.023163E+1	2.181248E+0	-2.023120E+1	4.785984E-2	2.417510E+3	-1.902446E+3	4.693449E+3	-2.863280E+3	7.303324E+3	-1.073087E+4	8.607192E+3	-1.715930E+4
9.890000E+0	-2.022075E+1	2.077876E+0	-2.022032E+1	4.797090E-2	2.417510E+3	-1.902067E+3	4.693826E+3	-2.863280E+3	7.303703E+3	-1.073050E+4	8.608328E+3	-1.715930E+4
9.900000E+0	-2.021022E+1	2.186913E+0	-2.020979E+1	4.807837E-2	2.417510E+3	-1.901689E+3	4.694202E+3	-2.863280E+3	7.304081E+3	-1.073013E+4	8.609463E+3	-1.715930E+4
9.910000E+0	-2.020004E+1	2.144151E+0	-2.019962E+1	4.818217E-2	2.417369E+3	-1.901450E+3	4.694440E+3	-2.863209E+3	7.304320E+3	-1.072990E+4	8.610251E+3	-1.715923E+4
9.920000E+0	-2.018913E+1	2.138442E+0	-2.018870E+1	4.829358E-2	2.416986E+3	-1.901450E+3	4.694440E+3	-2.863018E+3	7.304320E+3	-1.072990E+4	8.610442E+3	-1.715905E+4
9.930000E+0	-2.017812E+1	2.219474E+0	-2.017769E+1	4.840585E-2	2.416604E+3	-1.901450E+3	4.694440E+3	-2.862827E+3	7.304320E+3	-1.072990E+4	8.610633E+3	-1.715886E+4
9.940000E+0	-2.016743E+1	2.100244E+0	-2.016700E+1	4.851499E-2	2.416222E+3	-1.901450E+3	4.694440E+3	-2.862636E+3	7.304320E+3	-1.072990E+4	8.610824E+3	-1.715867E+4
9.950000E+0	-2.015737E+1	2.102545E+0	-2.015694E+1	4.861763E-2	2.415839E+3	-1.901450E+3	4.694440E+3	-2.862445E+3	7.304320E+3	-1.072990E+4	8.611015E+3	-1.715849E+4
9.960000E+0	-2.014719E+1	2.214913E+0	-2.014677E+1	4.872145E-2	2.415457E+3	-1.901450E+3	4.694440E+3	-2.862253E+3	7.304320E+3	-1.072990E+4	8.611207E+3	-1.715830E+4
9.970000E+0	-2.013684E+1	2.133229E+0	-2.013641E+1	4.882711E-2	2.415074E+3	-1.901450E+3	4.694440E+3	-2.862062E+3	7.304320E+3	-1.072990E+4	8.611398E+3	-1.715812E+4
9.980000E+0	-2.012675E+1	2.040665E+0	-2.012632E+1	4.893009E-2	2.414692E+3	-1.901450E+3	4.694440E+3	-2.861871E+3	7.304320E+3	-1.072990E+4	8.611589E+3	-1.715793E+4
9.990000E+0	-2.011680E+1	2.176468E+0	-2.011638E+1	4.903156E-2	2.414309E+3	-1.901450E+3	4.694440E+3	-2.861680E+3	7.304320E+3	-1.072990E+4	8.611780E+3	-1.715774E+4
1.000000E+1	-2.010689E+1	2.210403E+0	-2.010646E+1	4.913275E-2	2.413927E+3	-1.901450E+3	4.694440E+3	-2.861488E+3	7.304320E+3	-1.072990E+4	8.611972E+3	-1.715756E+4
1.001000E+1	-2.009689E+1	2.186133E+0	-2.009646E+1	4.923474E-2	2.415660E+3	-1.901366E+3	4.694524E+3	-2.861430E+3	7.302302E+3	-1.072998E+4	8.606396E+3	-1.715758E+4
1.002000E+1	-2.008683E+1	2.066183E+0	-2.008640E+1	4.933745E-2	2.415660E+3	-1.901196E+3	4.694694E+3	-2.861430E+3	7.301961E+3	-1.073015E+4	8.606226E+3	-1.715775E+4
1.003000E+1	-2.007682E+1	2.141020E+0	-2.007639E+1	4.943957E-2	2.415660E+3	-1.901025E+3	4.694865E+3	-2.861430E+3	7.301621E+3	-1.073031E+4	8.606055E+3	-1.715791E+4
1.004000E+1	-2.006685E+1	2.350742E+0	-2.006643E+1	4.954125E-2	2.415660E+3	-1.900855E+3	4.695035E+3	-2.861430E+3	7.301281E+3	-1.073048E+4	8.605885E+3	-1.715808E+4
1.005000E+1	-2.005706E+1	2.239505E+0	-2.005663E+1	4.964120E-2	2.415660E+3	-1.900685E+3	4.695205E+3	-2.861430E+3	7.300940E+3	-1.073064E+4	8.605715E+3	-1.715824E+4
1.006000E+1	-2.004770E+1	2.047531E+0	-2.004728E+1	4.973666E-2	2.415660E+3	-1.900515E+3	4.695375E+3	-2.861430E+3	7.300600E+3	-1.073081E+4	8.605545E+3	-1.715841E+4
1.007000E+1	-2.003846E+1	2.127716E+0	-2.003803E+1	4.983102E-2	2.415660E+3	-1.900345E+3	4.695545E+3	-2.861430E+3	7.300259E+3	-1.073098E+4	8.605375E+3	-1.715858E+4
1.008000E+1	-2.002961E+1	2.244224E+0	-2.002918E+1	4.992130E-2	2.415660E+3	-1.900175E+3	4.695715E+3	-2.861430E+3	7.299919E+3	-1.073114E+4	8.605205E+3	-1.715874E+4
1.009000E+1	-2.002084E+1	2.129425E+0	-2.002042E+1	5.001073E-2	2.415660E+3	-1.900004E+3	4.695886E+3	-2.861430E+3	7.299579E+3	-1.073131E+4	8.605034E+3	-1.715891E+4
1.010000E+1	-2.001138E+1	2.162741E+0	-2.001096E+1	5.010726E-2	2.415660E+3	-1.899834E+3	4.696056E+3	-2.861430E+3	7.299238E+3	-1.073147E+4	8.604864E+3	-1.715907E+4
1.011000E+1	-2.000134E+1	2.097480E+0	-2.000091E+1	5.020977E-2	2.415660E+3	-1.899664E+3	4.696226E+3	-2.861430E+3	7.298898E+3	-1.073164E+4	8.604694E+3	-1.715924E+4
1.012000E+1	-1.999072E+1	2.051364E+0	-1.999030E+1	5.031809E-2	2.415414E+3	-1.901204E+3	4.696044E+3	-2.865130E+3	7.295316E+3	-1.073170E+4	8.599080E+3	-1.716071E+4
1.013000E+1	-1.997995E+1	2.198624E+0	-1.997952E+1	5.042803E-2	2.415019E+3	-1.900809E+3	4.695649E+3	-2.865130E+3	7.295711E+3	-1.073170E+4	8.599080E+3	-1.715992E+4
1.014000E+1	-1.996975E+1	2.206853E+0	-1.996932E+1	5.053208E-2	2.414624E+3	-1.900414E+3	4.695254E+3	-2.865130E+3	7.296106E+3	-1.073170E+4	8.599080E+3	-1.715913E+4
1.015000E+1	-1.996022E+1	2.032875E+0	-1.995979E+1	5.062937E-2	2.414230E+3	-1.900020E+3	4.694860E+3	-2.865130E+3	7.296500E+3	-1.073170E+4	8.599080E+3	-1.715834E+4
1.016000E+1	-1.995121E+1	2.151304E+0	-1.995078E+1	5.072132E-2	2.413835E+3	-1.899625E+3	4.694465E+3	-2.865130E+3	7.296895E+3	-1.073170E+4	8.599080E+3	-1.715755E+4
1.017000E+1	-1.994130E+1	2.405681E+0	-1.994087E+1	5.082240E-2	2.413432E+3	-1.899600E+3	4.694440E+3	-2.864752E+3	7.296920E+3	-1.073170E+4	8.599458E+3	-1.715826E+4
1.018000E+1	-1.993095E+1	2.306225E+0	-1.993052E+1	5.092807E-2	2.413029E+3	-1.899600E+3	4.694440E+3	-2.864349E+3	7.296920E+3	-1.073170E+4	8.599861E+3	-1.715906E+4
1.019000E+1	-1.992136E+1	2.052912E+0	-1.992093E+1	5.102589E-2	2.412626E+3	-1.899600E+3	4.694440E+3	-2.863946E+3	7.296920E+3	-1.073170E+4	8.600264E+3	-1.715987E+4
1.020000E+1	-1.991182E+1	2.158906E+0	-1.991139E+1	5.112324E-2	2.412223E+3	-1.899600E+3	4.694440E+3	-2.863543E+3	7.296920E+3	-1.073170E+4	8.600667E+3	-1.716067E+4
1.021000E+1	-1.990257E+1	2.349974E+0	-1.990214E+1	5.121764E-2	2.411764E+3	-1.899600E+3	4.694440E+3	-2.863280E+3	7.296528E+3	-1.073151E+4	8.600930E+3	-1.716100E+4
1.022000E+1	-1.989449E+1	2.198294E+0	-1.989406E+1	5.130004E-2	2.411202E+3	-1.899600E+3	4.694440E+3	-2.863280E+3	7.295404E+3	-1.073096E+4	8.600930E+3	-1.716042E+4
1.023000E+1	-1.988653E+1	2.076481E+0	-1.988610E+1	5.138133E-2	2.410640E+3	-1.899600E+3	4.694440E+3	-2.863280E+3	7.294280E+3	-1.073042E+4	8.600930E+3	-1.715984E+4
1.024000E+1	-1.987731E+1	2.114275E+0	-1.987688E+1	5.147538E-2	2.410347E+3	-1.899600E+3	4.694440E+3	-2.863517E+3	7.293102E+3	-1.073002E+4	8.600456E+3	-1.715954E+4
1.025000E+1	-1.986786E+1	2.258022E+0	-1.986743E+1	5.157180E-2	2.413859E+3	-1.899649E+3	4.694489E+3	-2.866931E+3	7.291370E+3	-1.073170E+4	8.593579E+3	-1.716300E+4
1.026000E+1	-1.985853E+1	2.185272E+0	-1.985811E+1	5.166696E-2	2.414169E+3	-1.899959E+3	4.694799E+3	-2.866621E+3	7.291370E+3	-1.073170E+4	8.593889E+3	-1.716300E+4
1.027000E+1	-1.984912E+1	2.036272E+0	-1.984870E+1	5.176297E-2	2.414478E+3	-1.900268E+3	4.695108E+3	-2.866312E+3	7.291370E+3	-1.073170E+4	8.594198E+3	-1.716300E+4
1.028000E+1	-1.983892E+1	2.109690E+0	-1.983849E+1	5.186715E-2	2.414787E+3	-1.900577E+3	4.695417E+3	-2.866003E+3	7.291370E+3	-1.073170E+4	8.594507E+3	-1.716300E+4
1.029000E+1	-1.982775E+1	2.217847E+0	-1.982732E+1	5.198112E-2	2.415096E+3	-1.900886E+3	4.695726E+3	-2.865694E+3	7.291370E+3	-1.073170E+4	8.594816E+3	-1.716300E+4
1.030000E+1	-1.981581E+1	2.193549E+0	-1.981538E+1	5.210291E-2	2.415405E+3	-1.901195E+3	4.696035E+3	-2.865385E+3	7.291370E+3	-1.073170E+4	8.595125E+3	-1.716300E+4
1.031000E+1	-1.980372E+1	2.118871E+0	-1.980329E+1	5.222626E-2	2.415695E+3	-1.901450E+3	4.696255E+3	-2.865130E+3	7.291335E+3	-1.073167E+4	8.595276E+3	-1.716304E+4
1.032000E+1	-1.979249E+1	2.134121E+0	-1.979206E+1	5.234089E-2	2.415892E+3	-1.901450E+3	4.696058E+3	-2.865130E+3	7.291138E+3	-1.073147E+4	8.594685E+3	-1.716324E+4
1.033000E+1	-1.978147E+1	2.179148E+0	-1.978104E+1	5.245336E-2	2.416089E+3	-1.901450E+3	4.695861E+3	-2.865130E+3	7.290941E+3	-1.073128E+4	8.594094E+3	-1.716344E+4
1.034000E+1	-1.977017E+1	2.143993E+0	-1.976974E+1	5.256867E-2	2.416287E+3	-1.901450E+3	4.695663E+3	-2.865130E+3	7.290743E+3	-1.073109E+4	8.593503E+3	-1.716364E+4
1.035000E+1	-1.975938E+1	2.112607E+0	-1.975896E+1	5.267869E-2	2.416484E+3	-1.901450E+3	4.695466E+3	-2.865130E+3	7.290546E+3	-1.073090E+4	8.592912E+3	-1.716385E+4
1.036000E+1	-1.974924E+1	2.146368E+0	-1.974881E+1	5.278220E-2	2.416681E+3	-1.901450E+3	4.695269E+3	-2.865130E+3	7.290349E+3	-1.073071E+4	8.592321E+3	-1.716405E+4
1.037000E+1	-1.973977E+1	2.175097E+0	-1.973935E+1	5.287880E-2	2.416879E+3	-1.901450E+3	4.695071E+3	-2.865130E+3	7.290151E+3	-1.073051E+4	8.591730E+3	-1.716425E+4
1.038000E+1	-1.973112E+1	2.210981E+0	-1.973069E+1	5.296710E-2	2.417076E+3	-1.901450E+3	4.694874E+3	-2.865130E+3	7.289954E+3	-1.073032E+4	8.591139E+3	-1.716445E+4
1.039000E+1	-1.972271E+1	2.223572E+0	-1.972228E+1	5.305293E-2	2.417273E+3	-1.901450E+3	4.694677E+3	-2.865130E+3	7.289757E+3	-1.073013E+4	8.590549E+3	-1.716466E+4
1.040000E+1	-1.971478E+1	2.206035E+0	-1.971435E+1	5.313387E-2	2.417471E+3	-1.901450E+3	4.694479E+3	-2.865130E+3	7.289559E+3	-1.072994E+4	8.589958E+3	-1.716486E+4
1.041000E+1	-1.970633E+1	2.055927E+0	-1.970590E+1	5.322010E-2	2.413029E+3	-1.899889E+3	4.692600E+3	-2.864349E+3	7.289809E+3	-1.072990E+4	8.593530E+3	-1.716120E+4
1.042000E+1	-1.969739E+1	2.096191E+0	-1.969696E+1	5.331127E-2	2.412055E+3	-1.897939E+3	4.692600E+3	-2.863375E+3	7.287859E+3	-1.072990E+4	8.593530E+3	-1.716120E+4
1.043000E+1	-1.968824E+1	2.271754E+0	-1.968781E+1	5.340463E-2	2.411481E+3	-1.897271E+3	4.692600E+3	-2.863280E+3	7.287670E+3	-1.072990E+4	8.594009E+3	-1.716120E+4
1.044000E+1	-1.967832E+1	2.174145E+0	-1.967790E+1	5.350583E-2	2.410951E+3	-1.896741E+3	4.692600E+3	-2.863280E+3	7.287670E+3	-1.072990E+4	8.594539E+3	-1.716120E+4
1.045000E+1	-1.966918E+1	2.005140E+0	-1.966876E+1	5.359910E-2	2.410421E+3	-1.896211E+3	4.692600E+3	-2.863280E+3	7.287670E+3	-1.072990E+4	8.595069E+3	-1.716120E+4
1.046000E+1	-1.966074E+1	2.166259E+0	-1.966031E+1	5.368529E-2	2.410365E+3	-1.896028E+3	4.692727E+3	-2.863535E+3	7.287542E+3	-1.073002E+4	8.594743E+3	-1.716146E+4
1.047000E+1	-1.965167E+1	2.332083E+0	-1.965124E+1	5.377787E-2	2.410983E+3	-1.896337E+3	4.693034E+3	-2.864153E+3	7.287233E+3	-1.073032E+4	8.593199E+3	-1.716207E+4
1.048000E+1	-1.964188E+1	2.184152E+0	-1.964145E+1	5.387777E-2	2.411602E+3	-1.896646E+3	4.693342E+3	-2.864772E+3	7.286924E+3	-1.073063E+4	8.591655E+3	-1.716269E+4
1.049000E+1	-1.963211E+1	2.140712E+0	-1.963168E+1	5.397742E-2	2.412220E+3	-1.896955E+3	4.693649E+3	-2.865390E+3	7.286615E+3	-1.073093E+4	8.590111E+3	-1.716331E+4
1.050000E+1	-1.962248E+1	2.234818E+0	-1.962205E+1	5.407571E-2	2.412838E+3	-1.897264E+3	4.693957E+3	-2.866008E+3	7.286306E+3	-1.073123E+4	8.588567E+3	-1.716393E+4
1.051000E+1	-1.961284E+1	2.210939E+0	-1.961241E+1	5.417407E-2	2.413456E+3	-1.897573E+3	4.694264E+3	-2.866626E+3	7.285997E+3	-1.073153E+4	8.587023E+3	-1.716455E+4
1.052000E+1	-1.960289E+1	2.201973E+0	-1.960247E+1	5.427554E-2	2.417510E+3	-1.901450E+3	4.697967E+3	-2.865475E+3	7.287670E+3	-1.073007E+4	8.589495E+3	-1.716155E+4
1.053000E+1	-1.959232E+1	2.164876E+0	-1.959189E+1	5.438348E-2	2.417510E+3	-1.901450E+3	4.697564E+3	-2.866282E+3	7.287670E+3	-1.073046E+4	8.588688E+3	-1.716235E+4
1.054000E+1	-1.958210E+1	2.069108E+0	-1.958167E+1	5.448769E-2	2.417510E+3	-1.901450E+3	4.697160E+3	-2.867090E+3	7.287670E+3	-1.073085E+4	8.587880E+3	-1.716316E+4
1.055000E+1	-1.957274E+1	2.241440E+0	-1.957231E+1	5.458327E-2	2.417510E+3	-1.901450E+3	4.696757E+3	-2.867897E+3	7.287670E+3	-1.073125E+4	8.587073E+3	-1.716397E+4
1.056000E+1	-1.956292E+1	2.252962E+0	-1.956249E+1	5.468343E-2	2.417510E+3	-1.901450E+3	4.696353E+3	-2.868704E+3	7.287670E+3	-1.073164E+4	8.586266E+3	-1.716477E+4
1.057000E+1	-1.955202E+1	2.076391E+0	-1.955159E+1	5.479465E-2	2.416979E+3	-1.901185E+3	4.695760E+3	-2.868299E+3	7.287935E+3	-1.073117E+4	8.586671E+3	-1.716410E+4
1.058000E+1	-1.954142E+1	2.131420E+0	-1.954099E+1	5.490284E-2	2.416350E+3	-1.900870E+3	4.695133E+3	-2.867670E+3	7.288250E+3	-1.073054E+4	8.587300E+3	-1.716314E+4
1.059000E+1	-1.953095E+1	2.236424E+0	-1.953052E+1	5.500968E-2	2.415720E+3	-1.900555E+3	4.694505E+3	-2.867040E+3	7.288565E+3	-1.072991E+4	8.587930E+3	-1.716219E+4
1.060000E+1	-1.951992E+1	2.205060E+0	-1.951949E+1	5.512219E-2	2.415091E+3	-1.900241E+3	4.693878E+3	-2.866411E+3	7.288879E+3	-1.072928E+4	8.588559E+3	-1.716124E+4
1.061000E+1	-1.950971E+1	2.189162E+0	-1.950928E+1	5.522637E-2	2.414462E+3	-1.899926E+3	4.693250E+3	-2.865782E+3	7.289194E+3	-1.072865E+4	8.589188E+3	-1.716029E+4
1.062000E+1	-1.950062E+1	2.190461E+0	-1.950019E+1	5.531913E-2	2.413832E+3	-1.899611E+3	4.692622E+3	-2.865152E+3	7.289509E+3	-1.072802E+4	8.589818E+3	-1.715933E+4
1.063000E+1	-1.949069E+1	2.163693E+0	-1.949026E+1	5.542044E-2	2.412958E+3	-1.900452E+3	4.692600E+3	-2.865130E+3	7.286964E+3	-1.072800E+4	8.589840E+3	-1.716100E+4
1.064000E+1	-1.948041E+1	2.187996E+0	-1.947998E+1	5.552541E-2	2.412075E+3	-1.901335E+3	4.692600E+3	-2.865130E+3	7.284314E+3	-1.072800E+4	8.589840E+3	-1.716277E+4
1.065000E+1	-1.947171E+1	2.237321E+0	-1.947129E+1	5.561411E-2	2.411960E+3	-1.901450E+3	4.692600E+3	-2.865130E+3	7.283970E+3	-1.072800E+4	8.589511E+3	-1.716268E+4
1.066000E+1	-1.946287E+1	2.151954E+0	-1.946245E+1	5.570430E-2	2.411960E+3	-1.901450E+3	4.692600E+3	-2.865130E+3	7.283970E+3	-1.072800E+4	8.589132E+3	-1.716231E+4
1.067000E+1	-1.945278E+1	2.152966E+0	-1.945235E+1	5.580732E-2	2.411960E+3	-1.901450E+3	4.692600E+3	-2.865130E+3	7.283970E+3	-1.072800E+4	8.588754E+3	-1.716194E+4
1.068000E+1	-1.944310E+1	2.269770E+0	-1.944267E+1	5.590613E-2	2.411960E+3	-1.901450E+3	4.692600E+3	-2.865130E+3	7.283970E+3	-1.072800E+4	8.588375E+3	-1.716157E+4
1.069000E+1	-1.943346E+1	2.208075E+0	-1.943304E+1	5.600441E-2	2.411960E+3	-1.901450E+3	4.692600E+3	-2.865130E+3	7.283970E+3	-1.072800E+4	8.587996E+3	-1.716121E+4
1.070000E+1	-1.942296E+1	2.250331E+0	-1.942253E+1	5.611159E-2	2.413100E+3	-1.900310E+3	4.692600E+3	-2.865700E+3	7.283970E+3	-1.072859E+4	8.586850E+3	-1.716175E+4
1.071000E+1	-1.941119E+1	2.148810E+0	-1.941076E+1	5.623172E-2	2.414259E+3	-1.899151E+3	4.692600E+3	-2.866280E+3	7.283970E+3	-1.072918E+4	8.585691E+3	-1.716232E+4
1.072000E+1	-1.939920E+1	2.147446E+0	-1.939877E+1	5.635403E-2	2.415419E+3	-1.897991E+3	4.692600E+3	-2.866859E+3	7.283970E+3	-1.072978E+4	8.584531E+3	-1.716288E+4
1.073000E+1	-1.938860E+1	2.373485E+0	-1.938817E+1	5.646218E-2	2.415883E+3	-1.897973E+3	4.692821E+3	-2.866535E+3	7.284415E+3	-1.072967E+4	8.584958E+3	-1.716255E+4
1.074000E+1	-1.937855E+1	2.269221E+0	-1.937812E+1	5.656476E-2	2.416164E+3	-1.898254E+3	4.693101E+3	-2.865973E+3	7.284977E+3	-1.072938E+4	8.585801E+3	-1.716199E+4
1.075000E+1	-1.936776E+1	2.059692E+0	-1.936733E+1	5.667485E-2	2.416445E+3	-1.898535E+3	4.693380E+3	-2.865411E+3	7.285539E+3	-1.072909E+4	8.586644E+3	-1.716143E+4
1.076000E+1	-1.935676E+1	2.230017E+0	-1.935634E+1	5.678706E-2	2.416726E+3	-1.898816E+3	4.693660E+3	-2.864849E+3	7.286101E+3	-1.072881E+4	8.587487E+3	-1.716087E+4
1.077000E+1	-1.934681E+1	2.390419E+0	-1.934638E+1	5.688868E-2	2.417007E+3	-1.899097E+3	4.693939E+3	-2.864287E+3	7.286663E+3	-1.072852E+4	8.588330E+3	-1.716031E+4
1.078000E+1	-1.933750E+1	2.221896E+0	-1.933707E+1	5.698368E-2	2.417288E+3	-1.899378E+3	4.694219E+3	-2.863725E+3	7.287225E+3	-1.072823E+4	8.589173E+3	-1.715974E+4
1.079000E+1	-1.932793E+1	2.167572E+0	-1.932750E+1	5.708127E-2	2.417510E+3	-1.899600E+3	4.694440E+3	-2.863394E+3	7.287613E+3	-1.072800E+4	8.589669E+3	-1.715930E+4
1.080000E+1	-1.931822E+1	2.238299E+0	-1.931779E+1	5.718037E-2	2.417510E+3	-1.899600E+3	4.694440E+3	-2.863940E+3	7.287340E+3	-1.072800E+4	8.588850E+3	-1.715930E+4
1.081000E+1	-1.930800E+1	2.250252E+0	-1.930757E+1	5.728470E-2	2.417510E+3	-1.899600E+3	4.694440E+3	-2.864485E+3	7.287067E+3	-1.072800E+4	8.588032E+3	-1.715930E+4
1.082000E+1	-1.929775E+1	2.297331E+0	-1.929732E+1	5.738929E-2	2.417510E+3	-1.899600E+3	4.694440E+3	-2.865031E+3	7.286795E+3	-1.072800E+4	8.587214E+3	-1.715930E+4
1.083000E+1	-1.928809E+1	2.281368E+0	-1.928766E+1	5.748784E-2	2.417510E+3	-1.899600E+3	4.694440E+3	-2.865576E+3	7.286522E+3	-1.072800E+4	8.586395E+3	-1.715930E+4
1.084000E+1	-1.927822E+1	2.099967E+0	-1.927779E+1	5.758855E-2	2.417510E+3	-1.899600E+3	4.694440E+3	-2.866122E+3	7.286249E+3	-1.072800E+4	8.585577E+3	-1.715930E+4
1.085000E+1	-1.926824E+1	2.220087E+0	-1.926781E+1	5.769039E-2	2.417510E+3	-1.899600E+3	4.694440E+3	-2.866668E+3	7.285976E+3	-1.072800E+4	8.584759E+3	-1.715930E+4
1.086000E+1	-1.925814E+1	2.300870E+0	-1.925771E+1	5.779342E-2	2.416377E+3	-1.900733E+3	4.695573E+3	-2.865847E+3	7.288085E+3	-1.072690E+4	8.587688E+3	-1.715703E+4
1.087000E+1	-1.924797E+1	2.161744E+0	-1.924754E+1	5.789724E-2	2.415527E+3	-1.901052E+3	4.696290E+3	-2.865130E+3	7.289387E+3	-1.072620E+4	8.589840E+3	-1.715587E+4
1.088000E+1	-1.923803E+1	2.159588E+0	-1.923760E+1	5.799867E-2	2.415346E+3	-1.900507E+3	4.696290E+3	-2.865130E+3	7.289206E+3	-1.072620E+4	8.589840E+3	-1.715623E+4
1.089000E+1	-1.922873E+1	2.280774E+0	-1.922830E+1	5.809351E-2	2.415164E+3	-1.899961E+3	4.696290E+3	-2.865130E+3	7.289024E+3	-1.072620E+4	8.589840E+3	-1.715659E+4
1.090000E+1	-1.921953E+1	2.317585E+0	-1.921911E+1	5.818736E-2	2.414982E+3	-1.899415E+3	4.696290E+3	-2.865130E+3	7.288842E+3	-1.072620E+4	8.589840E+3	-1.715696E+4
1.091000E+1	-1.921038E+1	2.221670E+0	-1.920995E+1	5.828081E-2	2.414800E+3	-1.898870E+3	4.696290E+3	-2.865130E+3	7.288660E+3	-1.072620E+4	8.589840E+3	-1.715732E+4
1.092000E+1	-1.920111E+1	2.183409E+0	-1.920069E+1	5.837533E-2	2.414618E+3	-1.898324E+3	4.696290E+3	-2.865130E+3	7.288478E+3	-1.072620E+4	8.589840E+3	-1.715768E+4
1.093000E+1	-1.919121E+1	2.217630E+0	-1.919078E+1	5.847639E-2	2.414436E+3	-1.897779E+3	4.696290E+3	-2.865130E+3	7.288296E+3	-1.072620E+4	8.589840E+3	-1.715805E+4
1.094000E+1	-1.918122E+1	2.192415E+0	-1.918079E+1	5.857832E-2	2.414254E+3	-1.897233E+3	4.696290E+3	-2.865130E+3	7.288114E+3	-1.072620E+4	8.589840E+3	-1.715841E+4
1.095000E+1	-1.917071E+1	2.179560E+0	-1.917028E+1	5.868558E-2	2.414072E+3	-1.896687E+3	4.696290E+3	-2.865130E+3	7.287932E+3	-1.072620E+4	8.589840E+3	-1.715878E+4
1.096000E+1	-1.915980E+1	2.240487E+0	-1.915937E+1	5.879688E-2	2.413891E+3	-1.896142E+3	4.696290E+3	-2.865130E+3	7.287751E+3	-1.072620E+4	8.589840E+3	-1.715914E+4
1.097000E+1	-1.914951E+1	2.231090E+0	-1.914908E+1	5.890194E-2	2.413203E+3	-1.897115E+3	4.696290E+3	-2.865130E+3	7.286455E+3	-1.072679E+4	8.588625E+3	-1.715930E+4
1.098000E+1	-1.913950E+1	2.249379E+0	-1.913907E+1	5.900407E-2	2.412112E+3	-1.899297E+3	4.696290E+3	-2.865130E+3	7.284273E+3	-1.072785E+4	8.586443E+3	-1.715930E+4
1.099000E+1	-1.912959E+1	2.221211E+0	-1.912916E+1	5.910516E-2	2.412410E+3	-1.899825E+3	4.696515E+3	-2.865130E+3	7.283520E+3	-1.072800E+4	8.585465E+3	-1.715975E+4
1.100000E+1	-1.911990E+1	2.211274E+0	-1.911948E+1	5.920401E-2	2.412932E+3	-1.900086E+3	4.696776E+3	-2.865130E+3	7.282998E+3	-1.072800E+4	8.584681E+3	-1.716027E+4
1.101000E+1	-1.910953E+1	2.221463E+0	-1.910910E+1	5.930986E-2	2.413455E+3	-1.900347E+3	4.697037E+3	-2.865130E+3	7.282475E+3	-1.072800E+4	8.583898E+3	-1.716079E+4
1.102000E+1	-1.909947E+1	2.248981E+0	-1.909904E+1	5.941250E-2	2.413977E+3	-1.900609E+3	4.697299E+3	-2.865130E+3	7.281953E+3	-1.072800E+4	8.583114E+3	-1.716132E+4
1.103000E+1	-1.909018E+1	2.248180E+0	-1.908975E+1	5.950734E-2	2.414500E+3	-1.900870E+3	4.697560E+3	-2.865130E+3	7.281430E+3	-1.072800E+4	8.582330E+3	-1.716184E+4
1.104000E+1	-1.908074E+1	2.199018E+0	-1.908031E+1	5.960362E-2	2.415022E+3	-1.901131E+3	4.697821E+3	-2.865130E+3	7.280908E+3	-1.072800E+4	8.581546E+3	-1.716236E+4
1.105000E+1	-1.907114E+1	2.193740E+0	-1.907071E+1	5.970158E-2	2.415545E+3	-1.901392E+3	4.698082E+3	-2.865130E+3	7.280385E+3	-1.072800E+4	8.580763E+3	-1.716288E+4
1.106000E+1	-1.906150E+1	2.333035E+0	-1.906108E+1	5.979992E-2	2.415660E+3	-1.902412E+3	4.697178E+3	-2.865130E+3	7.280270E+3	-1.072800E+4	8.581552E+3	-1.716300E+4
1.107000E+1	-1.905279E+1	2.356614E+0	-1.905237E+1	5.988879E-2	2.415486E+3	-1.903213E+3	4.696203E+3	-2.865217E+3	7.280183E+3	-1.072800E+4	8.582179E+3	-1.716300E+4
1.108000E+1	-1.904395E+1	2.265181E+0	-1.904352E+1	5.997909E-2	2.414868E+3	-1.902904E+3	4.695894E+3	-2.865526E+3	7.279874E+3	-1.072800E+4	8.581251E+3	-1.716300E+4
1.109000E+1	-1.903424E+1	2.279761E+0	-1.903381E+1	6.007810E-2	2.414249E+3	-1.902594E+3	4.695584E+3	-2.865836E+3	7.279564E+3	-1.072800E+4	8.580323E+3	-1.716300E+4
1.110000E+1	-1.902399E+1	2.248033E+0	-1.902356E+1	6.018276E-2	2.413630E+3	-1.902285E+3	4.695275E+3	-2.866145E+3	7.279255E+3	-1.072800E+4	8.579396E+3	-1.716300E+4
1.111000E+1	-1.901293E+1	2.298860E+0	-1.901251E+1	6.029553E-2	2.413012E+3	-1.901976E+3	4.694966E+3	-2.866454E+3	7.278946E+3	-1.072800E+4	8.578468E+3	-1.716300E+4
1.112000E+1	-1.900236E+1	2.328607E+0	-1.900194E+1	6.040338E-2	2.412393E+3	-1.901667E+3	4.694657E+3	-2.866763E+3	7.278637E+3	-1.072800E+4	8.577540E+3	-1.716300E+4
1.113000E+1	-1.899222E+1	2.277317E+0	-1.899179E+1	6.050693E-2	2.411960E+3	-1.900755E+3	4.693748E+3	-2.867675E+3	7.277725E+3	-1.072732E+4	8.578281E+3	-1.716232E+4
1.114000E+1	-1.898257E+1	2.144924E+0	-1.898214E+1	6.060539E-2	2.411960E+3	-1.899495E+3	4.692600E+3	-2.868725E+3	7.276675E+3	-1.072620E+4	8.580695E+3	-1.716120E+4
1.115000E+1	-1.897360E+1	2.158780E+0	-1.897318E+1	6.069685E-2	2.411960E+3	-1.899287E+3	4.692600E+3	-2.868517E+3	7.276883E+3	-1.072620E+4	8.580903E+3	-1.716120E+4
1.116000E+1	-1.896450E+1	2.318786E+0	-1.896407E+1	6.078978E-2	2.411960E+3	-1.899079E+3	4.692600E+3	-2.868309E+3	7.277091E+3	-1.072620E+4	8.581111E+3	-1.716120E+4
1.117000E+1	-1.895470E+1	2.362307E+0	-1.895427E+1	6.088976E-2	2.411960E+3	-1.898870E+3	4.692600E+3	-2.868100E+3	7.277300E+3	-1.072620E+4	8.581320E+3	-1.716120E+4
1.118000E+1	-1.894405E+1	2.218378E+0	-1.894362E+1	6.099847E-2	2.411960E+3	-1.898662E+3	4.692600E+3	-2.867892E+3	7.277508E+3	-1.072620E+4	8.581528E+3	-1.716120E+4
1.119000E+1	-1.893325E+1	2.200878E+0	-1.893282E+1	6.110867E-2	2.411960E+3	-1.898453E+3	4.692600E+3	-2.867683E+3	7.277717E+3	-1.072620E+4	8.581737E+3	-1.716120E+4
1.120000E+1	-1.892302E+1	2.377175E+0	-1.892259E+1	6.121303E-2	2.411960E+3	-1.898245E+3	4.692600E+3	-2.867475E+3	7.277925E+3	-1.072620E+4	8.581945E+3	-1.716120E+4
1.121000E+1	-1.891349E+1	2.323200E+0	-1.891306E+1	6.131025E-2	2.411960E+3	-1.898036E+3	4.692600E+3	-2.867266E+3	7.278134E+3	-1.072620E+4	8.582154E+3	-1.716120E+4
1.122000E+1	-1.890373E+1	2.145350E+0	-1.890330E+1	6.140984E-2	2.411960E+3	-1.897828E+3	4.692600E+3	-2.867058E+3	7.278342E+3	-1.072620E+4	8.582362E+3	-1.716120E+4
1.123000E+1	-1.889395E+1	2.226592E+0	-1.889352E+1	6.150964E-2	2.411960E+3	-1.898040E+3	4.693179E+3	-2.866980E+3	7.278420E+3	-1.072648E+4	8.581860E+3	-1.716120E+4
1.124000E+1	-1.888490E+1	2.319862E+0	-1.888447E+1	6.160199E-2	2.411960E+3	-1.898504E+3	4.694104E+3	-2.866980E+3	7.278420E+3	-1.072693E+4	8.580932E+3	-1.716120E+4
1.125000E+1	-1.887532E+1	2.189991E+0	-1.887489E+1	6.169976E-2	2.411960E+3	-1.898968E+3	4.695029E+3	-2.866980E+3	7.278420E+3	-1.072738E+4	8.580005E+3	-1.716120E+4
1.126000E+1	-1.886520E+1	2.176492E+0	-1.886477E+1	6.180301E-2	2.411960E+3	-1.899431E+3	4.695954E+3	-2.866980E+3	7.278420E+3	-1.072784E+4	8.579077E+3	-1.716120E+4
1.127000E+1	-1.885496E+1	2.200236E+0	-1.885453E+1	6.190754E-2	2.415660E+3	-1.901450E+3	4.695883E+3	-2.868423E+3	7.276163E+3	-1.072620E+4	8.574633E+3	-1.716490E+4
1.128000E+1	-1.884463E+1	2.220082E+0	-1.884420E+1	6.201291E-2	2.415660E+3	-1.901450E+3	4.695243E+3	-2.867783E+3	7.275523E+3	-1.072620E+4	8.573993E+3	-1.716490E+4
1.129000E+1	-1.883460E+1	2.302914E+0	-1.883418E+1	6.211523E-2	2.415660E+3	-1.901450E+3	4.694604E+3	-2.867144E+3	7.274884E+3	-1.072620E+4	8.573354E+3	-1.716490E+4
1.130000E+1	-1.882454E+1	2.305971E+0	-1.882411E+1	6.221793E-2	2.415434E+3	-1.901224E+3	4.694215E+3	-2.867206E+3	7.274720E+3	-1.072620E+4	8.572964E+3	-1.716467E+4
1.131000E+1	-1.881418E+1	2.132056E+0	-1.881375E+1	6.232368E-2	2.415131E+3	-1.900921E+3	4.693914E+3	-2.867509E+3	7.274720E+3	-1.072620E+4	8.572661E+3	-1.716436E+4
1.132000E+1	-1.880445E+1	2.229749E+0	-1.880402E+1	6.242295E-2	2.414827E+3	-1.900617E+3	4.693612E+3	-2.867813E+3	7.274720E+3	-1.072620E+4	8.572357E+3	-1.716404E+4
1.133000E+1	-1.879536E+1	2.434803E+0	-1.879493E+1	6.251572E-2	2.414524E+3	-1.900314E+3	4.693310E+3	-2.868116E+3	7.274720E+3	-1.072620E+4	8.572054E+3	-1.716373E+4
1.134000E+1	-1.878623E+1	2.267160E+0	-1.878580E+1	6.260884E-2	2.414221E+3	-1.900011E+3	4.693008E+3	-2.868419E+3	7.274720E+3	-1.072620E+4	8.571751E+3	-1.716342E+4
1.135000E+1	-1.877656E+1	2.167991E+0	-1.877613E+1	6.270753E-2	2.413917E+3	-1.899707E+3	4.692707E+3	-2.868723E+3	7.274720E+3	-1.072620E+4	8.571447E+3	-1.716311E+4
1.136000E+1	-1.876673E+1	2.261298E+0	-1.876631E+1	6.280778E-2	2.413810E+3	-1.899213E+3	4.692985E+3	-2.868830E+3	7.274335E+3	-1.072620E+4	8.571727E+3	-1.716300E+4
1.137000E+1	-1.875714E+1	2.264173E+0	-1.875671E+1	6.290571E-2	2.413810E+3	-1.898614E+3	4.693581E+3	-2.868830E+3	7.273739E+3	-1.072620E+4	8.572326E+3	-1.716300E+4
1.138000E+1	-1.874659E+1	2.280902E+0	-1.874616E+1	6.301335E-2	2.413810E+3	-1.898015E+3	4.694177E+3	-2.868830E+3	7.273143E+3	-1.072620E+4	8.572925E+3	-1.716300E+4
1.139000E+1	-1.873603E+1	2.224636E+0	-1.873560E+1	6.312107E-2	2.413566E+3	-1.897628E+3	4.694319E+3	-2.868830E+3	7.272758E+3	-1.072620E+4	8.573190E+3	-1.716300E+4
1.140000E+1	-1.872665E+1	2.147460E+0	-1.872622E+1	6.321680E-2	2.413130E+3	-1.897410E+3	4.694102E+3	-2.868830E+3	7.272540E+3	-1.072620E+4	8.573190E+3	-1.716300E+4
1.141000E+1	-1.871732E+1	2.277240E+0	-1.871690E+1	6.331196E-2	2.412693E+3	-1.897192E+3	4.693885E+3	-2.868830E+3	7.272322E+3	-1.072620E+4	8.573190E+3	-1.716300E+4
1.142000E+1	-1.870794E+1	2.351766E+0	-1.870752E+1	6.340767E-2	2.412257E+3	-1.896974E+3	4.693668E+3	-2.868830E+3	7.272104E+3	-1.072620E+4	8.573190E+3	-1.716300E+4
1.143000E+1	-1.869882E+1	2.215388E+0	-1.869840E+1	6.350073E-2	2.411821E+3	-1.896755E+3	4.693451E+3	-2.868830E+3	7.271885E+3	-1.072620E+4	8.573190E+3	-1.716300E+4
1.144000E+1	-1.868973E+1	2.167975E+0	-1.868931E+1	6.359348E-2	2.411384E+3	-1.896537E+3	4.693234E+3	-2.868830E+3	7.271667E+3	-1.072620E+4	8.573190E+3	-1.716300E+4
1.145000E+1	-1.868078E+1	2.357739E+0	-1.868035E+1	6.368483E-2	2.410948E+3	-1.896319E+3	4.693017E+3	-2.868830E+3	7.271449E+3	-1.072620E+4	8.573190E+3	-1.716300E+4
1.146000E+1	-1.867221E+1	2.338469E+0	-1.867178E+1	6.377228E-2	2.410511E+3	-1.896101E+3	4.692799E+3	-2.868830E+3	7.271231E+3	-1.072620E+4	8.573190E+3	-1.716300E+4
1.147000E+1	-1.866372E+1	2.271128E+0	-1.866329E+1	6.385898E-2	2.411611E+3	-1.897401E+3	4.692600E+3	-2.868830E+3	7.269529E+3	-1.072766E+4	8.567185E+3	-1.716454E+4
1.148000E+1	-1.865421E+1	2.219514E+0	-1.865378E+1	6.395600E-2	2.412044E+3	-1.897750E+3	4.692642E+3	-2.868872E+3	7.267330E+3	-1.072620E+4	8.565748E+3	-1.716670E+4
1.149000E+1	-1.864382E+1	2.175225E+0	-1.864339E+1	6.406202E-2	2.413047E+3	-1.897750E+3	4.693140E+3	-2.869373E+3	7.267330E+3	-1.072620E+4	8.565247E+3	-1.716670E+4
1.150000E+1	-1.863354E+1	2.287992E+0	-1.863311E+1	6.416690E-2	2.414049E+3	-1.897750E+3	4.693639E+3	-2.869875E+3	7.267330E+3	-1.072620E+4	8.564745E+3	-1.716670E+4
1.151000E+1	-1.862361E+1	2.314055E+0	-1.862318E+1	6.426825E-2	2.415052E+3	-1.897750E+3	4.694138E+3	-2.870376E+3	7.267330E+3	-1.072620E+4	8.564244E+3	-1.716670E+4
1.152000E+1	-1.861350E+1	2.187057E+0	-1.861307E+1	6.437138E-2	2.415490E+3	-1.897920E+3	4.694440E+3	-2.870510E+3	7.267500E+3	-1.072620E+4	8.563940E+3	-1.716636E+4
1.153000E+1	-1.860272E+1	2.265722E+0	-1.860229E+1	6.448143E-2	2.415059E+3	-1.898351E+3	4.694440E+3	-2.870079E+3	7.267931E+3	-1.072620E+4	8.563940E+3	-1.716550E+4
1.154000E+1	-1.859177E+1	2.417550E+0	-1.859134E+1	6.459317E-2	2.414627E+3	-1.898783E+3	4.694440E+3	-2.869647E+3	7.268363E+3	-1.072620E+4	8.563940E+3	-1.716463E+4
1.155000E+1	-1.858120E+1	2.261156E+0	-1.858077E+1	6.470095E-2	2.414196E+3	-1.899214E+3	4.694440E+3	-2.869216E+3	7.268794E+3	-1.072620E+4	8.563940E+3	-1.716377E+4
1.156000E+1	-1.857118E+1	2.156750E+0	-1.857076E+1	6.480318E-2	2.413738E+3	-1.899600E+3	4.694368E+3	-2.868902E+3	7.268964E+3	-1.072620E+4	8.563940E+3	-1.716307E+4
1.157000E+1	-1.856233E+1	2.232289E+0	-1.856190E+1	6.489357E-2	2.413051E+3	-1.899600E+3	4.693685E+3	-2.869589E+3	7.266902E+3	-1.072620E+4	8.563940E+3	-1.716378E+4
1.158000E+1	-1.855393E+1	2.314234E+0	-1.855350E+1	6.497929E-2	2.412364E+3	-1.899600E+3	4.693002E+3	-2.870276E+3	7.264841E+3	-1.072620E+4	8.563940E+3	-1.716449E+4
1.159000E+1	-1.854492E+1	2.260732E+0	-1.854449E+1	6.507121E-2	2.411960E+3	-1.899441E+3	4.692600E+3	-2.870361E+3	7.263789E+3	-1.072604E+4	8.564099E+3	-1.716490E+4
1.160000E+1	-1.853500E+1	2.273857E+0	-1.853457E+1	6.517245E-2	2.411960E+3	-1.899054E+3	4.692600E+3	-2.869588E+3	7.264176E+3	-1.072564E+4	8.564486E+3	-1.716490E+4
1.161000E+1	-1.852557E+1	2.238734E+0	-1.852514E+1	6.526867E-2	2.411960E+3	-1.898668E+3	4.692600E+3	-2.868816E+3	7.264562E+3	-1.072524E+4	8.564872E+3	-1.716490E+4
1.162000E+1	-1.851688E+1	2.145690E+0	-1.851645E+1	6.535734E-2	2.411960E+3	-1.898281E+3	4.692600E+3	-2.868043E+3	7.264949E+3	-1.072485E+4	8.565259E+3	-1.716490E+4
1.163000E+1	-1.850783E+1	2.229242E+0	-1.850740E+1	6.544964E-2	2.411960E+3	-1.897895E+3	4.692600E+3	-2.867270E+3	7.265335E+3	-1.072445E+4	8.565645E+3	-1.716490E+4
1.164000E+1	-1.849822E+1	2.303505E+0	-1.849779E+1	6.554772E-2	2.412311E+3	-1.897399E+3	4.692949E+3	-2.867331E+3	7.265480E+3	-1.072466E+4	8.564736E+3	-1.716524E+4
1.165000E+1	-1.848804E+1	2.263773E+0	-1.848761E+1	6.565162E-2	2.412873E+3	-1.896837E+3	4.693509E+3	-2.867893E+3	7.265480E+3	-1.072524E+4	8.563050E+3	-1.716579E+4
1.166000E+1	-1.847807E+1	2.204867E+0	-1.847764E+1	6.575330E-2	2.413436E+3	-1.896274E+3	4.694068E+3	-2.868456E+3	7.265480E+3	-1.072582E+4	8.561363E+3	-1.716634E+4
1.167000E+1	-1.846893E+1	2.205817E+0	-1.846850E+1	6.584664E-2	2.413936E+3	-1.896026E+3	4.694693E+3	-2.868577E+3	7.265859E+3	-1.072595E+4	8.560872E+3	-1.716645E+4
1.168000E+1	-1.846061E+1	2.267200E+0	-1.846019E+1	6.593146E-2	2.414315E+3	-1.896405E+3	4.695450E+3	-2.867820E+3	7.266995E+3	-1.072519E+4	8.562765E+3	-1.716569E+4
1.169000E+1	-1.845163E+1	2.280739E+0	-1.845121E+1	6.602308E-2	2.414693E+3	-1.896783E+3	4.696207E+3	-2.867063E+3	7.268130E+3	-1.072443E+4	8.564657E+3	-1.716493E+4
1.170000E+1	-1.844104E+1	2.246001E+0	-1.844061E+1	6.613117E-2	2.415072E+3	-1.897162E+3	4.696964E+3	-2.866306E+3	7.269266E+3	-1.072368E+4	8.566550E+3	-1.716418E+4
1.171000E+1	-1.843038E+1	2.286995E+0	-1.842995E+1	6.624001E-2	2.415451E+3	-1.897541E+3	4.697721E+3	-2.865549E+3	7.270402E+3	-1.072292E+4	8.568443E+3	-1.716342E+4
1.172000E+1	-1.841998E+1	2.340009E+0	-1.841955E+1	6.634609E-2	2.415759E+3	-1.897750E+3	4.698140E+3	-2.865229E+3	7.271129E+3	-1.072240E+4	8.569391E+3	-1.716290E+4
1.173000E+1	-1.840968E+1	2.348509E+0	-1.840926E+1	6.645115E-2	2.415980E+3	-1.897750E+3	4.698140E+3	-2.865450E+3	7.271350E+3	-1.072217E+4	8.569170E+3	-1.716269E+4
1.174000E+1	-1.840080E+1	2.180913E+0	-1.840037E+1	6.654183E-2	2.416200E+3	-1.897750E+3	4.698140E+3	-2.865670E+3	7.271570E+3	-1.072195E+4	8.568950E+3	-1.716247E+4
1.175000E+1	-1.839260E+1	2.191120E+0	-1.839217E+1	6.662551E-2	2.416421E+3	-1.897750E+3	4.698140E+3	-2.865891E+3	7.271791E+3	-1.072172E+4	8.568729E+3	-1.716226E+4
1.176000E+1	-1.838341E+1	2.388689E+0	-1.838298E+1	6.671928E-2	2.416642E+3	-1.897750E+3	4.698140E+3	-2.866112E+3	7.272012E+3	-1.072149E+4	8.568508E+3	-1.716204E+4
1.177000E+1	-1.837330E+1	2.337990E+0	-1.837288E+1	6.682237E-2	2.416863E+3	-1.897750E+3	4.698140E+3	-2.866333E+3	7.272233E+3	-1.072126E+4	8.568287E+3	-1.716183E+4
1.178000E+1	-1.836270E+1	2.146978E+0	-1.836228E+1	6.693054E-2	2.417084E+3	-1.897750E+3	4.698140E+3	-2.866554E+3	7.272454E+3	-1.072104E+4	8.568066E+3	-1.716161E+4
1.179000E+1	-1.835262E+1	2.217328E+0	-1.835219E+1	6.703347E-2	2.417304E+3	-1.897750E+3	4.698140E+3	-2.866774E+3	7.272674E+3	-1.072081E+4	8.567846E+3	-1.716140E+4
1.180000E+1	-1.834317E+1	2.453299E+0	-1.834274E+1	6.712983E-2	2.417939E+3	-1.897750E+3	4.697711E+3	-2.866551E+3	7.273307E+3	-1.072060E+4	8.568498E+3	-1.716034E+4
1.181000E+1	-1.833341E+1	2.339310E+0	-1.833298E+1	6.722943E-2	2.418936E+3	-1.897609E+3	4.696290E+3	-2.865271E+3	7.274438E+3	-1.072060E+4	8.571340E+3	-1.715778E+4
1.182000E+1	-1.832364E+1	2.106926E+0	-1.832321E+1	6.732912E-2	2.418385E+3	-1.897425E+3	4.696290E+3	-2.865455E+3	7.274072E+3	-1.072060E+4	8.571340E+3	-1.715815E+4
1.183000E+1	-1.831361E+1	2.245470E+0	-1.831318E+1	6.743146E-2	2.417834E+3	-1.897241E+3	4.696290E+3	-2.865639E+3	7.273705E+3	-1.072060E+4	8.571340E+3	-1.715852E+4
1.184000E+1	-1.830368E+1	2.402586E+0	-1.830325E+1	6.753285E-2	2.417283E+3	-1.897058E+3	4.696290E+3	-2.865822E+3	7.273339E+3	-1.072060E+4	8.571340E+3	-1.715888E+4
1.185000E+1	-1.829430E+1	2.300576E+0	-1.829387E+1	6.762851E-2	2.416732E+3	-1.896874E+3	4.696290E+3	-2.866006E+3	7.272973E+3	-1.072060E+4	8.571340E+3	-1.715925E+4
1.186000E+1	-1.828505E+1	2.210676E+0	-1.828463E+1	6.772288E-2	2.416181E+3	-1.896690E+3	4.696290E+3	-2.866190E+3	7.272606E+3	-1.072060E+4	8.571340E+3	-1.715962E+4
1.187000E+1	-1.827568E+1	2.270471E+0	-1.827525E+1	6.781858E-2	2.415630E+3	-1.896507E+3	4.696290E+3	-2.866373E+3	7.272240E+3	-1.072060E+4	8.571340E+3	-1.715999E+4
1.188000E+1	-1.826591E+1	2.354963E+0	-1.826548E+1	6.791827E-2	2.415079E+3	-1.896323E+3	4.696290E+3	-2.866557E+3	7.271874E+3	-1.072060E+4	8.571340E+3	-1.716035E+4
1.189000E+1	-1.825636E+1	2.336581E+0	-1.825593E+1	6.801567E-2	2.414528E+3	-1.896139E+3	4.696290E+3	-2.866741E+3	7.271507E+3	-1.072060E+4	8.571340E+3	-1.716072E+4
1.190000E+1	-1.824694E+1	2.315445E+0	-1.824651E+1	6.811183E-2	2.413977E+3	-1.895956E+3	4.696290E+3	-2.866924E+3	7.271141E+3	-1.072060E+4	8.571340E+3	-1.716109E+4
1.191000E+1	-1.823821E+1	2.196117E+0	-1.823778E+1	6.820092E-2	2.415660E+3	-1.894436E+3	4.696290E+3	-2.863473E+3	7.272494E+3	-1.072080E+4	8.572225E+3	-1.715969E+4
1.192000E+1	-1.822993E+1	2.154598E+0	-1.822950E+1	6.828534E-2	2.415660E+3	-1.894990E+3	4.696290E+3	-2.863750E+3	7.271940E+3	-1.072108E+4	8.570841E+3	-1.716024E+4
1.193000E+1	-1.822137E+1	2.272357E+0	-1.822094E+1	6.837269E-2	2.415660E+3	-1.895543E+3	4.696290E+3	-2.864027E+3	7.271387E+3	-1.072137E+4	8.569456E+3	-1.716079E+4
1.194000E+1	-1.821250E+1	2.304516E+0	-1.821207E+1	6.846325E-2	2.415660E+3	-1.896097E+3	4.696290E+3	-2.864304E+3	7.270833E+3	-1.072165E+4	8.568072E+3	-1.716135E+4
1.195000E+1	-1.820252E+1	2.184913E+0	-1.820209E+1	6.856507E-2	2.415660E+3	-1.896651E+3	4.696290E+3	-2.864580E+3	7.270279E+3	-1.072194E+4	8.566688E+3	-1.716190E+4
1.196000E+1	-1.819236E+1	2.174261E+0	-1.819194E+1	6.866870E-2	2.415660E+3	-1.897205E+3	4.696290E+3	-2.864857E+3	7.269725E+3	-1.072222E+4	8.565304E+3	-1.716245E+4
1.197000E+1	-1.818214E+1	2.344649E+0	-1.818171E+1	6.877305E-2	2.415660E+3	-1.901439E+3	4.698136E+3	-2.865130E+3	7.271030E+3	-1.072060E+4	8.567636E+3	-1.716120E+4
1.198000E+1	-1.817147E+1	2.347007E+0	-1.817104E+1	6.888188E-2	2.415660E+3	-1.900697E+3	4.697889E+3	-2.865130E+3	7.271030E+3	-1.072060E+4	8.567389E+3	-1.716120E+4
1.199000E+1	-1.816137E+1	2.187733E+0	-1.816095E+1	6.898491E-2	2.415660E+3	-1.899955E+3	4.697642E+3	-2.865130E+3	7.271030E+3	-1.072060E+4	8.567142E+3	-1.716120E+4
1.200000E+1	-1.815126E+1	2.227856E+0	-1.815083E+1	6.908816E-2	2.415660E+3	-1.899213E+3	4.697394E+3	-2.865130E+3	7.271030E+3	-1.072060E+4	8.566894E+3	-1.716120E+4
1.201000E+1	-1.814062E+1	2.349685E+0	-1.814019E+1	6.919675E-2	2.415660E+3	-1.898471E+3	4.697147E+3	-2.865130E+3	7.271030E+3	-1.072060E+4	8.566647E+3	-1.716120E+4
1.202000E+1	-1.813064E+1	2.347096E+0	-1.813021E+1	6.929853E-2	2.415660E+3	-1.897729E+3	4.696900E+3	-2.865130E+3	7.271030E+3	-1.072060E+4	8.566400E+3	-1.716120E+4
1.203000E+1	-1.812137E+1	2.336351E+0	-1.812094E+1	6.939311E-2	2.415660E+3	-1.896987E+3	4.696652E+3	-2.865130E+3	7.271030E+3	-1.072060E+4	8.566152E+3	-1.716120E+4
1.204000E+1	-1.811245E+1	2.211579E+0	-1.811202E+1	6.948413E-2	2.415660E+3	-1.896245E+3	4.696405E+3	-2.865130E+3	7.271030E+3	-1.072060E+4	8.565905E+3	-1.716120E+4
1.205000E+1	-1.810317E+1	2.345778E+0	-1.810275E+1	6.957879E-2	2.415568E+3	-1.895992E+3	4.696290E+3	-2.864946E+3	7.271030E+3	-1.072060E+4	8.565974E+3	-1.716102E+4
1.206000E+1	-1.809391E+1	2.453744E+0	-1.809348E+1	6.967335E-2	2.415396E+3	-1.896164E+3	4.696290E+3	-2.864603E+3	7.271030E+3	-1.072060E+4	8.566317E+3	-1.716067E+4
1.207000E+1	-1.808481E+1	2.192298E+0	-1.808438E+1	6.976623E-2	2.415225E+3	-1.896335E+3	4.696290E+3	-2.864259E+3	7.271030E+3	-1.072060E+4	8.566661E+3	-1.716033E+4
1.208000E+1	-1.807553E+1	2.159025E+0	-1.807510E+1	6.986089E-2	2.415053E+3	-1.896507E+3	4.696290E+3	-2.863916E+3	7.271030E+3	-1.072060E+4	8.567004E+3	-1.715999E+4
1.209000E+1	-1.806651E+1	2.301603E+0	-1.806608E+1	6.995292E-2	2.414881E+3	-1.896679E+3	4.696290E+3	-2.863572E+3	7.271030E+3	-1.072060E+4	8.567348E+3	-1.715964E+4
1.210000E+1	-1.805727E+1	2.307463E+0	-1.805684E+1	7.004718E-2	2.414709E+3	-1.896851E+3	4.696290E+3	-2.863229E+3	7.271030E+3	-1.072060E+4	8.567691E+3	-1.715930E+4
1.211000E+1	-1.804809E+1	2.289994E+0	-1.804767E+1	7.014084E-2	2.414538E+3	-1.897022E+3	4.696290E+3	-2.862885E+3	7.271030E+3	-1.072060E+4	8.568035E+3	-1.715896E+4
1.212000E+1	-1.803876E+1	2.268855E+0	-1.803833E+1	7.023605E-2	2.414366E+3	-1.897194E+3	4.696290E+3	-2.862542E+3	7.271030E+3	-1.072060E+4	8.568378E+3	-1.715861E+4
1.213000E+1	-1.802806E+1	2.284963E+0	-1.802763E+1	7.034529E-2	2.414194E+3	-1.897366E+3	4.696290E+3	-2.862198E+3	7.271030E+3	-1.072060E+4	8.568722E+3	-1.715827E+4
1.214000E+1	-1.801653E+1	2.261575E+0	-1.801610E+1	7.046295E-2	2.414022E+3	-1.897538E+3	4.696290E+3	-2.861855E+3	7.271030E+3	-1.072060E+4	8.569065E+3	-1.715792E+4
1.215000E+1	-1.800497E+1	2.288024E+0	-1.800454E+1	7.058092E-2	2.413851E+3	-1.897709E+3	4.696290E+3	-2.861511E+3	7.271030E+3	-1.072060E+4	8.569409E+3	-1.715758E+4
1.216000E+1	-1.799316E+1	2.294856E+0	-1.799273E+1	7.070140E-2	2.413367E+3	-1.898635E+3	4.694883E+3	-2.865573E+3	7.268215E+3	-1.071880E+4	8.565347E+3	-1.715887E+4
1.217000E+1	-1.798182E+1	2.178012E+0	-1.798139E+1	7.081713E-2	2.412788E+3	-1.899795E+3	4.695462E+3	-2.866152E+3	7.269375E+3	-1.071880E+4	8.564768E+3	-1.715831E+4
1.218000E+1	-1.797100E+1	2.249500E+0	-1.797058E+1	7.092746E-2	2.412208E+3	-1.900954E+3	4.696042E+3	-2.866732E+3	7.270534E+3	-1.071880E+4	8.564188E+3	-1.715774E+4
1.219000E+1	-1.796017E+1	2.312593E+0	-1.795974E+1	7.103801E-2	2.412860E+3	-1.901225E+3	4.696515E+3	-2.866980E+3	7.271030E+3	-1.071857E+4	8.564165E+3	-1.715750E+4
1.220000E+1	-1.794969E+1	2.343988E+0	-1.794926E+1	7.114500E-2	2.414433E+3	-1.900832E+3	4.696908E+3	-2.866980E+3	7.271030E+3	-1.071817E+4	8.564558E+3	-1.715750E+4
1.221000E+1	-1.793913E+1	2.245291E+0	-1.793870E+1	7.125275E-2	2.416006E+3	-1.900439E+3	4.697301E+3	-2.866980E+3	7.271030E+3	-1.071776E+4	8.564951E+3	-1.715750E+4
1.222000E+1	-1.792814E+1	2.292141E+0	-1.792771E+1	7.136488E-2	2.417579E+3	-1.900045E+3	4.697695E+3	-2.866980E+3	7.271030E+3	-1.071736E+4	8.565345E+3	-1.715750E+4
1.223000E+1	-1.791767E+1	2.477642E+0	-1.791725E+1	7.147165E-2	2.419152E+3	-1.899652E+3	4.698088E+3	-2.866980E+3	7.271030E+3	-1.071695E+4	8.565738E+3	-1.715750E+4
1.224000E+1	-1.790809E+1	2.290790E+0	-1.790766E+1	7.156950E-2	2.419360E+3	-1.901612E+3	4.699146E+3	-2.864968E+3	7.270024E+3	-1.071690E+4	8.566796E+3	-1.715750E+4
1.225000E+1	-1.789952E+1	2.165090E+0	-1.789909E+1	7.165693E-2	2.418956E+3	-1.902896E+3	4.699788E+3	-2.863482E+3	7.268978E+3	-1.071751E+4	8.567236E+3	-1.715770E+4
1.226000E+1	-1.789031E+1	2.378477E+0	-1.788988E+1	7.175090E-2	2.417473E+3	-1.901413E+3	4.699046E+3	-2.864224E+3	7.268236E+3	-1.071976E+4	8.565753E+3	-1.715842E+4
1.227000E+1	-1.788013E+1	2.424016E+0	-1.787970E+1	7.185475E-2	2.415989E+3	-1.899929E+3	4.698304E+3	-2.864966E+3	7.267494E+3	-1.072200E+4	8.564269E+3	-1.715914E+4
1.228000E+1	-1.787021E+1	2.273750E+0	-1.786978E+1	7.195602E-2	2.415371E+3	-1.899600E+3	4.697851E+3	-2.865130E+3	7.267041E+3	-1.072220E+4	8.563940E+3	-1.715988E+4
1.229000E+1	-1.785978E+1	2.261747E+0	-1.785935E+1	7.206240E-2	2.415000E+3	-1.899600E+3	4.697480E+3	-2.865130E+3	7.266670E+3	-1.072182E+4	8.563940E+3	-1.716062E+4
1.230000E+1	-1.784937E+1	2.274998E+0	-1.784895E+1	7.216860E-2	2.414629E+3	-1.899600E+3	4.697109E+3	-2.865130E+3	7.266299E+3	-1.072144E+4	8.563940E+3	-1.716136E+4
1.231000E+1	-1.784017E+1	2.296746E+0	-1.783974E+1	7.226255E-2	2.414258E+3	-1.899600E+3	4.696738E+3	-2.865130E+3	7.265928E+3	-1.072106E+4	8.563940E+3	-1.716210E+4
1.232000E+1	-1.783132E+1	2.339396E+0	-1.783089E+1	7.235282E-2	2.413887E+3	-1.899600E+3	4.696367E+3	-2.865130E+3	7.265557E+3	-1.072068E+4	8.563940E+3	-1.716285E+4
1.233000E+1	-1.782252E+1	2.215381E+0	-1.782210E+1	7.244256E-2	2.417510E+3	-1.899600E+3	4.699684E+3	-2.865436E+3	7.267330E+3	-1.071751E+4	8.563022E+3	-1.716089E+4
1.234000E+1	-1.781342E+1	2.189237E+0	-1.781299E+1	7.253548E-2	2.417510E+3	-1.899600E+3	4.699298E+3	-2.865822E+3	7.267330E+3	-1.071828E+4	8.561863E+3	-1.716049E+4
1.235000E+1	-1.780335E+1	2.432126E+0	-1.780292E+1	7.263823E-2	2.417510E+3	-1.899600E+3	4.698911E+3	-2.866209E+3	7.267330E+3	-1.071906E+4	8.560703E+3	-1.716009E+4
1.236000E+1	-1.779321E+1	2.417169E+0	-1.779278E+1	7.274169E-2	2.417510E+3	-1.899600E+3	4.698525E+3	-2.866595E+3	7.267330E+3	-1.071983E+4	8.559544E+3	-1.715970E+4
1.237000E+1	-1.778295E+1	2.214857E+0	-1.778252E+1	7.284638E-2	2.417507E+3	-1.899602E+3	4.698140E+3	-2.866980E+3	7.267330E+3	-1.072060E+4	8.558393E+3	-1.715930E+4
1.238000E+1	-1.777287E+1	2.251936E+0	-1.777244E+1	7.294925E-2	2.416779E+3	-1.899965E+3	4.698140E+3	-2.866980E+3	7.267330E+3	-1.071987E+4	8.559121E+3	-1.715930E+4
1.239000E+1	-1.776290E+1	2.397238E+0	-1.776247E+1	7.305097E-2	2.416052E+3	-1.900329E+3	4.698140E+3	-2.866980E+3	7.267330E+3	-1.071914E+4	8.559848E+3	-1.715930E+4
1.240000E+1	-1.775273E+1	2.330369E+0	-1.775230E+1	7.315477E-2	2.415324E+3	-1.900693E+3	4.698140E+3	-2.866980E+3	7.267330E+3	-1.071841E+4	8.560576E+3	-1.715930E+4
1.241000E+1	-1.774186E+1	2.297587E+0	-1.774143E+1	7.326567E-2	2.414597E+3	-1.901057E+3	4.698140E+3	-2.866980E+3	7.267330E+3	-1.071769E+4	8.561303E+3	-1.715930E+4
1.242000E+1	-1.773053E+1	2.286793E+0	-1.773010E+1	7.338127E-2	2.413869E+3	-1.901420E+3	4.698140E+3	-2.866980E+3	7.267330E+3	-1.071696E+4	8.562031E+3	-1.715930E+4
1.243000E+1	-1.771998E+1	2.204485E+0	-1.771956E+1	7.348891E-2	2.413810E+3	-1.900275E+3	4.697553E+3	-2.866980E+3	7.266155E+3	-1.071750E+4	8.562090E+3	-1.715930E+4
1.244000E+1	-1.770989E+1	2.309603E+0	-1.770946E+1	7.359193E-2	2.413810E+3	-1.898996E+3	4.696913E+3	-2.866980E+3	7.264876E+3	-1.071816E+4	8.562090E+3	-1.715930E+4
1.245000E+1	-1.769941E+1	2.367173E+0	-1.769898E+1	7.369884E-2	2.413810E+3	-1.897750E+3	4.696300E+3	-2.866980E+3	7.263620E+3	-1.071882E+4	8.562070E+3	-1.715931E+4
1.246000E+1	-1.768941E+1	2.197321E+0	-1.768898E+1	7.380088E-2	2.413810E+3	-1.897750E+3	4.696687E+3	-2.866980E+3	7.263233E+3	-1.071959E+4	8.561297E+3	-1.715971E+4
1.247000E+1	-1.768061E+1	2.100919E+0	-1.768019E+1	7.389063E-2	2.413810E+3	-1.897750E+3	4.697073E+3	-2.866980E+3	7.262847E+3	-1.072037E+4	8.560524E+3	-1.716010E+4
1.248000E+1	-1.767218E+1	2.342691E+0	-1.767176E+1	7.397665E-2	2.413810E+3	-1.897750E+3	4.697459E+3	-2.866980E+3	7.262461E+3	-1.072114E+4	8.559751E+3	-1.716050E+4
1.249000E+1	-1.766357E+1	2.389837E+0	-1.766315E+1	7.406452E-2	2.413810E+3	-1.897750E+3	4.697846E+3	-2.866980E+3	7.262074E+3	-1.072191E+4	8.558978E+3	-1.716090E+4
1.250000E+1	-1.765476E+1	2.288586E+0	-1.765434E+1	7.415441E-2	2.413810E+3	-1.897805E+3	4.698140E+3	-2.866980E+3	7.261725E+3	-1.072239E+4	8.558390E+3	-1.716125E+4
1.251000E+1	-1.764601E+1	2.277142E+0	-1.764558E+1	7.424376E-2	2.413810E+3	-1.898037E+3	4.698140E+3	-2.866980E+3	7.261493E+3	-1.072193E+4	8.558390E+3	-1.716148E+4
1.252000E+1	-1.763785E+1	2.209768E+0	-1.763743E+1	7.432697E-2	2.413810E+3	-1.898269E+3	4.698140E+3	-2.866980E+3	7.261261E+3	-1.072146E+4	8.558390E+3	-1.716171E+4
1.253000E+1	-1.762932E+1	2.355522E+0	-1.762889E+1	7.441401E-2	2.413810E+3	-1.898501E+3	4.698140E+3	-2.866980E+3	7.261029E+3	-1.072100E+4	8.558390E+3	-1.716193E+4
1.254000E+1	-1.761963E+1	2.396253E+0	-1.761921E+1	7.451287E-2	2.413810E+3	-1.898733E+3	4.698140E+3	-2.866980E+3	7.260797E+3	-1.072053E+4	8.558390E+3	-1.716216E+4
1.255000E+1	-1.760960E+1	2.214699E+0	-1.760917E+1	7.461528E-2	2.413810E+3	-1.898965E+3	4.698140E+3	-2.866980E+3	7.260565E+3	-1.072007E+4	8.558390E+3	-1.716238E+4
1.256000E+1	-1.759969E+1	2.235726E+0	-1.759927E+1	7.471634E-2	2.413810E+3	-1.899197E+3	4.698140E+3	-2.866980E+3	7.260333E+3	-1.071961E+4	8.558390E+3	-1.716261E+4
1.257000E+1	-1.759006E+1	2.408174E+0	-1.758963E+1	7.481468E-2	2.413810E+3	-1.899428E+3	4.698140E+3	-2.866980E+3	7.260102E+3	-1.071914E+4	8.558390E+3	-1.716283E+4
1.258000E+1	-1.758059E+1	2.417015E+0	-1.758017E+1	7.491125E-2	2.413810E+3	-1.899600E+3	4.697572E+3	-2.867264E+3	7.259362E+3	-1.071908E+4	8.556971E+3	-1.716300E+4
1.259000E+1	-1.757142E+1	2.289875E+0	-1.757099E+1	7.500488E-2	2.413810E+3	-1.899600E+3	4.695390E+3	-2.868355E+3	7.257180E+3	-1.072014E+4	8.551515E+3	-1.716300E+4
1.260000E+1	-1.756193E+1	2.224029E+0	-1.756150E+1	7.510173E-2	2.413810E+3	-1.899164E+3	4.694440E+3	-2.869266E+3	7.255794E+3	-1.072060E+4	8.547831E+3	-1.716300E+4
1.261000E+1	-1.755236E+1	2.395376E+0	-1.755193E+1	7.519935E-2	2.413810E+3	-1.898391E+3	4.694440E+3	-2.870039E+3	7.255021E+3	-1.072060E+4	8.545512E+3	-1.716300E+4
1.262000E+1	-1.754288E+1	2.443714E+0	-1.754245E+1	7.529607E-2	2.413845E+3	-1.897820E+3	4.694475E+3	-2.870645E+3	7.254380E+3	-1.072053E+4	8.543660E+3	-1.716300E+4
1.263000E+1	-1.753237E+1	2.233742E+0	-1.753195E+1	7.540328E-2	2.414049E+3	-1.898227E+3	4.694679E+3	-2.870441E+3	7.254380E+3	-1.072012E+4	8.544067E+3	-1.716300E+4
1.264000E+1	-1.752099E+1	2.222238E+0	-1.752056E+1	7.551945E-2	2.414253E+3	-1.898635E+3	4.694883E+3	-2.870237E+3	7.254380E+3	-1.071971E+4	8.544475E+3	-1.716300E+4
1.265000E+1	-1.751056E+1	2.349296E+0	-1.751013E+1	7.562588E-2	2.414456E+3	-1.899043E+3	4.695086E+3	-2.870034E+3	7.254380E+3	-1.071931E+4	8.544883E+3	-1.716300E+4
1.266000E+1	-1.750095E+1	2.297589E+0	-1.750052E+1	7.572392E-2	2.414660E+3	-1.899451E+3	4.695290E+3	-2.869830E+3	7.254380E+3	-1.071890E+4	8.545291E+3	-1.716300E+4
1.267000E+1	-1.749168E+1	2.145423E+0	-1.749125E+1	7.581856E-2	2.414864E+3	-1.899858E+3	4.695494E+3	-2.869626E+3	7.254380E+3	-1.071849E+4	8.545698E+3	-1.716300E+4
1.268000E+1	-1.748249E+1	2.183500E+0	-1.748206E+1	7.591235E-2	2.415068E+3	-1.900266E+3	4.695698E+3	-2.869422E+3	7.254380E+3	-1.071808E+4	8.546106E+3	-1.716300E+4
1.269000E+1	-1.747251E+1	2.342258E+0	-1.747209E+1	7.601410E-2	2.415272E+3	-1.900674E+3	4.695902E+3	-2.869218E+3	7.254380E+3	-1.071768E+4	8.546514E+3	-1.716300E+4
1.270000E+1	-1.746295E+1	2.319529E+0	-1.746252E+1	7.611173E-2	2.415476E+3	-1.901081E+3	4.696106E+3	-2.869014E+3	7.254380E+3	-1.071727E+4	8.546921E+3	-1.716300E+4
1.271000E+1	-1.745397E+1	2.259172E+0	-1.745355E+1	7.620328E-2	2.415767E+3	-1.901343E+3	4.696183E+3	-2.868830E+3	7.254326E+3	-1.071701E+4	8.547290E+3	-1.716306E+4
1.272000E+1	-1.744498E+1	2.208215E+0	-1.744455E+1	7.629509E-2	2.416892E+3	-1.900218E+3	4.695062E+3	-2.868830E+3	7.253764E+3	-1.071813E+4	8.547290E+3	-1.716363E+4
1.273000E+1	-1.743550E+1	2.266604E+0	-1.743508E+1	7.639175E-2	2.418016E+3	-1.899094E+3	4.693940E+3	-2.868830E+3	7.253202E+3	-1.071926E+4	8.547290E+3	-1.716421E+4
1.274000E+1	-1.742560E+1	2.323184E+0	-1.742517E+1	7.649283E-2	2.419140E+3	-1.897970E+3	4.692819E+3	-2.868830E+3	7.252640E+3	-1.072038E+4	8.547290E+3	-1.716479E+4
1.275000E+1	-1.741510E+1	2.325040E+0	-1.741467E+1	7.660000E-2	2.417099E+3	-1.896846E+3	4.692600E+3	-2.868830E+3	7.252078E+3	-1.072106E+4	8.546838E+3	-1.716534E+4
1.276000E+1	-1.740469E+1	2.345371E+0	-1.740426E+1	7.670622E-2	2.414289E+3	-1.895721E+3	4.692600E+3	-2.868830E+3	7.251516E+3	-1.072164E+4	8.546276E+3	-1.716589E+4
1.277000E+1	-1.739470E+1	2.228173E+0	-1.739427E+1	7.680816E-2	2.411478E+3	-1.894597E+3	4.692600E+3	-2.868830E+3	7.250954E+3	-1.072222E+4	8.545714E+3	-1.716643E+4
1.278000E+1	-1.738435E+1	2.350814E+0	-1.738392E+1	7.691375E-2	2.410110E+3	-1.894373E+3	4.692760E+3	-2.868830E+3	7.250357E+3	-1.072218E+4	8.545440E+3	-1.716687E+4
1.279000E+1	-1.737348E+1	2.407841E+0	-1.737305E+1	7.702464E-2	2.410110E+3	-1.895001E+3	4.693073E+3	-2.868830E+3	7.249729E+3	-1.072155E+4	8.545440E+3	-1.716719E+4
1.280000E+1	-1.736213E+1	2.327482E+0	-1.736170E+1	7.714046E-2	2.410110E+3	-1.895630E+3	4.693386E+3	-2.868830E+3	7.249100E+3	-1.072092E+4	8.545440E+3	-1.716751E+4
1.281000E+1	-1.735154E+1	2.345485E+0	-1.735111E+1	7.724851E-2	2.410110E+3	-1.896259E+3	4.693699E+3	-2.868830E+3	7.248471E+3	-1.072029E+4	8.545440E+3	-1.716783E+4
1.282000E+1	-1.734186E+1	2.347576E+0	-1.734143E+1	7.734731E-2	2.410110E+3	-1.896888E+3	4.694011E+3	-2.868830E+3	7.247842E+3	-1.071966E+4	8.545440E+3	-1.716816E+4
1.283000E+1	-1.733287E+1	2.416151E+0	-1.733244E+1	7.743905E-2	2.410110E+3	-1.897517E+3	4.694324E+3	-2.868830E+3	7.247213E+3	-1.071903E+4	8.545440E+3	-1.716848E+4
1.284000E+1	-1.732447E+1	2.389008E+0	-1.732404E+1	7.752476E-2	2.411170E+3	-1.898810E+3	4.694440E+3	-2.869890E+3	7.247510E+3	-1.071880E+4	8.544380E+3	-1.716754E+4
1.285000E+1	-1.731599E+1	2.231188E+0	-1.731557E+1	7.761125E-2	2.412857E+3	-1.900497E+3	4.694440E+3	-2.871577E+3	7.248353E+3	-1.071880E+4	8.542693E+3	-1.716585E+4
1.286000E+1	-1.730676E+1	2.330982E+0	-1.730633E+1	7.770549E-2	2.413748E+3	-1.901450E+3	4.694440E+3	-2.872468E+3	7.248954E+3	-1.071874E+4	8.541678E+3	-1.716490E+4
1.287000E+1	-1.729658E+1	2.510978E+0	-1.729615E+1	7.780933E-2	2.413605E+3	-1.901450E+3	4.694440E+3	-2.872325E+3	7.249239E+3	-1.071859E+4	8.541535E+3	-1.716490E+4
1.288000E+1	-1.728590E+1	2.462969E+0	-1.728547E+1	7.791835E-2	2.413463E+3	-1.901450E+3	4.694440E+3	-2.872183E+3	7.249525E+3	-1.071844E+4	8.541393E+3	-1.716490E+4
1.289000E+1	-1.727565E+1	2.251051E+0	-1.727522E+1	7.802295E-2	2.413320E+3	-1.901450E+3	4.694440E+3	-2.872040E+3	7.249810E+3	-1.071830E+4	8.541250E+3	-1.716490E+4
1.290000E+1	-1.726613E+1	2.302832E+0	-1.726570E+1	7.812004E-2	2.413177E+3	-1.901450E+3	4.694440E+3	-2.871897E+3	7.250096E+3	-1.071815E+4	8.541107E+3	-1.716490E+4
1.291000E+1	-1.725698E+1	2.447141E+0	-1.725655E+1	7.821346E-2	2.413035E+3	-1.901450E+3	4.694440E+3	-2.871755E+3	7.250381E+3	-1.071800E+4	8.540965E+3	-1.716490E+4
1.292000E+1	-1.724787E+1	2.342777E+0	-1.724744E+1	7.830638E-2	2.412892E+3	-1.901450E+3	4.694440E+3	-2.871612E+3	7.250666E+3	-1.071786E+4	8.540822E+3	-1.716490E+4
1.293000E+1	-1.723850E+1	2.347704E+0	-1.723807E+1	7.840200E-2	2.412749E+3	-1.901450E+3	4.694440E+3	-2.871469E+3	7.250952E+3	-1.071771E+4	8.540679E+3	-1.716490E+4
1.294000E+1	-1.722902E+1	2.320858E+0	-1.722860E+1	7.849870E-2	2.412606E+3	-1.901450E+3	4.694440E+3	-2.871326E+3	7.251237E+3	-1.071756E+4	8.540536E+3	-1.716490E+4
1.295000E+1	-1.721935E+1	2.310914E+0	-1.721892E+1	7.859745E-2	2.412464E+3	-1.901450E+3	4.694440E+3	-2.871184E+3	7.251522E+3	-1.071742E+4	8.540394E+3	-1.716490E+4
1.296000E+1	-1.720920E+1	2.405429E+0	-1.720878E+1	7.870094E-2	2.412321E+3	-1.901450E+3	4.694440E+3	-2.871041E+3	7.251808E+3	-1.071727E+4	8.540251E+3	-1.716490E+4
1.297000E+1	-1.719934E+1	2.375981E+0	-1.719891E+1	7.880160E-2	2.412178E+3	-1.901450E+3	4.694440E+3	-2.870898E+3	7.252093E+3	-1.071712E+4	8.540108E+3	-1.716490E+4
1.298000E+1	-1.718934E+1	2.225044E+0	-1.718891E+1	7.890367E-2	2.412036E+3	-1.901450E+3	4.694440E+3	-2.870756E+3	7.252379E+3	-1.071698E+4	8.539966E+3	-1.716490E+4
1.299000E+1	-1.717879E+1	2.334246E+0	-1.717836E+1	7.901131E-2	2.415388E+3	-1.894050E+3	4.694712E+3	-2.868558E+3	7.250680E+3	-1.071906E+4	8.545440E+3	-1.716328E+4
1.300000E+1	-1.716790E+1	2.500166E+0	-1.716747E+1	7.912241E-2	2.414808E+3	-1.894050E+3	4.695292E+3	-2.867978E+3	7.250680E+3	-1.071963E+4	8.545440E+3	-1.716387E+4
1.301000E+1	-1.715711E+1	2.386207E+0	-1.715668E+1	7.923250E-2	2.414229E+3	-1.894050E+3	4.695871E+3	-2.867399E+3	7.250680E+3	-1.072019E+4	8.545440E+3	-1.716447E+4
1.302000E+1	-1.714668E+1	2.274874E+0	-1.714626E+1	7.933891E-2	2.413966E+3	-1.894206E+3	4.696134E+3	-2.867136E+3	7.250524E+3	-1.072029E+4	8.545284E+3	-1.716490E+4
1.303000E+1	-1.713706E+1	2.351657E+0	-1.713663E+1	7.943712E-2	2.414528E+3	-1.894768E+3	4.695572E+3	-2.867698E+3	7.249962E+3	-1.071916E+4	8.544722E+3	-1.716490E+4
1.304000E+1	-1.712771E+1	2.363008E+0	-1.712728E+1	7.953252E-2	2.415090E+3	-1.895330E+3	4.695010E+3	-2.868260E+3	7.249400E+3	-1.071804E+4	8.544160E+3	-1.716490E+4
1.305000E+1	-1.711859E+1	2.325326E+0	-1.711816E+1	7.962559E-2	2.415653E+3	-1.895893E+3	4.694447E+3	-2.868823E+3	7.248837E+3	-1.071691E+4	8.543597E+3	-1.716490E+4
1.306000E+1	-1.711014E+1	2.334798E+0	-1.710971E+1	7.971182E-2	2.415660E+3	-1.896218E+3	4.694282E+3	-2.869148E+3	7.248671E+3	-1.071706E+4	8.542954E+3	-1.716490E+4
1.307000E+1	-1.710079E+1	2.314774E+0	-1.710036E+1	7.980726E-2	2.415660E+3	-1.896541E+3	4.694121E+3	-2.869471E+3	7.248510E+3	-1.071723E+4	8.542310E+3	-1.716490E+4
1.308000E+1	-1.709122E+1	2.378421E+0	-1.709079E+1	7.990485E-2	2.415660E+3	-1.896864E+3	4.693961E+3	-2.869794E+3	7.248348E+3	-1.071739E+4	8.541666E+3	-1.716490E+4
1.309000E+1	-1.708227E+1	2.417960E+0	-1.708184E+1	7.999620E-2	2.415660E+3	-1.897186E+3	4.693800E+3	-2.870116E+3	7.248187E+3	-1.071756E+4	8.541021E+3	-1.716490E+4
1.310000E+1	-1.707369E+1	2.344779E+0	-1.707326E+1	8.008377E-2	2.415660E+3	-1.897509E+3	4.693640E+3	-2.870439E+3	7.248026E+3	-1.071773E+4	8.540377E+3	-1.716490E+4
1.311000E+1	-1.706444E+1	2.180862E+0	-1.706401E+1	8.017816E-2	2.415660E+3	-1.897831E+3	4.693480E+3	-2.870761E+3	7.247864E+3	-1.071789E+4	8.539733E+3	-1.716490E+4
1.312000E+1	-1.705448E+1	2.344290E+0	-1.705405E+1	8.027974E-2	2.415660E+3	-1.898154E+3	4.693319E+3	-2.871084E+3	7.247703E+3	-1.071806E+4	8.539088E+3	-1.716490E+4
1.313000E+1	-1.704436E+1	2.550343E+0	-1.704393E+1	8.038299E-2	2.415660E+3	-1.898477E+3	4.693159E+3	-2.871407E+3	7.247542E+3	-1.071822E+4	8.538444E+3	-1.716490E+4
1.314000E+1	-1.703405E+1	2.360458E+0	-1.703362E+1	8.048826E-2	2.415660E+3	-1.898799E+3	4.692998E+3	-2.871729E+3	7.247380E+3	-1.071839E+4	8.537800E+3	-1.716490E+4
1.315000E+1	-1.702339E+1	2.250515E+0	-1.702297E+1	8.059695E-2	2.415660E+3	-1.899122E+3	4.692838E+3	-2.872052E+3	7.247219E+3	-1.071855E+4	8.537155E+3	-1.716490E+4
1.316000E+1	-1.701303E+1	2.416680E+0	-1.701260E+1	8.070272E-2	2.415660E+3	-1.899444E+3	4.692677E+3	-2.872374E+3	7.247058E+3	-1.071872E+4	8.536511E+3	-1.716490E+4
1.317000E+1	-1.700342E+1	2.433627E+0	-1.700300E+1	8.080073E-2	2.415660E+3	-1.898914E+3	4.694440E+3	-2.870337E+3	7.248487E+3	-1.071612E+4	8.541397E+3	-1.716153E+4
1.318000E+1	-1.699414E+1	2.337960E+0	-1.699371E+1	8.089551E-2	2.415660E+3	-1.897589E+3	4.694440E+3	-2.869675E+3	7.247825E+3	-1.071809E+4	8.540735E+3	-1.716218E+4
1.319000E+1	-1.698497E+1	2.327068E+0	-1.698455E+1	8.098901E-2	2.415660E+3	-1.896265E+3	4.694440E+3	-2.869012E+3	7.247162E+3	-1.072006E+4	8.540072E+3	-1.716282E+4
1.320000E+1	-1.697542E+1	2.433457E+0	-1.697499E+1	8.108647E-2	2.415660E+3	-1.895374E+3	4.694440E+3	-2.868830E+3	7.246453E+3	-1.072060E+4	8.539364E+3	-1.716353E+4
1.321000E+1	-1.696464E+1	2.453492E+0	-1.696421E+1	8.119647E-2	2.415660E+3	-1.894649E+3	4.694440E+3	-2.868830E+3	7.245725E+3	-1.072060E+4	8.538639E+3	-1.716425E+4
1.322000E+1	-1.695319E+1	2.406694E+0	-1.695276E+1	8.131335E-2	2.415660E+3	-1.893923E+3	4.694440E+3	-2.868830E+3	7.244998E+3	-1.072060E+4	8.537913E+3	-1.716498E+4
1.323000E+1	-1.694234E+1	2.376365E+0	-1.694191E+1	8.142403E-2	2.415660E+3	-1.893198E+3	4.694440E+3	-2.868830E+3	7.244270E+3	-1.072060E+4	8.537188E+3	-1.716571E+4
1.324000E+1	-1.693276E+1	2.234776E+0	-1.693234E+1	8.152176E-2	2.415660E+3	-1.892472E+3	4.694440E+3	-2.868830E+3	7.243543E+3	-1.072060E+4	8.536462E+3	-1.716644E+4
1.325000E+1	-1.692378E+1	2.322902E+0	-1.692335E+1	8.161343E-2	2.415037E+3	-1.892520E+3	4.694130E+3	-2.869142E+3	7.242657E+3	-1.071998E+4	8.535577E+3	-1.716702E+4
1.326000E+1	-1.691400E+1	2.444021E+0	-1.691357E+1	8.171327E-2	2.414060E+3	-1.893006E+3	4.693644E+3	-2.869630E+3	7.241680E+3	-1.071900E+4	8.534600E+3	-1.716752E+4
1.327000E+1	-1.690396E+1	2.361475E+0	-1.690353E+1	8.181565E-2	2.413084E+3	-1.893491E+3	4.693159E+3	-2.870118E+3	7.240704E+3	-1.071802E+4	8.533624E+3	-1.716802E+4
1.328000E+1	-1.689349E+1	2.215162E+0	-1.689307E+1	8.192247E-2	2.412108E+3	-1.893977E+3	4.692673E+3	-2.870606E+3	7.239728E+3	-1.071705E+4	8.532648E+3	-1.716852E+4
1.329000E+1	-1.688307E+1	2.257996E+0	-1.688264E+1	8.202886E-2	2.412944E+3	-1.895526E+3	4.693089E+3	-2.871172E+3	7.240072E+3	-1.071690E+4	8.531024E+3	-1.716762E+4
1.330000E+1	-1.687308E+1	2.432137E+0	-1.687265E+1	8.213081E-2	2.414103E+3	-1.897265E+3	4.693666E+3	-2.871752E+3	7.240652E+3	-1.071690E+4	8.529285E+3	-1.716646E+4
1.331000E+1	-1.686318E+1	2.424864E+0	-1.686275E+1	8.223185E-2	2.415263E+3	-1.899004E+3	4.694242E+3	-2.872331E+3	7.241231E+3	-1.071690E+4	8.527546E+3	-1.716530E+4
1.332000E+1	-1.685325E+1	2.253617E+0	-1.685282E+1	8.233316E-2	2.415909E+3	-1.899600E+3	4.694689E+3	-2.872281E+3	7.241928E+3	-1.071666E+4	8.527696E+3	-1.716490E+4
1.333000E+1	-1.684352E+1	2.291310E+0	-1.684309E+1	8.243243E-2	2.416287E+3	-1.899600E+3	4.695067E+3	-2.871903E+3	7.242685E+3	-1.071629E+4	8.528832E+3	-1.716490E+4
1.334000E+1	-1.683419E+1	2.465870E+0	-1.683376E+1	8.252765E-2	2.416666E+3	-1.899600E+3	4.695446E+3	-2.871524E+3	7.243442E+3	-1.071592E+4	8.529968E+3	-1.716490E+4
1.335000E+1	-1.682534E+1	2.400747E+0	-1.682491E+1	8.261796E-2	2.417044E+3	-1.899600E+3	4.695824E+3	-2.871146E+3	7.244199E+3	-1.071555E+4	8.531103E+3	-1.716490E+4
1.336000E+1	-1.681680E+1	2.223807E+0	-1.681637E+1	8.270508E-2	2.417423E+3	-1.899600E+3	4.696203E+3	-2.870767E+3	7.244956E+3	-1.071518E+4	8.532239E+3	-1.716490E+4
1.337000E+1	-1.680723E+1	2.235742E+0	-1.680680E+1	8.280272E-2	2.417049E+3	-1.899139E+3	4.695829E+3	-2.870680E+3	7.244208E+3	-1.071510E+4	8.533422E+3	-1.716490E+4
1.338000E+1	-1.679675E+1	2.473202E+0	-1.679633E+1	8.290962E-2	2.416451E+3	-1.898541E+3	4.695231E+3	-2.870680E+3	7.243012E+3	-1.071510E+4	8.534618E+3	-1.716490E+4
1.339000E+1	-1.678571E+1	2.477174E+0	-1.678528E+1	8.302235E-2	2.415852E+3	-1.897942E+3	4.694632E+3	-2.870680E+3	7.241815E+3	-1.071510E+4	8.535815E+3	-1.716490E+4
1.340000E+1	-1.677457E+1	2.308204E+0	-1.677414E+1	8.313596E-2	2.415315E+3	-1.897750E+3	4.694440E+3	-2.870680E+3	7.241085E+3	-1.071544E+4	8.535683E+3	-1.716507E+4
1.341000E+1	-1.676365E+1	2.271621E+0	-1.676322E+1	8.324740E-2	2.414807E+3	-1.897750E+3	4.694440E+3	-2.870680E+3	7.240577E+3	-1.071595E+4	8.534921E+3	-1.716531E+4
1.342000E+1	-1.675317E+1	2.378947E+0	-1.675274E+1	8.335432E-2	2.414299E+3	-1.897750E+3	4.694440E+3	-2.870680E+3	7.240069E+3	-1.071646E+4	8.534158E+3	-1.716556E+4
1.343000E+1	-1.674288E+1	2.480675E+0	-1.674245E+1	8.345935E-2	2.413791E+3	-1.897750E+3	4.694440E+3	-2.870680E+3	7.239561E+3	-1.071697E+4	8.533396E+3	-1.716581E+4
1.344000E+1	-1.673246E+1	2.424482E+0	-1.673203E+1	8.356569E-2	2.413282E+3	-1.897750E+3	4.694440E+3	-2.870680E+3	7.239052E+3	-1.071748E+4	8.532634E+3	-1.716606E+4
1.345000E+1	-1.672214E+1	2.314551E+0	-1.672171E+1	8.367098E-2	2.412774E+3	-1.897750E+3	4.694440E+3	-2.870680E+3	7.238544E+3	-1.071799E+4	8.531871E+3	-1.716630E+4
1.346000E+1	-1.671118E+1	2.368877E+0	-1.671075E+1	8.378286E-2	2.412266E+3	-1.897750E+3	4.694440E+3	-2.870680E+3	7.238036E+3	-1.071849E+4	8.531109E+3	-1.716655E+4
1.347000E+1	-1.670045E+1	2.504478E+0	-1.670002E+1	8.389231E-2	2.411960E+3	-1.897960E+3	4.694440E+3	-2.870680E+3	7.237730E+3	-1.071869E+4	8.530755E+3	-1.716681E+4
1.348000E+1	-1.669107E+1	2.382698E+0	-1.669065E+1	8.398798E-2	2.411960E+3	-1.898489E+3	4.694440E+3	-2.870680E+3	7.237730E+3	-1.071842E+4	8.531020E+3	-1.716708E+4
1.349000E+1	-1.668206E+1	2.261172E+0	-1.668164E+1	8.407992E-2	2.411960E+3	-1.899018E+3	4.694440E+3	-2.870680E+3	7.237730E+3	-1.071815E+4	8.531284E+3	-1.716735E+4
1.350000E+1	-1.667276E+1	2.374165E+0	-1.667233E+1	8.417488E-2	2.411960E+3	-1.899547E+3	4.694440E+3	-2.870680E+3	7.237730E+3	-1.071788E+4	8.531548E+3	-1.716762E+4
1.351000E+1	-1.666395E+1	2.431101E+0	-1.666352E+1	8.426475E-2	2.411960E+3	-1.900076E+3	4.694440E+3	-2.870680E+3	7.237730E+3	-1.071761E+4	8.531813E+3	-1.716789E+4
1.352000E+1	-1.665546E+1	2.335212E+0	-1.665503E+1	8.435138E-2	2.411960E+3	-1.900604E+3	4.694440E+3	-2.870680E+3	7.237730E+3	-1.071733E+4	8.532077E+3	-1.716817E+4
1.353000E+1	-1.664617E+1	2.339208E+0	-1.664574E+1	8.444618E-2	2.411960E+3	-1.901133E+3	4.694440E+3	-2.870680E+3	7.237730E+3	-1.071706E+4	8.532342E+3	-1.716844E+4
1.354000E+1	-1.663599E+1	2.299361E+0	-1.663557E+1	8.455002E-2	2.413452E+3	-1.901450E+3	4.693698E+3	-2.870680E+3	7.237730E+3	-1.071617E+4	8.531008E+3	-1.716783E+4
1.355000E+1	-1.662528E+1	2.362232E+0	-1.662485E+1	8.465936E-2	2.415549E+3	-1.901339E+3	4.692710E+3	-2.870791E+3	7.237730E+3	-1.071521E+4	8.528356E+3	-1.716659E+4
1.356000E+1	-1.661509E+1	2.498662E+0	-1.661466E+1	8.476335E-2	2.415276E+3	-1.901066E+3	4.692982E+3	-2.871064E+3	7.237730E+3	-1.071547E+4	8.527265E+3	-1.716633E+4
1.357000E+1	-1.660578E+1	2.354118E+0	-1.660535E+1	8.485831E-2	2.415003E+3	-1.900793E+3	4.693253E+3	-2.871337E+3	7.237730E+3	-1.071574E+4	8.526174E+3	-1.716606E+4
1.358000E+1	-1.659732E+1	2.254853E+0	-1.659689E+1	8.494467E-2	2.414731E+3	-1.900521E+3	4.693524E+3	-2.871609E+3	7.237730E+3	-1.071600E+4	8.525083E+3	-1.716580E+4
1.359000E+1	-1.658928E+1	2.435416E+0	-1.658885E+1	8.502672E-2	2.414458E+3	-1.900248E+3	4.693796E+3	-2.871882E+3	7.237730E+3	-1.071627E+4	8.523991E+3	-1.716553E+4
1.360000E+1	-1.658076E+1	2.472715E+0	-1.658033E+1	8.511362E-2	2.414185E+3	-1.899975E+3	4.694067E+3	-2.872155E+3	7.237730E+3	-1.071654E+4	8.522900E+3	-1.716526E+4
1.361000E+1	-1.657180E+1	2.294083E+0	-1.657137E+1	8.520508E-2	2.413912E+3	-1.899702E+3	4.694338E+3	-2.872428E+3	7.237730E+3	-1.071680E+4	8.521809E+3	-1.716500E+4
1.362000E+1	-1.656213E+1	2.222033E+0	-1.656170E+1	8.530372E-2	2.413166E+3	-1.900244E+3	4.693799E+3	-2.872530E+3	7.237730E+3	-1.071561E+4	8.522044E+3	-1.716490E+4
1.363000E+1	-1.655176E+1	2.350174E+0	-1.655133E+1	8.540958E-2	2.412135E+3	-1.901275E+3	4.692774E+3	-2.872530E+3	7.237730E+3	-1.071355E+4	8.523075E+3	-1.716490E+4
1.364000E+1	-1.654145E+1	2.433746E+0	-1.654103E+1	8.551471E-2	2.412400E+3	-1.901010E+3	4.692600E+3	-2.872090E+3	7.237510E+3	-1.071343E+4	8.523690E+3	-1.716511E+4
1.365000E+1	-1.653109E+1	2.370954E+0	-1.653066E+1	8.562049E-2	2.412930E+3	-1.900480E+3	4.692600E+3	-2.871560E+3	7.237245E+3	-1.071370E+4	8.524220E+3	-1.716537E+4
1.366000E+1	-1.652050E+1	2.363275E+0	-1.652007E+1	8.572858E-2	2.413460E+3	-1.899950E+3	4.692600E+3	-2.871030E+3	7.236980E+3	-1.071397E+4	8.524750E+3	-1.716563E+4
1.367000E+1	-1.650958E+1	2.363087E+0	-1.650915E+1	8.583995E-2	2.413990E+3	-1.899420E+3	4.692600E+3	-2.870500E+3	7.236715E+3	-1.071424E+4	8.525280E+3	-1.716589E+4
1.368000E+1	-1.649953E+1	2.359431E+0	-1.649911E+1	8.594248E-2	2.414520E+3	-1.898890E+3	4.692600E+3	-2.869970E+3	7.236450E+3	-1.071451E+4	8.525810E+3	-1.716615E+4
1.369000E+1	-1.649042E+1	2.319075E+0	-1.649000E+1	8.603544E-2	2.415050E+3	-1.898360E+3	4.692600E+3	-2.869440E+3	7.236185E+3	-1.071479E+4	8.526340E+3	-1.716640E+4
1.370000E+1	-1.648056E+1	2.359191E+0	-1.648013E+1	8.613611E-2	2.415580E+3	-1.897830E+3	4.692600E+3	-2.868910E+3	7.235920E+3	-1.071506E+4	8.526870E+3	-1.716666E+4
1.371000E+1	-1.647118E+1	2.274383E+0	-1.647075E+1	8.623181E-2	2.413411E+3	-1.896626E+3	4.693718E+3	-2.869954E+3	7.233631E+3	-1.071844E+4	8.522453E+3	-1.716785E+4
1.372000E+1	-1.646184E+1	2.300492E+0	-1.646141E+1	8.632714E-2	2.411570E+3	-1.896095E+3	4.694440E+3	-2.870680E+3	7.231595E+3	-1.072021E+4	8.519550E+3	-1.716879E+4
1.373000E+1	-1.645138E+1	2.448501E+0	-1.645096E+1	8.643379E-2	2.410707E+3	-1.896527E+3	4.694440E+3	-2.870680E+3	7.230300E+3	-1.071935E+4	8.519550E+3	-1.716921E+4
1.374000E+1	-1.644085E+1	2.403213E+0	-1.644042E+1	8.654128E-2	2.409844E+3	-1.896958E+3	4.694440E+3	-2.870680E+3	7.229006E+3	-1.071848E+4	8.519550E+3	-1.716963E+4
1.375000E+1	-1.643073E+1	2.329326E+0	-1.643030E+1	8.664460E-2	2.408981E+3	-1.897389E+3	4.694440E+3	-2.870680E+3	7.227712E+3	-1.071762E+4	8.519550E+3	-1.717005E+4
1.376000E+1	-1.642010E+1	2.335922E+0	-1.641967E+1	8.675301E-2	2.408349E+3	-1.897661E+3	4.694351E+3	-2.870769E+3	7.226630E+3	-1.071690E+4	8.519371E+3	-1.717031E+4
1.377000E+1	-1.640988E+1	2.430680E+0	-1.640945E+1	8.685735E-2	2.408895E+3	-1.897115E+3	4.693809E+3	-2.871315E+3	7.226630E+3	-1.071690E+4	8.518280E+3	-1.716978E+4
1.378000E+1	-1.640029E+1	2.483451E+0	-1.639986E+1	8.695515E-2	2.409440E+3	-1.896570E+3	4.693266E+3	-2.871860E+3	7.226630E+3	-1.071690E+4	8.517189E+3	-1.716925E+4
1.379000E+1	-1.639043E+1	2.286904E+0	-1.639000E+1	8.705581E-2	2.409986E+3	-1.896024E+3	4.692723E+3	-2.872406E+3	7.226630E+3	-1.071690E+4	8.516098E+3	-1.716872E+4
1.380000E+1	-1.638051E+1	2.296728E+0	-1.638008E+1	8.715700E-2	2.410447E+3	-1.895900E+3	4.692600E+3	-2.872699E+3	7.227136E+3	-1.071674E+4	8.515850E+3	-1.716843E+4
1.381000E+1	-1.637020E+1	2.504280E+0	-1.636977E+1	8.726224E-2	2.410884E+3	-1.895900E+3	4.692600E+3	-2.872917E+3	7.227791E+3	-1.071652E+4	8.515850E+3	-1.716820E+4
1.382000E+1	-1.635945E+1	2.403508E+0	-1.635902E+1	8.737189E-2	2.411320E+3	-1.895900E+3	4.692600E+3	-2.873135E+3	7.228445E+3	-1.071631E+4	8.515850E+3	-1.716798E+4
1.383000E+1	-1.634902E+1	2.345750E+0	-1.634859E+1	8.747838E-2	2.411757E+3	-1.895900E+3	4.692600E+3	-2.873353E+3	7.229100E+3	-1.071610E+4	8.515850E+3	-1.716775E+4
1.384000E+1	-1.633935E+1	2.339240E+0	-1.633893E+1	8.757695E-2	2.412193E+3	-1.895900E+3	4.692600E+3	-2.873572E+3	7.229755E+3	-1.071589E+4	8.515850E+3	-1.716753E+4
1.385000E+1	-1.632963E+1	2.397913E+0	-1.632920E+1	8.767616E-2	2.412630E+3	-1.895900E+3	4.692600E+3	-2.873790E+3	7.230409E+3	-1.071567E+4	8.515850E+3	-1.716731E+4
1.386000E+1	-1.631956E+1	2.417532E+0	-1.631914E+1	8.777890E-2	2.413066E+3	-1.895900E+3	4.692600E+3	-2.874008E+3	7.231064E+3	-1.071546E+4	8.515850E+3	-1.716708E+4
1.387000E+1	-1.630960E+1	2.362027E+0	-1.630917E+1	8.788058E-2	2.413503E+3	-1.895900E+3	4.692600E+3	-2.874226E+3	7.231719E+3	-1.071525E+4	8.515850E+3	-1.716686E+4
1.388000E+1	-1.629957E+1	2.301263E+0	-1.629914E+1	8.798289E-2	2.413962E+3	-1.896205E+3	4.692751E+3	-2.874228E+3	7.232332E+3	-1.071480E+4	8.516459E+3	-1.716655E+4
1.389000E+1	-1.628941E+1	2.352202E+0	-1.628898E+1	8.808660E-2	2.414478E+3	-1.897235E+3	4.693264E+3	-2.873712E+3	7.232848E+3	-1.071376E+4	8.518520E+3	-1.716605E+4
1.390000E+1	-1.627972E+1	2.517970E+0	-1.627930E+1	8.818543E-2	2.414993E+3	-1.898266E+3	4.693776E+3	-2.873197E+3	7.233363E+3	-1.071273E+4	8.520581E+3	-1.716555E+4
1.391000E+1	-1.627069E+1	2.433297E+0	-1.627026E+1	8.827758E-2	2.415508E+3	-1.899296E+3	4.694289E+3	-2.872682E+3	7.233878E+3	-1.071170E+4	8.522642E+3	-1.716505E+4
1.392000E+1	-1.626156E+1	2.252236E+0	-1.626113E+1	8.837078E-2	2.415091E+3	-1.897894E+3	4.693874E+3	-2.871961E+3	7.232893E+3	-1.071254E+4	8.522681E+3	-1.716545E+4
1.393000E+1	-1.625220E+1	2.360211E+0	-1.625177E+1	8.846628E-2	2.414285E+3	-1.895474E+3	4.693072E+3	-2.871155E+3	7.231280E+3	-1.071415E+4	8.521875E+3	-1.716624E+4
1.394000E+1	-1.624313E+1	2.438296E+0	-1.624270E+1	8.855882E-2	2.414287E+3	-1.894050E+3	4.692600E+3	-2.870680E+3	7.229853E+3	-1.071605E+4	8.520446E+3	-1.716719E+4
1.395000E+1	-1.623447E+1	2.409038E+0	-1.623404E+1	8.864719E-2	2.415446E+3	-1.894050E+3	4.692600E+3	-2.870680E+3	7.228694E+3	-1.071837E+4	8.518128E+3	-1.716838E+4
1.396000E+1	-1.622543E+1	2.346141E+0	-1.622500E+1	8.873946E-2	2.414850E+3	-1.894050E+3	4.692869E+3	-2.870680E+3	7.227940E+3	-1.071826E+4	8.517700E+3	-1.716886E+4
1.397000E+1	-1.621460E+1	2.227209E+0	-1.621418E+1	8.884992E-2	2.413856E+3	-1.894050E+3	4.693198E+3	-2.870680E+3	7.227277E+3	-1.071760E+4	8.517700E+3	-1.716919E+4
1.398000E+1	-1.620299E+1	2.391113E+0	-1.620256E+1	8.896844E-2	2.412862E+3	-1.894050E+3	4.693528E+3	-2.870680E+3	7.226615E+3	-1.071693E+4	8.517700E+3	-1.716951E+4
1.399000E+1	-1.619167E+1	2.507679E+0	-1.619124E+1	8.908391E-2	2.411868E+3	-1.894050E+3	4.693857E+3	-2.870680E+3	7.225952E+3	-1.071627E+4	8.517700E+3	-1.716983E+4
1.400000E+1	-1.618054E+1	2.375017E+0	-1.618011E+1	8.919750E-2	2.410875E+3	-1.894050E+3	4.694186E+3	-2.870680E+3	7.225290E+3	-1.071561E+4	8.517700E+3	-1.717015E+4
1.401000E+1	-1.617050E+1	2.209088E+0	-1.617007E+1	8.929998E-2	2.410199E+3	-1.894050E+3	4.694262E+3	-2.870858E+3	7.224691E+3	-1.071501E+4	8.517344E+3	-1.717031E+4
1.402000E+1	-1.616049E+1	2.314758E+0	-1.616006E+1	8.940215E-2	2.410585E+3	-1.894050E+3	4.693492E+3	-2.871631E+3	7.224305E+3	-1.071461E+4	8.515798E+3	-1.716994E+4
1.403000E+1	-1.615057E+1	2.530070E+0	-1.615014E+1	8.950337E-2	2.410972E+3	-1.894050E+3	4.692721E+3	-2.872404E+3	7.223918E+3	-1.071421E+4	8.514252E+3	-1.716956E+4
1.404000E+1	-1.614171E+1	2.408375E+0	-1.614128E+1	8.959376E-2	2.411358E+3	-1.894050E+3	4.691950E+3	-2.873177E+3	7.223532E+3	-1.071382E+4	8.512707E+3	-1.716919E+4
1.405000E+1	-1.613260E+1	2.244513E+0	-1.613217E+1	8.968667E-2	2.411745E+3	-1.894050E+3	4.691179E+3	-2.873949E+3	7.223145E+3	-1.071342E+4	8.511161E+3	-1.716881E+4
1.406000E+1	-1.612315E+1	2.340304E+0	-1.612272E+1	8.978311E-2	2.410590E+3	-1.898161E+3	4.690750E+3	-2.875750E+3	7.224300E+3	-1.071461E+4	8.507560E+3	-1.716860E+4
1.407000E+1	-1.611411E+1	2.452750E+0	-1.611368E+1	8.987540E-2	2.410110E+3	-1.899259E+3	4.691091E+3	-2.875889E+3	7.224099E+3	-1.071442E+4	8.507281E+3	-1.716860E+4
1.408000E+1	-1.610487E+1	2.374093E+0	-1.610444E+1	8.996965E-2	2.410110E+3	-1.898856E+3	4.691494E+3	-2.875486E+3	7.223292E+3	-1.071361E+4	8.508088E+3	-1.716860E+4
1.409000E+1	-1.609521E+1	2.247153E+0	-1.609478E+1	9.006826E-2	2.410110E+3	-1.898453E+3	4.691897E+3	-2.875083E+3	7.222486E+3	-1.071281E+4	8.508894E+3	-1.716860E+4
1.410000E+1	-1.608551E+1	2.324856E+0	-1.608508E+1	9.016725E-2	2.410110E+3	-1.898050E+3	4.692300E+3	-2.874680E+3	7.221679E+3	-1.071200E+4	8.509701E+3	-1.716860E+4
1.411000E+1	-1.607580E+1	2.496212E+0	-1.607538E+1	9.026625E-2	2.410110E+3	-1.897374E+3	4.692600E+3	-2.874380E+3	7.220830E+3	-1.071177E+4	8.510174E+3	-1.716872E+4
1.412000E+1	-1.606640E+1	2.450456E+0	-1.606597E+1	9.036220E-2	2.410110E+3	-1.895912E+3	4.692600E+3	-2.874380E+3	7.219856E+3	-1.071322E+4	8.509686E+3	-1.716920E+4
1.413000E+1	-1.605609E+1	2.373222E+0	-1.605566E+1	9.046743E-2	2.410110E+3	-1.894451E+3	4.692600E+3	-2.874380E+3	7.218882E+3	-1.071468E+4	8.509198E+3	-1.716967E+4
1.414000E+1	-1.604520E+1	2.362009E+0	-1.604478E+1	9.057849E-2	2.410110E+3	-1.892989E+3	4.692600E+3	-2.874380E+3	7.217909E+3	-1.071613E+4	8.508710E+3	-1.717015E+4
1.415000E+1	-1.603569E+1	2.392891E+0	-1.603527E+1	9.067553E-2	2.409839E+3	-1.892210E+3	4.692600E+3	-2.874109E+3	7.217119E+3	-1.071718E+4	8.507908E+3	-1.717094E+4
1.416000E+1	-1.602651E+1	2.400675E+0	-1.602608E+1	9.076922E-2	2.409259E+3	-1.892210E+3	4.692600E+3	-2.873529E+3	7.216539E+3	-1.071777E+4	8.506749E+3	-1.717210E+4
1.417000E+1	-1.601646E+1	2.425420E+0	-1.601603E+1	9.087177E-2	2.408680E+3	-1.892210E+3	4.692600E+3	-2.872950E+3	7.215960E+3	-1.071837E+4	8.505590E+3	-1.717326E+4
1.418000E+1	-1.600625E+1	2.344199E+0	-1.600582E+1	9.097599E-2	2.408367E+3	-1.892316E+3	4.692387E+3	-2.872637E+3	7.215327E+3	-1.071869E+4	8.504643E+3	-1.717421E+4
1.419000E+1	-1.599596E+1	2.289284E+0	-1.599553E+1	9.108102E-2	2.408753E+3	-1.892700E+3	4.691614E+3	-2.873023E+3	7.214554E+3	-1.071829E+4	8.504257E+3	-1.717461E+4
1.420000E+1	-1.598622E+1	2.472710E+0	-1.598579E+1	9.118038E-2	2.409139E+3	-1.893085E+3	4.690841E+3	-2.873409E+3	7.213781E+3	-1.071790E+4	8.503871E+3	-1.717500E+4
1.421000E+1	-1.597649E+1	2.432261E+0	-1.597606E+1	9.127966E-2	2.409526E+3	-1.893469E+3	4.690068E+3	-2.873796E+3	7.213008E+3	-1.071750E+4	8.503484E+3	-1.717540E+4
1.422000E+1	-1.596635E+1	2.283708E+0	-1.596592E+1	9.138310E-2	2.409912E+3	-1.893853E+3	4.689295E+3	-2.874182E+3	7.212235E+3	-1.071710E+4	8.503098E+3	-1.717580E+4
1.423000E+1	-1.595688E+1	2.308611E+0	-1.595646E+1	9.147971E-2	2.410385E+3	-1.894050E+3	4.689175E+3	-2.874655E+3	7.211840E+3	-1.071663E+4	8.502076E+3	-1.717572E+4
1.424000E+1	-1.594736E+1	2.460312E+0	-1.594693E+1	9.157693E-2	2.410947E+3	-1.894050E+3	4.689737E+3	-2.875217E+3	7.211840E+3	-1.071609E+4	8.500390E+3	-1.717514E+4
1.425000E+1	-1.593828E+1	2.467791E+0	-1.593785E+1	9.166955E-2	2.411509E+3	-1.894050E+3	4.690299E+3	-2.875779E+3	7.211840E+3	-1.071554E+4	8.498703E+3	-1.717456E+4
1.426000E+1	-1.592967E+1	2.273691E+0	-1.592924E+1	9.175739E-2	2.411960E+3	-1.894191E+3	4.690750E+3	-2.876230E+3	7.211981E+3	-1.071510E+4	8.497350E+3	-1.717403E+4
1.427000E+1	-1.592071E+1	2.244934E+0	-1.592028E+1	9.184888E-2	2.411960E+3	-1.894904E+3	4.690750E+3	-2.876230E+3	7.212694E+3	-1.071510E+4	8.497350E+3	-1.717368E+4
1.428000E+1	-1.591186E+1	2.495991E+0	-1.591143E+1	9.193919E-2	2.411960E+3	-1.895618E+3	4.690750E+3	-2.876230E+3	7.213408E+3	-1.071510E+4	8.497350E+3	-1.717334E+4
1.429000E+1	-1.590374E+1	2.488024E+0	-1.590331E+1	9.202198E-2	2.411960E+3	-1.896331E+3	4.690750E+3	-2.876230E+3	7.214121E+3	-1.071510E+4	8.497350E+3	-1.717299E+4
1.430000E+1	-1.589486E+1	2.278727E+0	-1.589443E+1	9.211265E-2	2.411960E+3	-1.897045E+3	4.690750E+3	-2.876230E+3	7.214835E+3	-1.071510E+4	8.497350E+3	-1.717264E+4
1.431000E+1	-1.588483E+1	2.290297E+0	-1.588440E+1	9.221495E-2	2.411960E+3	-1.897743E+3	4.690750E+3	-2.876230E+3	7.215537E+3	-1.071509E+4	8.497360E+3	-1.717230E+4
1.432000E+1	-1.587413E+1	2.391476E+0	-1.587370E+1	9.232414E-2	2.411960E+3	-1.897154E+3	4.690750E+3	-2.876230E+3	7.215242E+3	-1.071450E+4	8.498243E+3	-1.717230E+4
1.433000E+1	-1.586358E+1	2.419187E+0	-1.586315E+1	9.243179E-2	2.411960E+3	-1.896566E+3	4.690750E+3	-2.876230E+3	7.214948E+3	-1.071392E+4	8.499127E+3	-1.717230E+4
1.434000E+1	-1.585427E+1	2.354290E+0	-1.585384E+1	9.252678E-2	2.411960E+3	-1.895977E+3	4.690750E+3	-2.876230E+3	7.214653E+3	-1.071333E+4	8.500010E+3	-1.717230E+4
1.435000E+1	-1.584496E+1	2.344328E+0	-1.584454E+1	9.262175E-2	2.411960E+3	-1.895388E+3	4.690750E+3	-2.876230E+3	7.214359E+3	-1.071274E+4	8.500893E+3	-1.717230E+4
1.436000E+1	-1.583487E+1	2.295375E+0	-1.583444E+1	9.272476E-2	2.411960E+3	-1.894799E+3	4.690750E+3	-2.876230E+3	7.214065E+3	-1.071215E+4	8.501776E+3	-1.717230E+4
1.437000E+1	-1.582408E+1	2.374507E+0	-1.582365E+1	9.283488E-2	2.411960E+3	-1.894210E+3	4.690750E+3	-2.876230E+3	7.213770E+3	-1.071156E+4	8.502660E+3	-1.717230E+4
1.438000E+1	-1.581283E+1	2.482219E+0	-1.581240E+1	9.294965E-2	2.412214E+3	-1.893797E+3	4.690750E+3	-2.875976E+3	7.213690E+3	-1.071191E+4	8.502646E+3	-1.717255E+4
1.439000E+1	-1.580162E+1	2.336199E+0	-1.580120E+1	9.306401E-2	2.412564E+3	-1.893449E+3	4.690750E+3	-2.875626E+3	7.213690E+3	-1.071261E+4	8.502296E+3	-1.717289E+4
1.440000E+1	-1.579110E+1	2.260632E+0	-1.579067E+1	9.317136E-2	2.412913E+3	-1.893102E+3	4.690750E+3	-2.875277E+3	7.213690E+3	-1.071331E+4	8.501947E+3	-1.717323E+4
1.441000E+1	-1.578085E+1	2.471120E+0	-1.578042E+1	9.327602E-2	2.413263E+3	-1.892754E+3	4.690750E+3	-2.874927E+3	7.213690E+3	-1.071401E+4	8.501597E+3	-1.717357E+4
1.442000E+1	-1.577071E+1	2.501614E+0	-1.577028E+1	9.337946E-2	2.413612E+3	-1.892407E+3	4.690750E+3	-2.874578E+3	7.213690E+3	-1.071470E+4	8.501248E+3	-1.717391E+4
1.443000E+1	-1.576050E+1	2.312812E+0	-1.576007E+1	9.348364E-2	2.414212E+3	-1.892610E+3	4.691553E+3	-2.873173E+3	7.215700E+3	-1.071469E+4	8.503867E+3	-1.717290E+4
1.444000E+1	-1.575064E+1	2.261407E+0	-1.575022E+1	9.358421E-2	2.415140E+3	-1.893533E+3	4.693402E+3	-2.870391E+3	7.220332E+3	-1.071373E+4	8.510359E+3	-1.717015E+4
1.445000E+1	-1.574140E+1	2.440622E+0	-1.574097E+1	9.367853E-2	2.415660E+3	-1.894262E+3	4.694440E+3	-2.868936E+3	7.223142E+3	-1.071299E+4	8.514106E+3	-1.716839E+4
1.446000E+1	-1.573194E+1	2.518420E+0	-1.573151E+1	9.377510E-2	2.415660E+3	-1.894743E+3	4.694440E+3	-2.869177E+3	7.223623E+3	-1.071251E+4	8.514347E+3	-1.716791E+4
1.447000E+1	-1.572207E+1	2.401834E+0	-1.572164E+1	9.387582E-2	2.415660E+3	-1.895225E+3	4.694440E+3	-2.869418E+3	7.224105E+3	-1.071202E+4	8.514588E+3	-1.716742E+4
1.448000E+1	-1.571201E+1	2.409467E+0	-1.571158E+1	9.397842E-2	2.415660E+3	-1.895707E+3	4.694440E+3	-2.869658E+3	7.224587E+3	-1.071154E+4	8.514828E+3	-1.716694E+4
1.449000E+1	-1.570246E+1	2.412146E+0	-1.570203E+1	9.407586E-2	2.415660E+3	-1.896189E+3	4.694440E+3	-2.869899E+3	7.225069E+3	-1.071106E+4	8.515069E+3	-1.716646E+4
1.450000E+1	-1.569334E+1	2.414323E+0	-1.569291E+1	9.416897E-2	2.415660E+3	-1.896671E+3	4.694440E+3	-2.870140E+3	7.225551E+3	-1.071058E+4	8.515310E+3	-1.716598E+4
1.451000E+1	-1.568385E+1	2.407653E+0	-1.568343E+1	9.426574E-2	2.415660E+3	-1.897152E+3	4.694440E+3	-2.870381E+3	7.226032E+3	-1.071010E+4	8.515551E+3	-1.716550E+4
1.452000E+1	-1.567453E+1	2.288637E+0	-1.567410E+1	9.436087E-2	2.415660E+3	-1.897634E+3	4.694440E+3	-2.870622E+3	7.226514E+3	-1.070962E+4	8.515792E+3	-1.716502E+4
1.453000E+1	-1.566609E+1	2.321876E+0	-1.566566E+1	9.444697E-2	2.415660E+3	-1.899031E+3	4.695080E+3	-2.870680E+3	7.225990E+3	-1.070950E+4	8.513288E+3	-1.716490E+4
1.454000E+1	-1.565771E+1	2.420023E+0	-1.565728E+1	9.453250E-2	2.415660E+3	-1.900717E+3	4.695924E+3	-2.870680E+3	7.225146E+3	-1.070950E+4	8.509915E+3	-1.716490E+4
1.455000E+1	-1.564874E+1	2.396754E+0	-1.564831E+1	9.462408E-2	2.415537E+3	-1.901203E+3	4.696167E+3	-2.870803E+3	7.224657E+3	-1.070950E+4	8.508203E+3	-1.716502E+4
1.456000E+1	-1.563888E+1	2.401615E+0	-1.563846E+1	9.472461E-2	2.415318E+3	-1.900767E+3	4.695948E+3	-2.871022E+3	7.224438E+3	-1.070950E+4	8.507767E+3	-1.716523E+4
1.457000E+1	-1.562818E+1	2.312623E+0	-1.562775E+1	9.483389E-2	2.415100E+3	-1.900330E+3	4.695730E+3	-2.871240E+3	7.224220E+3	-1.070950E+4	8.507330E+3	-1.716544E+4
1.458000E+1	-1.561843E+1	2.332935E+0	-1.561800E+1	9.493333E-2	2.414882E+3	-1.899894E+3	4.695512E+3	-2.871458E+3	7.224002E+3	-1.070950E+4	8.506894E+3	-1.716566E+4
1.459000E+1	-1.560916E+1	2.459756E+0	-1.560873E+1	9.502792E-2	2.414664E+3	-1.899457E+3	4.695294E+3	-2.871676E+3	7.223784E+3	-1.070950E+4	8.506457E+3	-1.716587E+4
1.460000E+1	-1.559881E+1	2.419527E+0	-1.559838E+1	9.513358E-2	2.414445E+3	-1.899021E+3	4.695075E+3	-2.871895E+3	7.223565E+3	-1.070950E+4	8.506021E+3	-1.716608E+4
1.461000E+1	-1.558836E+1	2.308008E+0	-1.558794E+1	9.524013E-2	2.414227E+3	-1.898584E+3	4.694857E+3	-2.872113E+3	7.223347E+3	-1.070950E+4	8.505584E+3	-1.716629E+4
1.462000E+1	-1.557800E+1	2.398537E+0	-1.557757E+1	9.534585E-2	2.414009E+3	-1.898148E+3	4.694639E+3	-2.872331E+3	7.223129E+3	-1.070950E+4	8.505148E+3	-1.716651E+4
1.463000E+1	-1.556746E+1	2.484329E+0	-1.556704E+1	9.545338E-2	2.415589E+3	-1.895900E+3	4.694440E+3	-2.874309E+3	7.220938E+3	-1.070608E+4	8.508308E+3	-1.716684E+4
1.464000E+1	-1.555637E+1	2.413462E+0	-1.555594E+1	9.556657E-2	2.414782E+3	-1.895900E+3	4.694440E+3	-2.873502E+3	7.219329E+3	-1.070931E+4	8.506695E+3	-1.716846E+4
1.465000E+1	-1.554602E+1	2.367641E+0	-1.554559E+1	9.567223E-2	2.413976E+3	-1.895900E+3	4.694440E+3	-2.872696E+3	7.217721E+3	-1.071254E+4	8.505082E+3	-1.717007E+4
1.466000E+1	-1.553663E+1	2.376905E+0	-1.553620E+1	9.576800E-2	2.413587E+3	-1.895900E+3	4.694440E+3	-2.872530E+3	7.217390E+3	-1.071298E+4	8.504750E+3	-1.717040E+4
1.467000E+1	-1.552735E+1	2.412011E+0	-1.552692E+1	9.586272E-2	2.413306E+3	-1.895900E+3	4.694440E+3	-2.872530E+3	7.217390E+3	-1.071271E+4	8.504750E+3	-1.717040E+4
1.468000E+1	-1.551810E+1	2.458927E+0	-1.551767E+1	9.595712E-2	2.413025E+3	-1.895900E+3	4.694440E+3	-2.872530E+3	7.217390E+3	-1.071244E+4	8.504750E+3	-1.717040E+4
1.469000E+1	-1.550941E+1	2.399317E+0	-1.550899E+1	9.604573E-2	2.412744E+3	-1.895900E+3	4.694440E+3	-2.872530E+3	7.217390E+3	-1.071216E+4	8.504750E+3	-1.717040E+4
1.470000E+1	-1.550080E+1	2.340334E+0	-1.550037E+1	9.613361E-2	2.412463E+3	-1.895900E+3	4.694440E+3	-2.872530E+3	7.217390E+3	-1.071189E+4	8.504750E+3	-1.717040E+4
1.471000E+1	-1.549059E+1	2.505560E+0	-1.549016E+1	9.623784E-2	2.412181E+3	-1.895900E+3	4.694440E+3	-2.872530E+3	7.217390E+3	-1.071162E+4	8.504750E+3	-1.717040E+4
1.472000E+1	-1.547999E+1	2.524231E+0	-1.547956E+1	9.634597E-2	2.411837E+3	-1.896023E+3	4.694440E+3	-2.872653E+3	7.217144E+3	-1.071127E+4	8.504627E+3	-1.717040E+4
1.473000E+1	-1.546978E+1	2.391695E+0	-1.546936E+1	9.645012E-2	2.411258E+3	-1.896602E+3	4.694440E+3	-2.873232E+3	7.215986E+3	-1.071068E+4	8.504048E+3	-1.717040E+4
1.474000E+1	-1.545952E+1	2.272616E+0	-1.545910E+1	9.655482E-2	2.410679E+3	-1.897181E+3	4.694440E+3	-2.873811E+3	7.214828E+3	-1.071008E+4	8.503469E+3	-1.717040E+4
1.475000E+1	-1.544937E+1	2.419038E+0	-1.544894E+1	9.665841E-2	2.410116E+3	-1.897750E+3	4.694440E+3	-2.874378E+3	7.213692E+3	-1.070950E+4	8.502894E+3	-1.717040E+4
1.476000E+1	-1.543920E+1	2.558141E+0	-1.543877E+1	9.676225E-2	2.410441E+3	-1.897750E+3	4.694440E+3	-2.874270E+3	7.213800E+3	-1.070950E+4	8.502569E+3	-1.717029E+4
1.477000E+1	-1.542833E+1	2.417541E+0	-1.542790E+1	9.687313E-2	2.410767E+3	-1.897750E+3	4.694440E+3	-2.874161E+3	7.213909E+3	-1.070950E+4	8.502243E+3	-1.717019E+4
1.478000E+1	-1.541752E+1	2.349326E+0	-1.541709E+1	9.698346E-2	2.411092E+3	-1.897750E+3	4.694440E+3	-2.874053E+3	7.214017E+3	-1.070950E+4	8.501918E+3	-1.717008E+4
1.479000E+1	-1.540712E+1	2.447388E+0	-1.540669E+1	9.708957E-2	2.411418E+3	-1.897750E+3	4.694440E+3	-2.873944E+3	7.214126E+3	-1.070950E+4	8.501592E+3	-1.716998E+4
1.480000E+1	-1.539687E+1	2.560955E+0	-1.539644E+1	9.719416E-2	2.411743E+3	-1.897750E+3	4.694440E+3	-2.873836E+3	7.214234E+3	-1.070950E+4	8.501267E+3	-1.716987E+4
1.481000E+1	-1.538663E+1	2.487036E+0	-1.538620E+1	9.729863E-2	2.412069E+3	-1.897750E+3	4.694440E+3	-2.873727E+3	7.214343E+3	-1.070950E+4	8.500941E+3	-1.716976E+4
1.482000E+1	-1.537683E+1	2.372190E+0	-1.537640E+1	9.739866E-2	2.412394E+3	-1.897750E+3	4.694440E+3	-2.873619E+3	7.214451E+3	-1.070950E+4	8.500616E+3	-1.716966E+4
1.483000E+1	-1.536701E+1	2.354346E+0	-1.536658E+1	9.749882E-2	2.412720E+3	-1.897750E+3	4.694440E+3	-2.873510E+3	7.214560E+3	-1.070950E+4	8.500290E+3	-1.716955E+4
1.484000E+1	-1.535716E+1	2.425883E+0	-1.535673E+1	9.759938E-2	2.413045E+3	-1.897750E+3	4.694440E+3	-2.873402E+3	7.214668E+3	-1.070950E+4	8.499965E+3	-1.716945E+4
1.485000E+1	-1.534737E+1	2.504468E+0	-1.534694E+1	9.769925E-2	2.413371E+3	-1.897750E+3	4.694440E+3	-2.873293E+3	7.214777E+3	-1.070950E+4	8.499639E+3	-1.716934E+4
1.486000E+1	-1.533730E+1	2.477861E+0	-1.533687E+1	9.780199E-2	2.413696E+3	-1.897750E+3	4.694440E+3	-2.873185E+3	7.214885E+3	-1.070950E+4	8.499314E+3	-1.716924E+4
1.487000E+1	-1.532721E+1	2.319887E+0	-1.532678E+1	9.790493E-2	2.414022E+3	-1.897750E+3	4.694440E+3	-2.873076E+3	7.214994E+3	-1.070950E+4	8.498988E+3	-1.716913E+4
1.488000E+1	-1.531671E+1	2.398363E+0	-1.531628E+1	9.801210E-2	2.414347E+3	-1.897750E+3	4.694440E+3	-2.872968E+3	7.215102E+3	-1.070950E+4	8.498663E+3	-1.716903E+4
1.489000E+1	-1.530559E+1	2.506743E+0	-1.530516E+1	9.812557E-2	2.414672E+3	-1.897750E+3	4.694440E+3	-2.872859E+3	7.215211E+3	-1.070950E+4	8.498338E+3	-1.716892E+4
1.490000E+1	-1.529480E+1	2.402465E+0	-1.529437E+1	9.823566E-2	2.414998E+3	-1.897750E+3	4.694440E+3	-2.872751E+3	7.215319E+3	-1.070950E+4	8.498012E+3	-1.716881E+4
1.491000E+1	-1.528434E+1	2.309412E+0	-1.528391E+1	9.834246E-2	2.415323E+3	-1.897750E+3	4.694440E+3	-2.872642E+3	7.215428E+3	-1.070950E+4	8.497687E+3	-1.716871E+4
1.492000E+1	-1.527381E+1	2.379976E+0	-1.527338E+1	9.844986E-2	2.415649E+3	-1.897750E+3	4.694440E+3	-2.872534E+3	7.215536E+3	-1.070950E+4	8.497361E+3	-1.716860E+4
1.493000E+1	-1.526320E+1	2.501025E+0	-1.526278E+1	9.855808E-2	2.412254E+3	-1.899306E+3	4.694440E+3	-2.872530E+3	7.217096E+3	-1.070580E+4	8.500081E+3	-1.716700E+4
1.494000E+1	-1.525299E+1	2.379578E+0	-1.525256E+1	9.866228E-2	2.412558E+3	-1.899002E+3	4.694440E+3	-2.872530E+3	7.216792E+3	-1.070580E+4	8.500994E+3	-1.716731E+4
1.495000E+1	-1.524323E+1	2.333333E+0	-1.524280E+1	9.876187E-2	2.412862E+3	-1.898698E+3	4.694440E+3	-2.872530E+3	7.216488E+3	-1.070580E+4	8.501906E+3	-1.716763E+4
1.496000E+1	-1.523312E+1	2.387366E+0	-1.523269E+1	9.886507E-2	2.413166E+3	-1.898394E+3	4.694440E+3	-2.872530E+3	7.216184E+3	-1.070580E+4	8.502818E+3	-1.716794E+4
1.497000E+1	-1.522299E+1	2.426729E+0	-1.522256E+1	9.896847E-2	2.413470E+3	-1.898090E+3	4.694440E+3	-2.872530E+3	7.215880E+3	-1.070580E+4	8.503731E+3	-1.716825E+4
1.498000E+1	-1.521370E+1	2.512175E+0	-1.521327E+1	9.906320E-2	2.413774E+3	-1.897786E+3	4.694440E+3	-2.872530E+3	7.215576E+3	-1.070580E+4	8.504643E+3	-1.716856E+4
1.499000E+1	-1.520482E+1	2.435124E+0	-1.520440E+1	9.915379E-2	2.413681E+3	-1.897750E+3	4.694376E+3	-2.876295E+3	7.208075E+3	-1.070776E+4	8.491606E+3	-1.717047E+4
1.500000E+1	-1.519549E+1	2.355867E+0	-1.519506E+1	9.924907E-2	2.412981E+3	-1.897750E+3	4.694028E+3	-2.876644E+3	7.207726E+3	-1.070810E+4	8.490557E+3	-1.717083E+4
1.501000E+1	-1.518586E+1	2.474538E+0	-1.518543E+1	9.934735E-2	2.412281E+3	-1.897750E+3	4.693680E+3	-2.876994E+3	7.207376E+3	-1.070844E+4	8.489507E+3	-1.717119E+4
1.502000E+1	-1.517659E+1	2.537323E+0	-1.517616E+1	9.944188E-2	2.411581E+3	-1.897750E+3	4.693332E+3	-2.877344E+3	7.207026E+3	-1.070878E+4	8.488457E+3	-1.717154E+4
1.503000E+1	-1.516824E+1	2.478070E+0	-1.516781E+1	9.952715E-2	2.410881E+3	-1.897750E+3	4.692983E+3	-2.877694E+3	7.206676E+3	-1.070912E+4	8.487407E+3	-1.717190E+4
1.504000E+1	-1.516042E+1	2.310399E+0	-1.515999E+1	9.960690E-2	2.410181E+3	-1.897750E+3	4.692635E+3	-2.878044E+3	7.206326E+3	-1.070947E+4	8.486357E+3	-1.717226E+4
1.505000E+1	-1.515191E+1	2.395946E+0	-1.515148E+1	9.969376E-2	2.414131E+3	-1.897429E+3	4.694440E+3	-2.875589E+3	7.209990E+3	-1.070431E+4	8.494291E+3	-1.717009E+4
1.506000E+1	-1.514242E+1	2.616185E+0	-1.514199E+1	9.979058E-2	2.414487E+3	-1.897073E+3	4.694440E+3	-2.874876E+3	7.209990E+3	-1.070466E+4	8.495004E+3	-1.716974E+4
1.507000E+1	-1.513245E+1	2.487090E+0	-1.513202E+1	9.989233E-2	2.414844E+3	-1.896716E+3	4.694440E+3	-2.874162E+3	7.209990E+3	-1.070501E+4	8.495718E+3	-1.716939E+4
1.508000E+1	-1.512234E+1	2.351261E+0	-1.512191E+1	9.999547E-2	2.415201E+3	-1.896359E+3	4.694440E+3	-2.873449E+3	7.209990E+3	-1.070535E+4	8.496431E+3	-1.716905E+4
1.509000E+1	-1.511259E+1	2.409315E+0	-1.511216E+1	1.000950E-1	2.415557E+3	-1.896003E+3	4.694440E+3	-2.872735E+3	7.209990E+3	-1.070570E+4	8.497145E+3	-1.716870E+4
1.510000E+1	-1.510396E+1	2.520781E+0	-1.510353E+1	1.001830E-1	2.414459E+3	-1.895101E+3	4.694440E+3	-2.872530E+3	7.208789E+3	-1.070660E+4	8.495748E+3	-1.716940E+4
1.511000E+1	-1.509721E+1	2.491989E+0	-1.509678E+1	1.002519E-1	2.412772E+3	-1.893980E+3	4.694440E+3	-2.872530E+3	7.207102E+3	-1.070773E+4	8.493500E+3	-1.717053E+4
1.512000E+1	-1.509168E+1	2.388442E+0	-1.509125E+1	1.003083E-1	2.411086E+3	-1.892859E+3	4.694440E+3	-2.872530E+3	7.205416E+3	-1.070885E+4	8.491251E+3	-1.717165E+4
1.513000E+1	-1.508788E+1	2.387618E+0	-1.508745E+1	1.003471E-1	2.409797E+3	-1.892522E+3	4.694285E+3	-2.872530E+3	7.203971E+3	-1.070950E+4	8.489637E+3	-1.717261E+4
1.514000E+1	-1.508596E+1	2.459690E+0	-1.508553E+1	1.003667E-1	2.409056E+3	-1.893262E+3	4.693916E+3	-2.872530E+3	7.202858E+3	-1.070950E+4	8.488896E+3	-1.717335E+4
1.515000E+1	-1.508509E+1	2.469646E+0	-1.508467E+1	1.003755E-1	2.408314E+3	-1.894002E+3	4.693547E+3	-2.872530E+3	7.201745E+3	-1.070950E+4	8.488154E+3	-1.717410E+4
1.516000E+1	-1.508471E+1	2.463655E+0	-1.508428E+1	1.003795E-1	2.407572E+3	-1.894742E+3	4.693178E+3	-2.872530E+3	7.200632E+3	-1.070950E+4	8.487412E+3	-1.717484E+4
1.517000E+1	-1.508458E+1	2.322328E+0	-1.508415E+1	1.003808E-1	2.406830E+3	-1.895481E+3	4.692809E+3	-2.872530E+3	7.199519E+3	-1.070950E+4	8.486670E+3	-1.717558E+4
1.518000E+1	-1.508422E+1	2.421526E+0	-1.508379E+1	1.003845E-1	2.407030E+3	-1.895590E+3	4.692290E+3	-2.873460E+3	7.198270E+3	-1.070950E+4	8.485012E+3	-1.717600E+4
1.519000E+1	-1.508379E+1	2.487062E+0	-1.508336E+1	1.003888E-1	2.408457E+3	-1.894877E+3	4.691577E+3	-2.875600E+3	7.196843E+3	-1.070950E+4	8.482162E+3	-1.717600E+4
1.520000E+1	-1.508348E+1	2.461816E+0	-1.508305E+1	1.003920E-1	2.409883E+3	-1.894163E+3	4.690863E+3	-2.877740E+3	7.195417E+3	-1.070950E+4	8.479313E+3	-1.717600E+4
1.521000E+1	-1.508303E+1	2.432957E+0	-1.508260E+1	1.003966E-1	2.410110E+3	-1.893861E+3	4.690750E+3	-2.878270E+3	7.195190E+3	-1.070950E+4	8.478289E+3	-1.717619E+4
1.522000E+1	-1.508262E+1	2.313498E+0	-1.508219E+1	1.004008E-1	2.410110E+3	-1.893636E+3	4.690750E+3	-2.878497E+3	7.195190E+3	-1.070950E+4	8.477610E+3	-1.717641E+4
1.523000E+1	-1.508223E+1	2.461373E+0	-1.508180E+1	1.004048E-1	2.410110E+3	-1.893411E+3	4.690750E+3	-2.878723E+3	7.195190E+3	-1.070950E+4	8.476932E+3	-1.717663E+4
1.524000E+1	-1.508202E+1	2.487297E+0	-1.508160E+1	1.004069E-1	2.410110E+3	-1.893186E+3	4.690750E+3	-2.878949E+3	7.195190E+3	-1.070950E+4	8.476253E+3	-1.717685E+4
1.525000E+1	-1.508184E+1	2.408845E+0	-1.508141E+1	1.004087E-1	2.410110E+3	-1.892961E+3	4.690750E+3	-2.879175E+3	7.195190E+3	-1.070950E+4	8.475574E+3	-1.717707E+4
1.526000E+1	-1.508168E+1	2.375406E+0	-1.508125E+1	1.004104E-1	2.410110E+3	-1.892736E+3	4.690750E+3	-2.879401E+3	7.195190E+3	-1.070950E+4	8.474896E+3	-1.717729E+4
1.527000E+1	-1.508156E+1	2.379685E+0	-1.508113E+1	1.004116E-1	2.410110E+3	-1.892511E+3	4.690750E+3	-2.879628E+3	7.195190E+3	-1.070950E+4	8.474217E+3	-1.717751E+4
1.528000E+1	-1.508147E+1	2.531363E+0	-1.508104E+1	1.004125E-1	2.410110E+3	-1.892286E+3	4.690750E+3	-2.879854E+3	7.195190E+3	-1.070950E+4	8.473539E+3	-1.717773E+4
1.529000E+1	-1.508141E+1	2.486006E+0	-1.508098E+1	1.004132E-1	2.410110E+3	-1.892210E+3	4.690750E+3	-2.879930E+3	7.194875E+3	-1.070919E+4	8.473941E+3	-1.717780E+4
1.530000E+1	-1.508131E+1	2.389616E+0	-1.508088E+1	1.004141E-1	2.410110E+3	-1.892210E+3	4.690750E+3	-2.879930E+3	7.194399E+3	-1.070873E+4	8.474892E+3	-1.717780E+4
1.531000E+1	-1.508126E+1	2.408056E+0	-1.508083E+1	1.004146E-1	2.410110E+3	-1.892210E+3	4.690750E+3	-2.879930E+3	7.193923E+3	-1.070827E+4	8.475844E+3	-1.717780E+4
1.532000E+1	-1.508123E+1	2.506131E+0	-1.508080E+1	1.004150E-1	2.410110E+3	-1.892210E+3	4.690750E+3	-2.879930E+3	7.193448E+3	-1.070780E+4	8.476795E+3	-1.717780E+4
1.533000E+1	-1.508103E+1	2.483794E+0	-1.508060E+1	1.004170E-1	2.409688E+3	-1.892210E+3	4.690328E+3	-2.879508E+3	7.192918E+3	-1.070854E+4	8.476588E+3	-1.717780E+4
1.534000E+1	-1.508081E+1	2.386942E+0	-1.508039E+1	1.004192E-1	2.409142E+3	-1.892210E+3	4.689782E+3	-2.878962E+3	7.192372E+3	-1.070964E+4	8.476042E+3	-1.717780E+4
1.535000E+1	-1.508070E+1	2.376011E+0	-1.508027E+1	1.004203E-1	2.408597E+3	-1.892210E+3	4.689237E+3	-2.878417E+3	7.191827E+3	-1.071073E+4	8.475497E+3	-1.717780E+4
1.536000E+1	-1.508059E+1	2.436718E+0	-1.508016E+1	1.004215E-1	2.408126E+3	-1.892076E+3	4.688900E+3	-2.878080E+3	7.191222E+3	-1.071167E+4	8.474892E+3	-1.717807E+4
1.537000E+1	-1.508058E+1	2.425739E+0	-1.508015E+1	1.004216E-1	2.407776E+3	-1.891726E+3	4.688900E+3	-2.878080E+3	7.190522E+3	-1.071237E+4	8.474192E+3	-1.717877E+4
1.538000E+1	-1.508060E+1	2.446262E+0	-1.508017E+1	1.004214E-1	2.407426E+3	-1.891376E+3	4.688900E+3	-2.878080E+3	7.189822E+3	-1.071307E+4	8.473492E+3	-1.717947E+4
1.539000E+1	-1.508050E+1	2.385822E+0	-1.508007E+1	1.004224E-1	2.407076E+3	-1.891026E+3	4.688900E+3	-2.878080E+3	7.189122E+3	-1.071377E+4	8.472792E+3	-1.718017E+4
1.540000E+1	-1.508050E+1	2.382115E+0	-1.508007E+1	1.004224E-1	2.406726E+3	-1.890676E+3	4.688900E+3	-2.878080E+3	7.188422E+3	-1.071447E+4	8.472092E+3	-1.718087E+4
1.541000E+1	-1.508056E+1	2.523188E+0	-1.508013E+1	1.004218E-1	2.406410E+3	-1.890384E+3	4.688900E+3	-2.878080E+3	7.187766E+3	-1.071505E+4	8.471460E+3	-1.718152E+4
1.542000E+1	-1.508054E+1	2.445798E+0	-1.508011E+1	1.004220E-1	2.406410E+3	-1.890628E+3	4.688900E+3	-2.878080E+3	7.187522E+3	-1.071456E+4	8.471460E+3	-1.718177E+4
1.543000E+1	-1.508047E+1	2.421986E+0	-1.508004E+1	1.004227E-1	2.406410E+3	-1.890872E+3	4.688900E+3	-2.878080E+3	7.187278E+3	-1.071408E+4	8.471460E+3	-1.718203E+4
1.544000E+1	-1.508038E+1	2.450726E+0	-1.507995E+1	1.004236E-1	2.406410E+3	-1.891116E+3	4.688900E+3	-2.878080E+3	7.187034E+3	-1.071359E+4	8.471460E+3	-1.718228E+4
1.545000E+1	-1.508037E+1	2.541385E+0	-1.507994E+1	1.004238E-1	2.406410E+3	-1.891360E+3	4.688900E+3	-2.878080E+3	7.186790E+3	-1.071310E+4	8.471460E+3	-1.718253E+4
1.546000E+1	-1.508042E+1	2.471468E+0	-1.507999E+1	1.004232E-1	2.406410E+3	-1.891604E+3	4.688900E+3	-2.878080E+3	7.186546E+3	-1.071261E+4	8.471460E+3	-1.718278E+4
1.547000E+1	-1.508045E+1	2.379802E+0	-1.508003E+1	1.004229E-1	2.406410E+3	-1.891848E+3	4.688900E+3	-2.878080E+3	7.186302E+3	-1.071212E+4	8.471460E+3	-1.718303E+4
1.548000E+1	-1.508034E+1	2.406966E+0	-1.507991E+1	1.004241E-1	2.406410E+3	-1.892092E+3	4.688900E+3	-2.878080E+3	7.186058E+3	-1.071164E+4	8.471460E+3	-1.718328E+4
1.549000E+1	-1.508028E+1	2.513638E+0	-1.507985E+1	1.004247E-1	2.407780E+3	-1.890840E+3	4.686570E+3	-2.879450E+3	7.185940E+3	-1.071140E+4	8.465020E+3	-1.717970E+4
1.550000E+1	-1.508028E+1	2.476512E+0	-1.507985E+1	1.004246E-1	2.408260E+3	-1.890781E+3	4.687050E+3	-2.880141E+3	7.185940E+3	-1.071118E+4	8.464904E+3	-1.717970E+4
1.551000E+1	-1.508027E+1	2.380379E+0	-1.507984E+1	1.004248E-1	2.408260E+3	-1.891295E+3	4.687050E+3	-2.880399E+3	7.185940E+3	-1.071092E+4	8.465934E+3	-1.717970E+4
1.552000E+1	-1.508029E+1	2.319789E+0	-1.507986E+1	1.004246E-1	2.408260E+3	-1.891809E+3	4.687050E+3	-2.880656E+3	7.185940E+3	-1.071065E+4	8.466965E+3	-1.717970E+4
1.553000E+1	-1.508030E+1	2.478980E+0	-1.507987E+1	1.004244E-1	2.408260E+3	-1.892322E+3	4.687050E+3	-2.880914E+3	7.185940E+3	-1.071039E+4	8.467996E+3	-1.717970E+4
1.554000E+1	-1.508033E+1	2.480313E+0	-1.507990E+1	1.004242E-1	2.408260E+3	-1.892836E+3	4.687050E+3	-2.881172E+3	7.185940E+3	-1.071012E+4	8.469026E+3	-1.717970E+4
1.555000E+1	-1.508033E+1	2.368014E+0	-1.507990E+1	1.004241E-1	2.408260E+3	-1.893350E+3	4.687050E+3	-2.881429E+3	7.185940E+3	-1.070986E+4	8.470057E+3	-1.717970E+4
1.556000E+1	-1.508033E+1	2.374666E+0	-1.507991E+1	1.004241E-1	2.408260E+3	-1.893864E+3	4.687050E+3	-2.881687E+3	7.185940E+3	-1.070960E+4	8.471087E+3	-1.717970E+4
1.557000E+1	-1.508030E+1	2.360754E+0	-1.507987E+1	1.004245E-1	2.408260E+3	-1.893164E+3	4.687050E+3	-2.881484E+3	7.185644E+3	-1.071009E+4	8.471164E+3	-1.717999E+4
1.558000E+1	-1.508030E+1	2.483841E+0	-1.507987E+1	1.004245E-1	2.408260E+3	-1.891775E+3	4.687050E+3	-2.881020E+3	7.185180E+3	-1.071102E+4	8.470700E+3	-1.718044E+4
1.559000E+1	-1.508028E+1	2.457537E+0	-1.507985E+1	1.004247E-1	2.408260E+3	-1.890386E+3	4.687050E+3	-2.880557E+3	7.184717E+3	-1.071195E+4	8.470237E+3	-1.718089E+4
1.560000E+1	-1.508026E+1	2.320612E+0	-1.507983E+1	1.004249E-1	2.408260E+3	-1.888998E+3	4.687050E+3	-2.880093E+3	7.184253E+3	-1.071287E+4	8.469773E+3	-1.718134E+4
1.561000E+1	-1.508027E+1	2.378946E+0	-1.507984E+1	1.004248E-1	2.407806E+3	-1.888737E+3	4.687050E+3	-2.879930E+3	7.183863E+3	-1.071343E+4	8.469383E+3	-1.718195E+4
1.562000E+1	-1.508033E+1	2.515305E+0	-1.507990E+1	1.004242E-1	2.407106E+3	-1.889087E+3	4.687050E+3	-2.879930E+3	7.183513E+3	-1.071379E+4	8.469033E+3	-1.718265E+4
1.563000E+1	-1.508031E+1	2.504841E+0	-1.507988E+1	1.004243E-1	2.406406E+3	-1.889437E+3	4.687050E+3	-2.879930E+3	7.183163E+3	-1.071415E+4	8.468683E+3	-1.718335E+4
1.564000E+1	-1.508031E+1	2.379744E+0	-1.507988E+1	1.004244E-1	2.405706E+3	-1.889787E+3	4.687050E+3	-2.879930E+3	7.182813E+3	-1.071451E+4	8.468333E+3	-1.718405E+4
1.565000E+1	-1.508034E+1	2.337093E+0	-1.507991E+1	1.004241E-1	2.405006E+3	-1.890137E+3	4.687050E+3	-2.879930E+3	7.182463E+3	-1.071487E+4	8.467983E+3	-1.718475E+4
1.566000E+1	-1.508033E+1	2.474518E+0	-1.507990E+1	1.004241E-1	2.404733E+3	-1.890360E+3	4.686705E+3	-2.879757E+3	7.181895E+3	-1.071475E+4	8.467415E+3	-1.718520E+4
1.567000E+1	-1.508035E+1	2.490344E+0	-1.507993E+1	1.004239E-1	2.405208E+3	-1.890360E+3	4.685753E+3	-2.879282E+3	7.180943E+3	-1.071380E+4	8.466463E+3	-1.718520E+4
1.568000E+1	-1.508040E+1	2.470823E+0	-1.507997E+1	1.004235E-1	2.405684E+3	-1.890360E+3	4.684802E+3	-2.878806E+3	7.179992E+3	-1.071285E+4	8.465512E+3	-1.718520E+4
1.569000E+1	-1.508051E+1	2.371177E+0	-1.508008E+1	1.004223E-1	2.406160E+3	-1.890360E+3	4.683851E+3	-2.878330E+3	7.179041E+3	-1.071190E+4	8.464561E+3	-1.718520E+4
1.570000E+1	-1.508054E+1	2.358750E+0	-1.508011E+1	1.004220E-1	2.406594E+3	-1.890176E+3	4.683350E+3	-2.878447E+3	7.178540E+3	-1.071158E+4	8.463325E+3	-1.718502E+4
1.571000E+1	-1.508053E+1	2.494511E+0	-1.508010E+1	1.004221E-1	2.406982E+3	-1.889788E+3	4.683350E+3	-2.879223E+3	7.178540E+3	-1.071196E+4	8.461774E+3	-1.718464E+4
1.572000E+1	-1.508055E+1	2.459318E+0	-1.508013E+1	1.004219E-1	2.407369E+3	-1.889401E+3	4.683350E+3	-2.879999E+3	7.178540E+3	-1.071233E+4	8.460222E+3	-1.718427E+4
1.573000E+1	-1.508046E+1	2.410919E+0	-1.508003E+1	1.004228E-1	2.407757E+3	-1.889013E+3	4.683350E+3	-2.880775E+3	7.178540E+3	-1.071271E+4	8.458671E+3	-1.718389E+4
1.574000E+1	-1.508050E+1	2.356128E+0	-1.508007E+1	1.004224E-1	2.408145E+3	-1.888625E+3	4.683350E+3	-2.881550E+3	7.178540E+3	-1.071309E+4	8.457119E+3	-1.718351E+4
1.575000E+1	-1.508051E+1	2.471966E+0	-1.508009E+1	1.004223E-1	2.407956E+3	-1.888814E+3	4.683654E+3	-2.882386E+3	7.178540E+3	-1.071351E+4	8.456356E+3	-1.718340E+4
1.576000E+1	-1.508047E+1	2.490450E+0	-1.508004E+1	1.004227E-1	2.407525E+3	-1.889245E+3	4.684085E+3	-2.883246E+3	7.178540E+3	-1.071395E+4	8.455925E+3	-1.718340E+4
1.577000E+1	-1.508049E+1	2.355496E+0	-1.508006E+1	1.004225E-1	2.407094E+3	-1.889676E+3	4.684516E+3	-2.884107E+3	7.178540E+3	-1.071440E+4	8.455494E+3	-1.718340E+4
1.578000E+1	-1.508050E+1	2.294236E+0	-1.508007E+1	1.004224E-1	2.406662E+3	-1.890108E+3	4.684948E+3	-2.884967E+3	7.178540E+3	-1.071484E+4	8.455062E+3	-1.718340E+4
1.579000E+1	-1.508050E+1	2.365201E+0	-1.508007E+1	1.004224E-1	2.406114E+3	-1.890360E+3	4.685200E+3	-2.885322E+3	7.178244E+3	-1.071495E+4	8.455106E+3	-1.718340E+4
1.580000E+1	-1.508048E+1	2.431149E+0	-1.508006E+1	1.004226E-1	2.405400E+3	-1.890360E+3	4.685200E+3	-2.884965E+3	7.177530E+3	-1.071458E+4	8.455820E+3	-1.718340E+4
1.581000E+1	-1.508045E+1	2.406712E+0	-1.508002E+1	1.004229E-1	2.404687E+3	-1.890360E+3	4.685200E+3	-2.884608E+3	7.176817E+3	-1.071422E+4	8.456533E+3	-1.718340E+4
1.582000E+1	-1.508036E+1	2.319099E+0	-1.507993E+1	1.004239E-1	2.403973E+3	-1.890360E+3	4.685200E+3	-2.884252E+3	7.176103E+3	-1.071385E+4	8.457247E+3	-1.718340E+4
1.583000E+1	-1.508038E+1	2.414025E+0	-1.507995E+1	1.004236E-1	2.403260E+3	-1.890360E+3	4.685200E+3	-2.883895E+3	7.175390E+3	-1.071348E+4	8.457960E+3	-1.718340E+4
1.584000E+1	-1.508039E+1	2.470204E+0	-1.507997E+1	1.004235E-1	2.404533E+3	-1.889752E+3	4.684592E+3	-2.882408E+3	7.174840E+3	-1.071504E+4	8.457902E+3	-1.718399E+4
1.585000E+1	-1.508041E+1	2.419941E+0	-1.507998E+1	1.004233E-1	2.408151E+3	-1.888619E+3	4.683459E+3	-2.879930E+3	7.174840E+3	-1.071869E+4	8.456660E+3	-1.718531E+4
1.586000E+1	-1.508045E+1	2.367721E+0	-1.508002E+1	1.004229E-1	2.407944E+3	-1.888826E+3	4.683666E+3	-2.879930E+3	7.174840E+3	-1.071848E+4	8.456660E+3	-1.718552E+4
1.587000E+1	-1.508048E+1	2.313485E+0	-1.508005E+1	1.004226E-1	2.407738E+3	-1.889032E+3	4.683872E+3	-2.879930E+3	7.174840E+3	-1.071826E+4	8.456660E+3	-1.718574E+4
1.588000E+1	-1.508051E+1	2.501489E+0	-1.508008E+1	1.004223E-1	2.407532E+3	-1.889238E+3	4.684078E+3	-2.879930E+3	7.174840E+3	-1.071805E+4	8.456660E+3	-1.718595E+4
1.589000E+1	-1.508057E+1	2.406499E+0	-1.508014E+1	1.004217E-1	2.407326E+3	-1.889444E+3	4.684284E+3	-2.879930E+3	7.174840E+3	-1.071784E+4	8.456660E+3	-1.718616E+4
1.590000E+1	-1.508063E+1	2.299617E+0	-1.508020E+1	1.004211E-1	2.407120E+3	-1.889650E+3	4.684490E+3	-2.879930E+3	7.174840E+3	-1.071763E+4	8.456660E+3	-1.718637E+4
1.591000E+1	-1.508071E+1	2.366642E+0	-1.508028E+1	1.004203E-1	2.406914E+3	-1.889856E+3	4.684696E+3	-2.879930E+3	7.174840E+3	-1.071742E+4	8.456660E+3	-1.718658E+4
1.592000E+1	-1.508077E+1	2.435873E+0	-1.508035E+1	1.004196E-1	2.406708E+3	-1.890062E+3	4.684902E+3	-2.879930E+3	7.174840E+3	-1.071721E+4	8.456660E+3	-1.718679E+4
1.593000E+1	-1.508081E+1	2.487760E+0	-1.508038E+1	1.004192E-1	2.406502E+3	-1.890268E+3	4.685108E+3	-2.879930E+3	7.174840E+3	-1.071699E+4	8.456660E+3	-1.718701E+4
1.594000E+1	-1.508082E+1	2.378151E+0	-1.508039E+1	1.004191E-1	2.404179E+3	-1.890741E+3	4.684819E+3	-2.883620E+3	7.173371E+3	-1.071510E+4	8.455897E+3	-1.718710E+4
1.595000E+1	-1.508092E+1	2.383514E+0	-1.508049E+1	1.004182E-1	2.403492E+3	-1.891428E+3	4.684132E+3	-2.883620E+3	7.174058E+3	-1.071510E+4	8.454523E+3	-1.718710E+4
1.596000E+1	-1.508099E+1	2.462940E+0	-1.508056E+1	1.004174E-1	2.402805E+3	-1.892115E+3	4.683445E+3	-2.883620E+3	7.174745E+3	-1.071510E+4	8.453149E+3	-1.718710E+4
1.597000E+1	-1.508101E+1	2.452679E+0	-1.508058E+1	1.004172E-1	2.403742E+3	-1.892723E+3	4.683866E+3	-2.884136E+3	7.175356E+3	-1.071457E+4	8.453476E+3	-1.718657E+4
1.598000E+1	-1.508098E+1	2.419964E+0	-1.508055E+1	1.004176E-1	2.404939E+3	-1.893318E+3	4.684464E+3	-2.884734E+3	7.175954E+3	-1.071396E+4	8.454074E+3	-1.718596E+4
1.599000E+1	-1.508096E+1	2.332330E+0	-1.508053E+1	1.004177E-1	2.406135E+3	-1.893913E+3	4.685063E+3	-2.885333E+3	7.176553E+3	-1.071334E+4	8.454673E+3	-1.718534E+4
1.600000E+1	-1.508089E+1	2.364590E+0	-1.508047E+1	1.004184E-1	2.406759E+3	-1.892657E+3	4.685200E+3	-2.884775E+3	7.176690E+3	-1.071286E+4	8.456205E+3	-1.718520E+4
1.601000E+1	-1.508092E+1	2.473643E+0	-1.508049E+1	1.004181E-1	2.407211E+3	-1.890850E+3	4.685200E+3	-2.883872E+3	7.176690E+3	-1.071242E+4	8.458014E+3	-1.718520E+4
1.602000E+1	-1.508101E+1	2.358996E+0	-1.508059E+1	1.004172E-1	2.407664E+3	-1.889043E+3	4.685200E+3	-2.882970E+3	7.176690E+3	-1.071198E+4	8.459824E+3	-1.718520E+4
1.603000E+1	-1.508111E+1	2.359362E+0	-1.508068E+1	1.004162E-1	2.408116E+3	-1.887235E+3	4.685200E+3	-2.882067E+3	7.176690E+3	-1.071154E+4	8.461634E+3	-1.718520E+4
1.604000E+1	-1.508112E+1	2.320711E+0	-1.508070E+1	1.004160E-1	2.407877E+3	-1.886660E+3	4.684434E+3	-2.881780E+3	7.175924E+3	-1.071254E+4	8.461061E+3	-1.718559E+4
1.605000E+1	-1.508114E+1	2.424739E+0	-1.508072E+1	1.004158E-1	2.407315E+3	-1.886660E+3	4.683310E+3	-2.881780E+3	7.174800E+3	-1.071421E+4	8.459374E+3	-1.718617E+4
1.606000E+1	-1.508121E+1	2.466632E+0	-1.508078E+1	1.004152E-1	2.406753E+3	-1.886660E+3	4.682185E+3	-2.881780E+3	7.173675E+3	-1.071588E+4	8.457688E+3	-1.718675E+4
1.607000E+1	-1.508120E+1	2.350993E+0	-1.508077E+1	1.004152E-1	2.406410E+3	-1.887103E+3	4.681648E+3	-2.881632E+3	7.172990E+3	-1.071676E+4	8.456660E+3	-1.718740E+4
1.608000E+1	-1.508118E+1	2.314740E+0	-1.508076E+1	1.004154E-1	2.406410E+3	-1.888239E+3	4.682026E+3	-2.881254E+3	7.172990E+3	-1.071639E+4	8.456660E+3	-1.718815E+4
1.609000E+1	-1.508113E+1	2.381516E+0	-1.508071E+1	1.004159E-1	2.406410E+3	-1.889375E+3	4.682405E+3	-2.880875E+3	7.172990E+3	-1.071602E+4	8.456660E+3	-1.718891E+4
1.610000E+1	-1.508109E+1	2.451128E+0	-1.508066E+1	1.004164E-1	2.406410E+3	-1.890510E+3	4.682783E+3	-2.880497E+3	7.172990E+3	-1.071565E+4	8.456660E+3	-1.718967E+4
1.611000E+1	-1.508109E+1	2.403451E+0	-1.508066E+1	1.004164E-1	2.406410E+3	-1.891646E+3	4.683162E+3	-2.880118E+3	7.172990E+3	-1.071528E+4	8.456660E+3	-1.719042E+4
1.612000E+1	-1.508111E+1	2.289075E+0	-1.508068E+1	1.004162E-1	2.406234E+3	-1.892210E+3	4.683174E+3	-2.880281E+3	7.172814E+3	-1.071492E+4	8.456484E+3	-1.719045E+4
1.613000E+1	-1.508116E+1	2.379034E+0	-1.508073E+1	1.004157E-1	2.405884E+3	-1.892210E+3	4.682824E+3	-2.880979E+3	7.172464E+3	-1.071456E+4	8.456134E+3	-1.718975E+4
1.614000E+1	-1.508121E+1	2.485920E+0	-1.508078E+1	1.004152E-1	2.405534E+3	-1.892210E+3	4.682474E+3	-2.881678E+3	7.172114E+3	-1.071420E+4	8.455784E+3	-1.718905E+4
1.615000E+1	-1.508123E+1	2.391246E+0	-1.508081E+1	1.004149E-1	2.405184E+3	-1.892210E+3	4.682124E+3	-2.882376E+3	7.171764E+3	-1.071384E+4	8.455434E+3	-1.718835E+4
1.616000E+1	-1.508124E+1	2.305553E+0	-1.508081E+1	1.004149E-1	2.404834E+3	-1.892210E+3	4.681774E+3	-2.883074E+3	7.171414E+3	-1.071348E+4	8.455084E+3	-1.718765E+4
1.617000E+1	-1.508125E+1	2.237992E+0	-1.508082E+1	1.004148E-1	2.404508E+3	-1.892313E+3	4.681500E+3	-2.883672E+3	7.171140E+3	-1.071325E+4	8.454655E+3	-1.718710E+4
1.618000E+1	-1.508137E+1	2.422036E+0	-1.508094E+1	1.004135E-1	2.404270E+3	-1.892788E+3	4.681500E+3	-2.883910E+3	7.171140E+3	-1.071350E+4	8.453941E+3	-1.718710E+4
1.619000E+1	-1.508145E+1	2.405378E+0	-1.508102E+1	1.004127E-1	2.404033E+3	-1.893262E+3	4.681500E+3	-2.884147E+3	7.171140E+3	-1.071374E+4	8.453228E+3	-1.718710E+4
1.620000E+1	-1.508155E+1	2.290451E+0	-1.508113E+1	1.004117E-1	2.403795E+3	-1.893736E+3	4.681500E+3	-2.884385E+3	7.171140E+3	-1.071399E+4	8.452514E+3	-1.718710E+4
1.621000E+1	-1.508168E+1	2.299960E+0	-1.508125E+1	1.004104E-1	2.403557E+3	-1.894211E+3	4.681500E+3	-2.884623E+3	7.171140E+3	-1.071423E+4	8.451801E+3	-1.718710E+4
1.622000E+1	-1.508162E+1	2.381709E+0	-1.508119E+1	1.004110E-1	2.403319E+3	-1.894685E+3	4.681500E+3	-2.884861E+3	7.171140E+3	-1.071447E+4	8.451088E+3	-1.718710E+4
1.623000E+1	-1.508155E+1	2.478272E+0	-1.508112E+1	1.004117E-1	2.403081E+3	-1.895159E+3	4.681500E+3	-2.885099E+3	7.171140E+3	-1.071472E+4	8.450374E+3	-1.718710E+4
1.624000E+1	-1.508155E+1	2.430380E+0	-1.508113E+1	1.004117E-1	2.402844E+3	-1.895634E+3	4.681500E+3	-2.885336E+3	7.171140E+3	-1.071496E+4	8.449661E+3	-1.718710E+4
1.625000E+1	-1.508161E+1	2.355505E+0	-1.508118E+1	1.004111E-1	2.404814E+3	-1.891448E+3	4.683350E+3	-2.885216E+3	7.172990E+3	-1.071320E+4	8.453468E+3	-1.718710E+4
1.626000E+1	-1.508160E+1	2.469572E+0	-1.508118E+1	1.004111E-1	2.405394E+3	-1.889709E+3	4.683350E+3	-2.884636E+3	7.172990E+3	-1.071320E+4	8.454628E+3	-1.718710E+4
1.627000E+1	-1.508163E+1	2.431502E+0	-1.508120E+1	1.004109E-1	2.405973E+3	-1.887970E+3	4.683350E+3	-2.884057E+3	7.172990E+3	-1.071320E+4	8.455787E+3	-1.718710E+4
1.628000E+1	-1.508165E+1	2.369200E+0	-1.508122E+1	1.004107E-1	2.406379E+3	-1.886691E+3	4.683350E+3	-2.883559E+3	7.172959E+3	-1.071329E+4	8.456599E+3	-1.718716E+4
1.629000E+1	-1.508164E+1	2.310786E+0	-1.508121E+1	1.004108E-1	2.406256E+3	-1.886814E+3	4.683350E+3	-2.883312E+3	7.172836E+3	-1.071367E+4	8.456352E+3	-1.718741E+4
1.630000E+1	-1.508166E+1	2.353428E+0	-1.508123E+1	1.004106E-1	2.406132E+3	-1.886938E+3	4.683350E+3	-2.883066E+3	7.172712E+3	-1.071404E+4	8.456104E+3	-1.718766E+4
1.631000E+1	-1.508167E+1	2.504119E+0	-1.508125E+1	1.004104E-1	2.406008E+3	-1.887062E+3	4.683350E+3	-2.882819E+3	7.172588E+3	-1.071442E+4	8.455857E+3	-1.718790E+4
1.632000E+1	-1.508166E+1	2.463294E+0	-1.508124E+1	1.004105E-1	2.405885E+3	-1.887185E+3	4.683350E+3	-2.882572E+3	7.172465E+3	-1.071479E+4	8.455610E+3	-1.718815E+4
1.633000E+1	-1.508170E+1	2.393883E+0	-1.508127E+1	1.004102E-1	2.405761E+3	-1.887309E+3	4.683350E+3	-2.882326E+3	7.172341E+3	-1.071516E+4	8.455362E+3	-1.718840E+4
1.634000E+1	-1.508173E+1	2.329458E+0	-1.508130E+1	1.004099E-1	2.405637E+3	-1.887433E+3	4.683350E+3	-2.882079E+3	7.172217E+3	-1.071554E+4	8.455115E+3	-1.718865E+4
1.635000E+1	-1.508179E+1	2.445177E+0	-1.508136E+1	1.004093E-1	2.405514E+3	-1.887556E+3	4.683350E+3	-2.881832E+3	7.172094E+3	-1.071591E+4	8.454868E+3	-1.718889E+4
1.636000E+1	-1.508183E+1	2.432751E+0	-1.508141E+1	1.004088E-1	2.405390E+3	-1.887680E+3	4.683350E+3	-2.881586E+3	7.171970E+3	-1.071629E+4	8.454620E+3	-1.718914E+4
1.637000E+1	-1.508188E+1	2.322985E+0	-1.508145E+1	1.004084E-1	2.405266E+3	-1.887804E+3	4.683350E+3	-2.881339E+3	7.171846E+3	-1.071666E+4	8.454373E+3	-1.718939E+4
1.638000E+1	-1.508199E+1	2.351841E+0	-1.508157E+1	1.004072E-1	2.405143E+3	-1.887927E+3	4.683350E+3	-2.881093E+3	7.171723E+3	-1.071704E+4	8.454126E+3	-1.718963E+4
1.639000E+1	-1.508200E+1	2.411403E+0	-1.508157E+1	1.004072E-1	2.405019E+3	-1.888051E+3	4.683350E+3	-2.880846E+3	7.171599E+3	-1.071741E+4	8.453878E+3	-1.718988E+4
1.640000E+1	-1.508208E+1	2.420270E+0	-1.508165E+1	1.004063E-1	2.404896E+3	-1.888174E+3	4.683350E+3	-2.880599E+3	7.171476E+3	-1.071778E+4	8.453631E+3	-1.719013E+4
1.641000E+1	-1.508227E+1	2.406439E+0	-1.508184E+1	1.004044E-1	2.404772E+3	-1.888298E+3	4.683350E+3	-2.880353E+3	7.171352E+3	-1.071816E+4	8.453384E+3	-1.719038E+4
1.642000E+1	-1.508226E+1	2.314193E+0	-1.508183E+1	1.004045E-1	2.404648E+3	-1.888422E+3	4.683350E+3	-2.880106E+3	7.171228E+3	-1.071853E+4	8.453136E+3	-1.719062E+4
1.643000E+1	-1.508226E+1	2.408058E+0	-1.508183E+1	1.004045E-1	2.402710E+3	-1.892123E+3	4.681587E+3	-2.883620E+3	7.169377E+3	-1.071510E+4	8.451023E+3	-1.718882E+4
1.644000E+1	-1.508223E+1	2.495549E+0	-1.508180E+1	1.004047E-1	2.402710E+3	-1.891659E+3	4.682051E+3	-2.883620E+3	7.169841E+3	-1.071510E+4	8.450559E+3	-1.718836E+4
1.645000E+1	-1.508224E+1	2.458880E+0	-1.508181E+1	1.004047E-1	2.402710E+3	-1.891196E+3	4.682514E+3	-2.883620E+3	7.170304E+3	-1.071510E+4	8.450096E+3	-1.718791E+4
1.646000E+1	-1.508236E+1	2.373525E+0	-1.508193E+1	1.004034E-1	2.402710E+3	-1.890732E+3	4.682978E+3	-2.883620E+3	7.170768E+3	-1.071510E+4	8.449632E+3	-1.718746E+4
1.647000E+1	-1.508246E+1	2.316950E+0	-1.508203E+1	1.004024E-1	2.402893E+3	-1.890360E+3	4.683350E+3	-2.883438E+3	7.171323E+3	-1.071473E+4	8.449809E+3	-1.718691E+4
1.648000E+1	-1.508243E+1	2.483899E+0	-1.508200E+1	1.004027E-1	2.403819E+3	-1.890360E+3	4.683350E+3	-2.882517E+3	7.172249E+3	-1.071288E+4	8.452587E+3	-1.718596E+4
1.649000E+1	-1.508243E+1	2.397441E+0	-1.508201E+1	1.004027E-1	2.404605E+3	-1.890360E+3	4.683350E+3	-2.881780E+3	7.172945E+3	-1.071149E+4	8.454810E+3	-1.718525E+4
1.650000E+1	-1.508241E+1	2.355274E+0	-1.508198E+1	1.004029E-1	2.404832E+3	-1.890360E+3	4.683350E+3	-2.881780E+3	7.172718E+3	-1.071194E+4	8.454810E+3	-1.718548E+4
1.651000E+1	-1.508246E+1	2.404045E+0	-1.508203E+1	1.004024E-1	2.405058E+3	-1.890360E+3	4.683350E+3	-2.881780E+3	7.172492E+3	-1.071240E+4	8.454810E+3	-1.718571E+4
1.652000E+1	-1.508245E+1	2.443313E+0	-1.508202E+1	1.004025E-1	2.405284E+3	-1.890360E+3	4.683350E+3	-2.881780E+3	7.172266E+3	-1.071285E+4	8.454810E+3	-1.718594E+4
1.653000E+1	-1.508246E+1	2.476818E+0	-1.508203E+1	1.004024E-1	2.405510E+3	-1.890360E+3	4.683350E+3	-2.881780E+3	7.172040E+3	-1.071330E+4	8.454810E+3	-1.718618E+4
1.654000E+1	-1.508251E+1	2.357024E+0	-1.508209E+1	1.004019E-1	2.405737E+3	-1.890360E+3	4.683350E+3	-2.881780E+3	7.171813E+3	-1.071375E+4	8.454810E+3	-1.718641E+4
1.655000E+1	-1.508257E+1	2.316819E+0	-1.508214E+1	1.004013E-1	2.405963E+3	-1.890360E+3	4.683350E+3	-2.881780E+3	7.171587E+3	-1.071421E+4	8.454810E+3	-1.718664E+4
1.656000E+1	-1.508254E+1	2.413655E+0	-1.508211E+1	1.004016E-1	2.406189E+3	-1.890360E+3	4.683350E+3	-2.881780E+3	7.171361E+3	-1.071466E+4	8.454810E+3	-1.718687E+4
1.657000E+1	-1.508257E+1	2.425292E+0	-1.508214E+1	1.004013E-1	2.402710E+3	-1.888517E+3	4.681504E+3	-2.881784E+3	7.169290E+3	-1.071879E+4	8.452960E+3	-1.718890E+4
1.658000E+1	-1.508261E+1	2.440872E+0	-1.508219E+1	1.004008E-1	2.402710E+3	-1.888814E+3	4.681652E+3	-2.881931E+3	7.169290E+3	-1.071850E+4	8.452960E+3	-1.718906E+4
1.659000E+1	-1.508267E+1	2.287928E+0	-1.508225E+1	1.004002E-1	2.402710E+3	-1.889111E+3	4.681800E+3	-2.882079E+3	7.169290E+3	-1.071820E+4	8.452960E+3	-1.718921E+4
1.660000E+1	-1.508265E+1	2.334604E+0	-1.508222E+1	1.004005E-1	2.402710E+3	-1.889408E+3	4.681949E+3	-2.882226E+3	7.169290E+3	-1.071790E+4	8.452960E+3	-1.718936E+4
1.661000E+1	-1.508259E+1	2.460534E+0	-1.508216E+1	1.004011E-1	2.402710E+3	-1.889704E+3	4.682097E+3	-2.882374E+3	7.169290E+3	-1.071761E+4	8.452960E+3	-1.718951E+4
1.662000E+1	-1.508251E+1	2.367834E+0	-1.508208E+1	1.004019E-1	2.402710E+3	-1.890001E+3	4.682246E+3	-2.882521E+3	7.169290E+3	-1.071731E+4	8.452960E+3	-1.718967E+4
1.663000E+1	-1.508255E+1	2.334547E+0	-1.508212E+1	1.004015E-1	2.402710E+3	-1.890298E+3	4.682394E+3	-2.882669E+3	7.169290E+3	-1.071701E+4	8.452960E+3	-1.718982E+4
1.664000E+1	-1.508257E+1	2.331644E+0	-1.508215E+1	1.004013E-1	2.402710E+3	-1.890594E+3	4.682542E+3	-2.882817E+3	7.169290E+3	-1.071672E+4	8.452960E+3	-1.718997E+4
1.665000E+1	-1.508248E+1	2.463994E+0	-1.508205E+1	1.004022E-1	2.402710E+3	-1.890891E+3	4.682691E+3	-2.882964E+3	7.169290E+3	-1.071642E+4	8.452960E+3	-1.719012E+4
1.666000E+1	-1.508247E+1	2.457634E+0	-1.508204E+1	1.004023E-1	2.402710E+3	-1.891188E+3	4.682839E+3	-2.883112E+3	7.169290E+3	-1.071612E+4	8.452960E+3	-1.719028E+4
1.667000E+1	-1.508249E+1	2.293834E+0	-1.508207E+1	1.004021E-1	2.402710E+3	-1.891485E+3	4.682987E+3	-2.883259E+3	7.169290E+3	-1.071583E+4	8.452960E+3	-1.719043E+4
1.668000E+1	-1.508254E+1	2.315861E+0	-1.508211E+1	1.004016E-1	2.402710E+3	-1.891781E+3	4.683136E+3	-2.883407E+3	7.169290E+3	-1.071553E+4	8.452960E+3	-1.719058E+4
1.669000E+1	-1.508259E+1	2.376301E+0	-1.508216E+1	1.004011E-1	2.402710E+3	-1.892078E+3	4.683284E+3	-2.883554E+3	7.169290E+3	-1.071523E+4	8.452960E+3	-1.719073E+4
1.670000E+1	-1.508266E+1	2.453819E+0	-1.508223E+1	1.004004E-1	2.403066E+3	-1.891854E+3	4.683350E+3	-2.883976E+3	7.169290E+3	-1.071510E+4	8.451893E+3	-1.719043E+4
1.671000E+1	-1.508265E+1	2.413204E+0	-1.508223E+1	1.004004E-1	2.403706E+3	-1.891214E+3	4.683350E+3	-2.884616E+3	7.169290E+3	-1.071510E+4	8.449972E+3	-1.718978E+4
1.672000E+1	-1.508268E+1	2.317448E+0	-1.508225E+1	1.004001E-1	2.404346E+3	-1.890574E+3	4.683350E+3	-2.885256E+3	7.169290E+3	-1.071510E+4	8.448051E+3	-1.718912E+4
1.673000E+1	-1.508277E+1	2.436517E+0	-1.508234E+1	1.003992E-1	2.404381E+3	-1.890360E+3	4.681500E+3	-2.885291E+3	7.171140E+3	-1.071474E+4	8.446276E+3	-1.718873E+4
1.674000E+1	-1.508288E+1	2.502761E+0	-1.508245E+1	1.003981E-1	2.404112E+3	-1.890360E+3	4.681500E+3	-2.885022E+3	7.171140E+3	-1.071420E+4	8.447352E+3	-1.718846E+4
1.675000E+1	-1.508290E+1	2.411651E+0	-1.508247E+1	1.003979E-1	2.403843E+3	-1.890360E+3	4.681500E+3	-2.884753E+3	7.171140E+3	-1.071367E+4	8.448427E+3	-1.718820E+4
1.676000E+1	-1.508288E+1	2.344435E+0	-1.508246E+1	1.003981E-1	2.403574E+3	-1.890360E+3	4.681500E+3	-2.884484E+3	7.171140E+3	-1.071313E+4	8.449502E+3	-1.718794E+4
1.677000E+1	-1.508292E+1	2.353795E+0	-1.508249E+1	1.003977E-1	2.403306E+3	-1.890360E+3	4.681500E+3	-2.884216E+3	7.171140E+3	-1.071259E+4	8.450578E+3	-1.718768E+4
1.678000E+1	-1.508298E+1	2.495909E+0	-1.508255E+1	1.003971E-1	2.403037E+3	-1.890360E+3	4.681500E+3	-2.883947E+3	7.171140E+3	-1.071205E+4	8.451653E+3	-1.718742E+4
1.679000E+1	-1.508304E+1	2.453422E+0	-1.508261E+1	1.003965E-1	2.402768E+3	-1.890360E+3	4.681500E+3	-2.883678E+3	7.171140E+3	-1.071152E+4	8.452728E+3	-1.718716E+4
1.680000E+1	-1.508308E+1	2.346023E+0	-1.508265E+1	1.003961E-1	2.402710E+3	-1.891397E+3	4.683870E+3	-2.881260E+3	7.167440E+3	-1.071743E+4	8.451921E+3	-1.718943E+4
1.681000E+1	-1.508315E+1	2.394186E+0	-1.508272E+1	1.003954E-1	2.402710E+3	-1.892718E+3	4.684532E+3	-2.880598E+3	7.167440E+3	-1.071811E+4	8.450596E+3	-1.719011E+4
1.682000E+1	-1.508315E+1	2.414752E+0	-1.508272E+1	1.003954E-1	2.402710E+3	-1.894039E+3	4.685195E+3	-2.879935E+3	7.167440E+3	-1.071879E+4	8.449271E+3	-1.719079E+4
1.683000E+1	-1.508316E+1	2.451773E+0	-1.508273E+1	1.003953E-1	2.402097E+3	-1.894050E+3	4.684587E+3	-2.880543E+3	7.167440E+3	-1.071757E+4	8.450487E+3	-1.719017E+4
1.684000E+1	-1.508320E+1	2.364871E+0	-1.508278E+1	1.003948E-1	2.401478E+3	-1.894050E+3	4.683968E+3	-2.881162E+3	7.167440E+3	-1.071634E+4	8.451723E+3	-1.718954E+4
1.685000E+1	-1.508328E+1	2.299709E+0	-1.508285E+1	1.003940E-1	2.400860E+3	-1.894050E+3	4.683350E+3	-2.881780E+3	7.167440E+3	-1.071510E+4	8.452960E+3	-1.718890E+4
1.686000E+1	-1.508333E+1	2.384026E+0	-1.508290E+1	1.003935E-1	2.401203E+3	-1.893708E+3	4.683007E+3	-2.882122E+3	7.167440E+3	-1.071543E+4	8.451586E+3	-1.718890E+4
1.687000E+1	-1.508337E+1	2.479136E+0	-1.508294E+1	1.003931E-1	2.401547E+3	-1.893367E+3	4.682663E+3	-2.882463E+3	7.167440E+3	-1.071577E+4	8.450212E+3	-1.718890E+4
1.688000E+1	-1.508342E+1	2.438794E+0	-1.508300E+1	1.003926E-1	2.401890E+3	-1.893025E+3	4.682320E+3	-2.882805E+3	7.167440E+3	-1.071610E+4	8.448838E+3	-1.718890E+4
1.689000E+1	-1.508337E+1	2.316501E+0	-1.508294E+1	1.003931E-1	2.402234E+3	-1.892683E+3	4.681976E+3	-2.883147E+3	7.167440E+3	-1.071644E+4	8.447464E+3	-1.718890E+4
1.690000E+1	-1.508338E+1	2.321778E+0	-1.508295E+1	1.003930E-1	2.402578E+3	-1.892342E+3	4.681632E+3	-2.883488E+3	7.167440E+3	-1.071677E+4	8.446090E+3	-1.718890E+4
1.691000E+1	-1.508342E+1	2.484285E+0	-1.508300E+1	1.003926E-1	2.402710E+3	-1.891772E+3	4.681062E+3	-2.883620E+3	7.167440E+3	-1.071647E+4	8.445122E+3	-1.718890E+4
1.692000E+1	-1.508343E+1	2.385096E+0	-1.508300E+1	1.003925E-1	2.402710E+3	-1.891058E+3	4.680348E+3	-2.883620E+3	7.167440E+3	-1.071578E+4	8.444408E+3	-1.718890E+4
1.693000E+1	-1.508345E+1	2.372189E+0	-1.508302E+1	1.003923E-1	2.402718E+3	-1.890352E+3	4.679658E+3	-2.883620E+3	7.167448E+3	-1.071508E+4	8.443743E+3	-1.718890E+4
1.694000E+1	-1.508351E+1	2.381038E+0	-1.508309E+1	1.003916E-1	2.403105E+3	-1.889965E+3	4.680045E+3	-2.883620E+3	7.167835E+3	-1.071431E+4	8.445289E+3	-1.718890E+4
1.695000E+1	-1.508351E+1	2.437435E+0	-1.508308E+1	1.003917E-1	2.403491E+3	-1.889579E+3	4.680431E+3	-2.883620E+3	7.168221E+3	-1.071354E+4	8.446835E+3	-1.718890E+4
1.696000E+1	-1.508353E+1	2.465880E+0	-1.508310E+1	1.003915E-1	2.403878E+3	-1.889192E+3	4.680818E+3	-2.883620E+3	7.168608E+3	-1.071276E+4	8.448380E+3	-1.718890E+4
1.697000E+1	-1.508352E+1	2.388844E+0	-1.508309E+1	1.003916E-1	2.404264E+3	-1.888806E+3	4.681204E+3	-2.883620E+3	7.168994E+3	-1.071199E+4	8.449926E+3	-1.718890E+4
1.698000E+1	-1.508342E+1	2.402511E+0	-1.508300E+1	1.003926E-1	2.404560E+3	-1.888378E+3	4.681500E+3	-2.883489E+3	7.169027E+3	-1.071179E+4	8.450847E+3	-1.718904E+4
1.699000E+1	-1.508351E+1	2.390345E+0	-1.508308E+1	1.003917E-1	2.404560E+3	-1.887816E+3	4.681500E+3	-2.882930E+3	7.167903E+3	-1.071346E+4	8.449723E+3	-1.718961E+4
1.700000E+1	-1.508353E+1	2.428056E+0	-1.508310E+1	1.003915E-1	2.404560E+3	-1.887254E+3	4.681500E+3	-2.882371E+3	7.166778E+3	-1.071513E+4	8.448598E+3	-1.719019E+4
1.701000E+1	-1.508355E+1	2.387553E+0	-1.508312E+1	1.003913E-1	2.404560E+3	-1.886692E+3	4.681500E+3	-2.881812E+3	7.165654E+3	-1.071680E+4	8.447474E+3	-1.719077E+4
1.702000E+1	-1.508365E+1	2.293680E+0	-1.508322E+1	1.003902E-1	2.404196E+3	-1.887389E+3	4.681136E+3	-2.881416E+3	7.165590E+3	-1.071690E+4	8.447774E+3	-1.719115E+4
1.703000E+1	-1.508365E+1	2.370530E+0	-1.508323E+1	1.003902E-1	2.403809E+3	-1.888162E+3	4.680749E+3	-2.881029E+3	7.165590E+3	-1.071690E+4	8.448161E+3	-1.719153E+4
1.704000E+1	-1.508369E+1	2.484488E+0	-1.508326E+1	1.003899E-1	2.403423E+3	-1.888935E+3	4.680363E+3	-2.880643E+3	7.165590E+3	-1.071690E+4	8.448547E+3	-1.719191E+4
1.705000E+1	-1.508378E+1	2.411290E+0	-1.508335E+1	1.003889E-1	2.403036E+3	-1.889708E+3	4.679976E+3	-2.880256E+3	7.165590E+3	-1.071690E+4	8.448934E+3	-1.719228E+4
1.706000E+1	-1.508376E+1	2.376595E+0	-1.508333E+1	1.003891E-1	2.402710E+3	-1.890390E+3	4.679650E+3	-2.879990E+3	7.165590E+3	-1.071687E+4	8.449260E+3	-1.719257E+4
1.707000E+1	-1.508374E+1	2.361234E+0	-1.508331E+1	1.003894E-1	2.402710E+3	-1.890584E+3	4.679650E+3	-2.880377E+3	7.165590E+3	-1.071668E+4	8.449260E+3	-1.719238E+4
1.708000E+1	-1.508378E+1	2.477874E+0	-1.508335E+1	1.003890E-1	2.402710E+3	-1.890778E+3	4.679650E+3	-2.880764E+3	7.165590E+3	-1.071649E+4	8.449260E+3	-1.719219E+4
1.709000E+1	-1.508371E+1	2.357314E+0	-1.508329E+1	1.003896E-1	2.402710E+3	-1.890972E+3	4.679650E+3	-2.881150E+3	7.165590E+3	-1.071630E+4	8.449260E+3	-1.719200E+4
1.710000E+1	-1.508366E+1	2.312570E+0	-1.508323E+1	1.003902E-1	2.402710E+3	-1.891166E+3	4.679650E+3	-2.881537E+3	7.165590E+3	-1.071612E+4	8.449260E+3	-1.719182E+4
1.711000E+1	-1.508370E+1	2.330407E+0	-1.508327E+1	1.003898E-1	2.402710E+3	-1.891360E+3	4.679650E+3	-2.881924E+3	7.165590E+3	-1.071593E+4	8.449260E+3	-1.719163E+4
1.712000E+1	-1.508370E+1	2.405046E+0	-1.508327E+1	1.003897E-1	2.402710E+3	-1.891554E+3	4.679650E+3	-2.882311E+3	7.165590E+3	-1.071574E+4	8.449260E+3	-1.719144E+4
1.713000E+1	-1.508369E+1	2.487523E+0	-1.508326E+1	1.003899E-1	2.402710E+3	-1.891747E+3	4.679650E+3	-2.882697E+3	7.165590E+3	-1.071555E+4	8.449260E+3	-1.719125E+4
1.714000E+1	-1.508375E+1	2.395397E+0	-1.508332E+1	1.003892E-1	2.402710E+3	-1.891941E+3	4.679650E+3	-2.883084E+3	7.165590E+3	-1.071536E+4	8.449260E+3	-1.719106E+4
1.715000E+1	-1.508381E+1	2.302258E+0	-1.508338E+1	1.003886E-1	2.402710E+3	-1.892135E+3	4.679650E+3	-2.883471E+3	7.165590E+3	-1.071517E+4	8.449260E+3	-1.719087E+4
1.716000E+1	-1.508385E+1	2.368720E+0	-1.508343E+1	1.003882E-1	2.400860E+3	-1.890466E+3	4.681553E+3	-2.885470E+3	7.167493E+3	-1.071505E+4	8.445560E+3	-1.718890E+4
1.717000E+1	-1.508383E+1	2.441655E+0	-1.508340E+1	1.003884E-1	2.400860E+3	-1.890960E+3	4.681801E+3	-2.885470E+3	7.167741E+3	-1.071479E+4	8.445560E+3	-1.718890E+4
1.718000E+1	-1.508375E+1	2.411071E+0	-1.508333E+1	1.003892E-1	2.400860E+3	-1.891453E+3	4.682048E+3	-2.885470E+3	7.167988E+3	-1.071454E+4	8.445560E+3	-1.718890E+4
1.719000E+1	-1.508377E+1	2.296664E+0	-1.508334E+1	1.003891E-1	2.400860E+3	-1.891946E+3	4.682295E+3	-2.885470E+3	7.168235E+3	-1.071428E+4	8.445560E+3	-1.718890E+4
1.720000E+1	-1.508385E+1	2.337815E+0	-1.508342E+1	1.003882E-1	2.400860E+3	-1.892440E+3	4.682543E+3	-2.885470E+3	7.168483E+3	-1.071403E+4	8.445560E+3	-1.718890E+4
1.721000E+1	-1.508396E+1	2.476870E+0	-1.508354E+1	1.003871E-1	2.400860E+3	-1.892933E+3	4.682790E+3	-2.885470E+3	7.168730E+3	-1.071378E+4	8.445560E+3	-1.718890E+4
1.722000E+1	-1.508396E+1	2.405481E+0	-1.508353E+1	1.003871E-1	2.400860E+3	-1.893426E+3	4.683037E+3	-2.885470E+3	7.168977E+3	-1.071352E+4	8.445560E+3	-1.718890E+4
1.723000E+1	-1.508391E+1	2.418586E+0	-1.508348E+1	1.003876E-1	2.400860E+3	-1.893919E+3	4.683285E+3	-2.885470E+3	7.169225E+3	-1.071327E+4	8.445560E+3	-1.718890E+4
1.724000E+1	-1.508395E+1	2.343729E+0	-1.508353E+1	1.003872E-1	2.401286E+3	-1.893200E+3	4.682924E+3	-2.885044E+3	7.168864E+3	-1.071320E+4	8.446839E+3	-1.718890E+4
1.725000E+1	-1.508400E+1	2.439169E+0	-1.508357E+1	1.003867E-1	2.401866E+3	-1.892044E+3	4.682344E+3	-2.884464E+3	7.168284E+3	-1.071320E+4	8.448578E+3	-1.718890E+4
1.726000E+1	-1.508390E+1	2.494325E+0	-1.508347E+1	1.003877E-1	2.402446E+3	-1.890887E+3	4.681764E+3	-2.883884E+3	7.167704E+3	-1.071320E+4	8.450317E+3	-1.718890E+4
1.727000E+1	-1.508383E+1	2.458390E+0	-1.508340E+1	1.003885E-1	2.402710E+3	-1.890360E+3	4.681500E+3	-2.883434E+3	7.167253E+3	-1.071377E+4	8.450736E+3	-1.718909E+4
1.728000E+1	-1.508390E+1	2.426864E+0	-1.508347E+1	1.003878E-1	2.402710E+3	-1.890360E+3	4.681500E+3	-2.883093E+3	7.166910E+3	-1.071480E+4	8.450050E+3	-1.718944E+4
1.729000E+1	-1.508385E+1	2.401711E+0	-1.508342E+1	1.003883E-1	2.402710E+3	-1.890360E+3	4.681500E+3	-2.882751E+3	7.166567E+3	-1.071584E+4	8.449363E+3	-1.718980E+4
1.730000E+1	-1.508382E+1	2.451553E+0	-1.508339E+1	1.003885E-1	2.402710E+3	-1.890360E+3	4.681500E+3	-2.882410E+3	7.166223E+3	-1.071688E+4	8.448676E+3	-1.719015E+4
1.731000E+1	-1.508396E+1	2.450711E+0	-1.508353E+1	1.003872E-1	2.402710E+3	-1.890360E+3	4.681500E+3	-2.882068E+3	7.165880E+3	-1.071792E+4	8.447990E+3	-1.719050E+4
1.732000E+1	-1.508411E+1	2.269274E+0	-1.508368E+1	1.003856E-1	2.400902E+3	-1.890360E+3	4.683308E+3	-2.880014E+3	7.163750E+3	-1.071686E+4	8.447368E+3	-1.719256E+4
1.733000E+1	-1.508410E+1	2.376230E+0	-1.508367E+1	1.003857E-1	2.401171E+3	-1.890360E+3	4.683039E+3	-2.880550E+3	7.163750E+3	-1.071660E+4	8.447099E+3	-1.719230E+4
1.734000E+1	-1.508408E+1	2.466793E+0	-1.508365E+1	1.003859E-1	2.401440E+3	-1.890360E+3	4.682770E+3	-2.881086E+3	7.163750E+3	-1.071634E+4	8.446830E+3	-1.719204E+4
1.735000E+1	-1.508411E+1	2.417265E+0	-1.508368E+1	1.003856E-1	2.401708E+3	-1.890360E+3	4.682502E+3	-2.881622E+3	7.163750E+3	-1.071607E+4	8.446562E+3	-1.719177E+4
1.736000E+1	-1.508411E+1	2.344333E+0	-1.508368E+1	1.003856E-1	2.401977E+3	-1.890360E+3	4.682233E+3	-2.882158E+3	7.163750E+3	-1.071581E+4	8.446293E+3	-1.719151E+4
1.737000E+1	-1.508412E+1	2.324147E+0	-1.508370E+1	1.003854E-1	2.402246E+3	-1.890360E+3	4.681964E+3	-2.882694E+3	7.163750E+3	-1.071555E+4	8.446024E+3	-1.719125E+4
1.738000E+1	-1.508414E+1	2.514482E+0	-1.508371E+1	1.003853E-1	2.402515E+3	-1.890360E+3	4.681695E+3	-2.883231E+3	7.163750E+3	-1.071529E+4	8.445755E+3	-1.719099E+4
1.739000E+1	-1.508418E+1	2.471152E+0	-1.508375E+1	1.003849E-1	2.402546E+3	-1.890360E+3	4.681500E+3	-2.883948E+3	7.163913E+3	-1.071526E+4	8.445068E+3	-1.719080E+4
1.740000E+1	-1.508419E+1	2.342409E+0	-1.508376E+1	1.003847E-1	2.401947E+3	-1.890360E+3	4.681500E+3	-2.885146E+3	7.164509E+3	-1.071584E+4	8.443271E+3	-1.719080E+4
1.741000E+1	-1.508412E+1	2.287927E+0	-1.508369E+1	1.003855E-1	2.401348E+3	-1.890360E+3	4.681500E+3	-2.886344E+3	7.165105E+3	-1.071643E+4	8.441474E+3	-1.719080E+4
1.742000E+1	-1.508415E+1	2.397235E+0	-1.508372E+1	1.003852E-1	2.400860E+3	-1.890360E+3	4.681442E+3	-2.887320E+3	7.165590E+3	-1.071684E+4	8.440126E+3	-1.719074E+4
1.743000E+1	-1.508427E+1	2.480189E+0	-1.508384E+1	1.003840E-1	2.400860E+3	-1.890360E+3	4.681127E+3	-2.887320E+3	7.165590E+3	-1.071654E+4	8.440755E+3	-1.719042E+4
1.744000E+1	-1.508435E+1	2.369886E+0	-1.508392E+1	1.003832E-1	2.400860E+3	-1.890360E+3	4.680813E+3	-2.887320E+3	7.165590E+3	-1.071623E+4	8.441384E+3	-1.719009E+4
1.745000E+1	-1.508433E+1	2.300752E+0	-1.508390E+1	1.003833E-1	2.400860E+3	-1.890360E+3	4.680499E+3	-2.887320E+3	7.165590E+3	-1.071593E+4	8.442013E+3	-1.718977E+4
1.746000E+1	-1.508436E+1	2.359921E+0	-1.508393E+1	1.003830E-1	2.400860E+3	-1.890360E+3	4.680184E+3	-2.887320E+3	7.165590E+3	-1.071562E+4	8.442642E+3	-1.718945E+4
1.747000E+1	-1.508437E+1	2.420455E+0	-1.508394E+1	1.003830E-1	2.400860E+3	-1.890360E+3	4.679870E+3	-2.887320E+3	7.165590E+3	-1.071531E+4	8.443270E+3	-1.718913E+4
1.748000E+1	-1.508435E+1	2.487375E+0	-1.508392E+1	1.003832E-1	2.402711E+3	-1.889435E+3	4.680575E+3	-2.886395E+3	7.165590E+3	-1.071510E+4	8.446486E+3	-1.718890E+4
1.749000E+1	-1.508437E+1	2.324140E+0	-1.508394E+1	1.003829E-1	2.404560E+3	-1.888001E+3	4.681755E+3	-2.885215E+3	7.165337E+3	-1.071561E+4	8.449005E+3	-1.718890E+4
1.750000E+1	-1.508437E+1	2.300667E+0	-1.508395E+1	1.003829E-1	2.404560E+3	-1.887273E+3	4.682118E+3	-2.884852E+3	7.164975E+3	-1.071634E+4	8.448642E+3	-1.718890E+4
1.751000E+1	-1.508440E+1	2.474902E+0	-1.508397E+1	1.003826E-1	2.404560E+3	-1.886545E+3	4.682482E+3	-2.884488E+3	7.164613E+3	-1.071706E+4	8.448278E+3	-1.718890E+4
1.752000E+1	-1.508442E+1	2.449927E+0	-1.508399E+1	1.003824E-1	2.404560E+3	-1.885817E+3	4.682846E+3	-2.884124E+3	7.164251E+3	-1.071779E+4	8.447914E+3	-1.718890E+4
1.753000E+1	-1.508437E+1	2.364909E+0	-1.508394E+1	1.003829E-1	2.404560E+3	-1.885090E+3	4.683210E+3	-2.883760E+3	7.163889E+3	-1.071852E+4	8.447550E+3	-1.718890E+4
1.754000E+1	-1.508435E+1	2.288431E+0	-1.508393E+1	1.003831E-1	2.404084E+3	-1.885048E+3	4.683112E+3	-2.883383E+3	7.163750E+3	-1.071856E+4	8.447648E+3	-1.718938E+4
1.755000E+1	-1.508437E+1	2.426980E+0	-1.508395E+1	1.003829E-1	2.403311E+3	-1.885434E+3	4.682726E+3	-2.882999E+3	7.163750E+3	-1.071816E+4	8.448034E+3	-1.719015E+4
1.756000E+1	-1.508436E+1	2.496763E+0	-1.508393E+1	1.003831E-1	2.402538E+3	-1.885821E+3	4.682339E+3	-2.882615E+3	7.163750E+3	-1.071776E+4	8.448421E+3	-1.719092E+4
1.757000E+1	-1.508434E+1	2.388155E+0	-1.508391E+1	1.003833E-1	2.401765E+3	-1.886207E+3	4.681953E+3	-2.882230E+3	7.163750E+3	-1.071736E+4	8.448807E+3	-1.719169E+4
1.758000E+1	-1.508434E+1	2.352751E+0	-1.508392E+1	1.003832E-1	2.400992E+3	-1.886594E+3	4.681566E+3	-2.881846E+3	7.163750E+3	-1.071697E+4	8.449194E+3	-1.719247E+4
1.759000E+1	-1.508435E+1	2.326344E+0	-1.508392E+1	1.003831E-1	2.400620E+3	-1.887860E+3	4.681260E+3	-2.882019E+3	7.163750E+3	-1.071667E+4	8.448539E+3	-1.719237E+4
1.760000E+1	-1.508433E+1	2.457018E+0	-1.508391E+1	1.003833E-1	2.400330E+3	-1.889307E+3	4.680970E+3	-2.882307E+3	7.163750E+3	-1.071638E+4	8.447670E+3	-1.719208E+4
1.761000E+1	-1.508428E+1	2.458302E+0	-1.508385E+1	1.003839E-1	2.400040E+3	-1.890755E+3	4.680680E+3	-2.882595E+3	7.163750E+3	-1.071610E+4	8.446800E+3	-1.719180E+4
1.762000E+1	-1.508428E+1	2.315694E+0	-1.508386E+1	1.003838E-1	2.399750E+3	-1.892203E+3	4.680390E+3	-2.882884E+3	7.163750E+3	-1.071582E+4	8.445931E+3	-1.719152E+4
1.763000E+1	-1.508435E+1	2.374610E+0	-1.508392E+1	1.003831E-1	2.399460E+3	-1.893650E+3	4.680100E+3	-2.883172E+3	7.163750E+3	-1.071554E+4	8.445061E+3	-1.719124E+4
1.764000E+1	-1.508440E+1	2.467786E+0	-1.508397E+1	1.003826E-1	2.399171E+3	-1.895098E+3	4.679811E+3	-2.883460E+3	7.163750E+3	-1.071526E+4	8.444192E+3	-1.719096E+4
1.765000E+1	-1.508443E+1	2.444567E+0	-1.508400E+1	1.003823E-1	2.399601E+3	-1.895309E+3	4.679650E+3	-2.884802E+3	7.163750E+3	-1.071567E+4	8.441937E+3	-1.719080E+4
1.766000E+1	-1.508446E+1	2.338564E+0	-1.508404E+1	1.003820E-1	2.400895E+3	-1.894033E+3	4.679633E+3	-2.887320E+3	7.163750E+3	-1.071687E+4	8.438212E+3	-1.719078E+4
1.767000E+1	-1.508445E+1	2.285519E+0	-1.508403E+1	1.003821E-1	2.401595E+3	-1.893685E+3	4.679283E+3	-2.887320E+3	7.163750E+3	-1.071617E+4	8.439262E+3	-1.719042E+4
1.768000E+1	-1.508439E+1	2.438879E+0	-1.508396E+1	1.003827E-1	2.402295E+3	-1.893337E+3	4.678933E+3	-2.887320E+3	7.163750E+3	-1.071547E+4	8.440312E+3	-1.719006E+4
1.769000E+1	-1.508435E+1	2.437972E+0	-1.508392E+1	1.003832E-1	2.402995E+3	-1.892988E+3	4.678583E+3	-2.887320E+3	7.163750E+3	-1.071477E+4	8.441362E+3	-1.718970E+4
1.770000E+1	-1.508431E+1	2.361699E+0	-1.508388E+1	1.003835E-1	2.403695E+3	-1.892640E+3	4.678233E+3	-2.887320E+3	7.163750E+3	-1.071407E+4	8.442412E+3	-1.718934E+4
1.771000E+1	-1.508438E+1	2.349800E+0	-1.508395E+1	1.003828E-1	2.404395E+3	-1.892292E+3	4.677883E+3	-2.887320E+3	7.163750E+3	-1.071337E+4	8.443462E+3	-1.718898E+4
1.772000E+1	-1.508442E+1	2.311422E+0	-1.508399E+1	1.003824E-1	2.405965E+3	-1.886437E+3	4.679650E+3	-2.885026E+3	7.161900E+3	-1.071735E+4	8.445115E+3	-1.719102E+4
1.773000E+1	-1.508436E+1	2.527052E+0	-1.508394E+1	1.003830E-1	2.405175E+3	-1.886043E+3	4.679650E+3	-2.884239E+3	7.161900E+3	-1.071813E+4	8.444325E+3	-1.719140E+4
1.774000E+1	-1.508436E+1	2.406020E+0	-1.508393E+1	1.003830E-1	2.404386E+3	-1.885648E+3	4.679650E+3	-2.883451E+3	7.161900E+3	-1.071892E+4	8.443536E+3	-1.719178E+4
1.775000E+1	-1.508436E+1	2.344010E+0	-1.508394E+1	1.003830E-1	2.403597E+3	-1.885253E+3	4.679650E+3	-2.882664E+3	7.161900E+3	-1.071971E+4	8.442747E+3	-1.719217E+4
1.776000E+1	-1.508437E+1	2.411834E+0	-1.508394E+1	1.003830E-1	2.402807E+3	-1.884859E+3	4.679650E+3	-2.881877E+3	7.161900E+3	-1.072050E+4	8.441957E+3	-1.719255E+4
1.777000E+1	-1.508435E+1	2.521699E+0	-1.508393E+1	1.003831E-1	2.402232E+3	-1.886245E+3	4.679650E+3	-2.881302E+3	7.161422E+3	-1.071964E+4	8.442817E+3	-1.719260E+4
1.778000E+1	-1.508437E+1	2.501693E+0	-1.508394E+1	1.003829E-1	2.401686E+3	-1.887882E+3	4.679650E+3	-2.880756E+3	7.160876E+3	-1.071855E+4	8.443908E+3	-1.719260E+4
1.779000E+1	-1.508442E+1	2.368703E+0	-1.508399E+1	1.003824E-1	2.401140E+3	-1.889519E+3	4.679650E+3	-2.880210E+3	7.160330E+3	-1.071746E+4	8.444999E+3	-1.719260E+4
1.780000E+1	-1.508452E+1	2.386982E+0	-1.508409E+1	1.003814E-1	2.400860E+3	-1.890360E+3	4.679454E+3	-2.880517E+3	7.160050E+3	-1.071671E+4	8.444972E+3	-1.719241E+4
1.781000E+1	-1.508454E+1	2.496146E+0	-1.508411E+1	1.003812E-1	2.400860E+3	-1.890360E+3	4.679051E+3	-2.881724E+3	7.160050E+3	-1.071632E+4	8.443762E+3	-1.719202E+4
1.782000E+1	-1.508457E+1	2.413265E+0	-1.508414E+1	1.003809E-1	2.400860E+3	-1.890360E+3	4.678648E+3	-2.882932E+3	7.160050E+3	-1.071592E+4	8.442553E+3	-1.719162E+4
1.783000E+1	-1.508458E+1	2.373438E+0	-1.508415E+1	1.003808E-1	2.400860E+3	-1.890360E+3	4.678244E+3	-2.884139E+3	7.160050E+3	-1.071553E+4	8.441343E+3	-1.719123E+4
1.784000E+1	-1.508459E+1	2.332839E+0	-1.508416E+1	1.003807E-1	2.400860E+3	-1.890360E+3	4.677841E+3	-2.885347E+3	7.160050E+3	-1.071514E+4	8.440133E+3	-1.719084E+4
1.785000E+1	-1.508460E+1	2.415421E+0	-1.508417E+1	1.003806E-1	2.401381E+3	-1.890881E+3	4.678321E+3	-2.885991E+3	7.160571E+3	-1.071561E+4	8.438969E+3	-1.719080E+4
1.786000E+1	-1.508461E+1	2.503216E+0	-1.508418E+1	1.003805E-1	2.401960E+3	-1.891460E+3	4.678900E+3	-2.886570E+3	7.161150E+3	-1.071617E+4	8.437809E+3	-1.719080E+4
1.787000E+1	-1.508458E+1	2.351553E+0	-1.508415E+1	1.003808E-1	2.402540E+3	-1.892040E+3	4.679480E+3	-2.887150E+3	7.161730E+3	-1.071673E+4	8.436650E+3	-1.719080E+4
1.788000E+1	-1.508457E+1	2.401494E+0	-1.508414E+1	1.003809E-1	2.402710E+3	-1.892020E+3	4.679840E+3	-2.887320E+3	7.161900E+3	-1.071652E+4	8.436880E+3	-1.719080E+4
1.789000E+1	-1.508458E+1	2.395664E+0	-1.508415E+1	1.003808E-1	2.402710E+3	-1.891751E+3	4.680109E+3	-2.887320E+3	7.161900E+3	-1.071598E+4	8.437687E+3	-1.719080E+4
1.790000E+1	-1.508464E+1	2.510296E+0	-1.508421E+1	1.003802E-1	2.402710E+3	-1.891482E+3	4.680378E+3	-2.887320E+3	7.161900E+3	-1.071544E+4	8.438493E+3	-1.719080E+4
1.791000E+1	-1.508465E+1	2.462295E+0	-1.508422E+1	1.003801E-1	2.402710E+3	-1.891214E+3	4.680646E+3	-2.887320E+3	7.161900E+3	-1.071491E+4	8.439299E+3	-1.719080E+4
1.792000E+1	-1.508463E+1	2.362905E+0	-1.508420E+1	1.003803E-1	2.402710E+3	-1.890945E+3	4.680915E+3	-2.887320E+3	7.161900E+3	-1.071437E+4	8.440106E+3	-1.719080E+4
1.793000E+1	-1.508465E+1	2.345644E+0	-1.508422E+1	1.003801E-1	2.402710E+3	-1.890676E+3	4.681184E+3	-2.887320E+3	7.161900E+3	-1.071383E+4	8.440912E+3	-1.719080E+4
1.794000E+1	-1.508465E+1	2.442284E+0	-1.508422E+1	1.003800E-1	2.402710E+3	-1.890407E+3	4.681453E+3	-2.887320E+3	7.161900E+3	-1.071329E+4	8.441719E+3	-1.719080E+4
1.795000E+1	-1.508456E+1	2.448448E+0	-1.508413E+1	1.003810E-1	2.402945E+3	-1.889889E+3	4.681265E+3	-2.886849E+3	7.161900E+3	-1.071367E+4	8.441860E+3	-1.719080E+4
1.796000E+1	-1.508449E+1	2.369183E+0	-1.508406E+1	1.003817E-1	2.403231E+3	-1.889318E+3	4.680979E+3	-2.886278E+3	7.161900E+3	-1.071424E+4	8.441860E+3	-1.719080E+4
1.797000E+1	-1.508447E+1	2.267786E+0	-1.508404E+1	1.003819E-1	2.403516E+3	-1.888748E+3	4.680694E+3	-2.885708E+3	7.161900E+3	-1.071481E+4	8.441860E+3	-1.719080E+4
1.798000E+1	-1.508447E+1	2.448621E+0	-1.508404E+1	1.003819E-1	2.403802E+3	-1.888177E+3	4.680408E+3	-2.885137E+3	7.161900E+3	-1.071538E+4	8.441860E+3	-1.719080E+4
1.799000E+1	-1.508446E+1	2.477990E+0	-1.508403E+1	1.003820E-1	2.404087E+3	-1.887606E+3	4.680123E+3	-2.884566E+3	7.161900E+3	-1.071595E+4	8.441860E+3	-1.719080E+4
1.800000E+1	-1.508444E+1	2.389357E+0	-1.508402E+1	1.003822E-1	2.404372E+3	-1.887035E+3	4.679838E+3	-2.883995E+3	7.161900E+3	-1.071652E+4	8.441860E+3	-1.719080E+4
1.801000E+1	-1.508444E+1	2.357554E+0	-1.508401E+1	1.003822E-1	2.403955E+3	-1.886358E+3	4.679650E+3	-2.883620E+3	7.161598E+3	-1.071750E+4	8.441558E+3	-1.719140E+4
1.802000E+1	-1.508448E+1	2.331713E+0	-1.508405E+1	1.003818E-1	2.402188E+3	-1.885474E+3	4.679650E+3	-2.883620E+3	7.160714E+3	-1.071927E+4	8.440674E+3	-1.719317E+4
1.803000E+1	-1.508452E+1	2.478545E+0	-1.508409E+1	1.003814E-1	2.400770E+3	-1.884900E+3	4.679605E+3	-2.883665E+3	7.160005E+3	-1.072051E+4	8.440100E+3	-1.719450E+4
1.804000E+1	-1.508453E+1	2.403688E+0	-1.508410E+1	1.003813E-1	2.400406E+3	-1.885264E+3	4.679423E+3	-2.883847E+3	7.159823E+3	-1.072015E+4	8.440464E+3	-1.719450E+4
1.805000E+1	-1.508454E+1	2.361697E+0	-1.508411E+1	1.003812E-1	2.400042E+3	-1.885628E+3	4.679241E+3	-2.884029E+3	7.159641E+3	-1.071978E+4	8.440828E+3	-1.719450E+4
1.806000E+1	-1.508455E+1	2.362906E+0	-1.508412E+1	1.003811E-1	2.399679E+3	-1.885991E+3	4.679059E+3	-2.884211E+3	7.159459E+3	-1.071942E+4	8.441191E+3	-1.719450E+4
1.807000E+1	-1.508452E+1	2.425925E+0	-1.508409E+1	1.003814E-1	2.399315E+3	-1.886355E+3	4.678877E+3	-2.884393E+3	7.159277E+3	-1.071905E+4	8.441555E+3	-1.719450E+4
1.808000E+1	-1.508451E+1	2.446675E+0	-1.508409E+1	1.003815E-1	2.398951E+3	-1.886719E+3	4.678696E+3	-2.884574E+3	7.159096E+3	-1.071869E+4	8.441919E+3	-1.719450E+4
1.809000E+1	-1.508452E+1	2.359847E+0	-1.508409E+1	1.003814E-1	2.398587E+3	-1.887083E+3	4.678514E+3	-2.884756E+3	7.158914E+3	-1.071833E+4	8.442283E+3	-1.719450E+4
1.810000E+1	-1.508457E+1	2.303813E+0	-1.508414E+1	1.003809E-1	2.398224E+3	-1.887446E+3	4.678332E+3	-2.884938E+3	7.158732E+3	-1.071796E+4	8.442646E+3	-1.719450E+4
1.811000E+1	-1.508452E+1	2.511659E+0	-1.508410E+1	1.003814E-1	2.397860E+3	-1.887810E+3	4.678150E+3	-2.885120E+3	7.158550E+3	-1.071760E+4	8.443010E+3	-1.719450E+4
1.812000E+1	-1.508452E+1	2.454895E+0	-1.508409E+1	1.003814E-1	2.397496E+3	-1.888174E+3	4.677968E+3	-2.885302E+3	7.158368E+3	-1.071724E+4	8.443374E+3	-1.719450E+4
1.813000E+1	-1.508450E+1	2.413808E+0	-1.508408E+1	1.003816E-1	2.402710E+3	-1.888510E+3	4.677832E+3	-2.887288E+3	7.161900E+3	-1.071684E+4	8.436472E+3	-1.719080E+4
1.814000E+1	-1.508448E+1	2.328430E+0	-1.508405E+1	1.003818E-1	2.402710E+3	-1.888510E+3	4.678264E+3	-2.886856E+3	7.161900E+3	-1.071597E+4	8.438629E+3	-1.719080E+4
1.815000E+1	-1.508450E+1	2.376899E+0	-1.508407E+1	1.003816E-1	2.402710E+3	-1.888510E+3	4.678695E+3	-2.886425E+3	7.161900E+3	-1.071511E+4	8.440786E+3	-1.719080E+4
1.816000E+1	-1.508458E+1	2.466623E+0	-1.508415E+1	1.003808E-1	2.402710E+3	-1.888510E+3	4.679127E+3	-2.885993E+3	7.161900E+3	-1.071425E+4	8.442943E+3	-1.719080E+4
1.817000E+1	-1.508462E+1	2.452224E+0	-1.508419E+1	1.003804E-1	2.402710E+3	-1.888510E+3	4.679558E+3	-2.885562E+3	7.161900E+3	-1.071338E+4	8.445100E+3	-1.719080E+4
1.818000E+1	-1.508459E+1	2.415614E+0	-1.508416E+1	1.003807E-1	2.402710E+3	-1.888510E+3	4.679650E+3	-2.885402E+3	7.161900E+3	-1.071334E+4	8.445492E+3	-1.719080E+4
1.819000E+1	-1.508456E+1	2.395505E+0	-1.508414E+1	1.003809E-1	2.402710E+3	-1.888510E+3	4.679650E+3	-2.885315E+3	7.161900E+3	-1.071351E+4	8.445405E+3	-1.719080E+4
1.820000E+1	-1.508459E+1	2.533271E+0	-1.508416E+1	1.003807E-1	2.402710E+3	-1.888510E+3	4.679650E+3	-2.885228E+3	7.161900E+3	-1.071368E+4	8.445318E+3	-1.719080E+4
1.821000E+1	-1.508463E+1	2.495166E+0	-1.508420E+1	1.003802E-1	2.402710E+3	-1.888510E+3	4.679650E+3	-2.885142E+3	7.161900E+3	-1.071386E+4	8.445232E+3	-1.719080E+4
1.822000E+1	-1.508463E+1	2.343911E+0	-1.508420E+1	1.003803E-1	2.402710E+3	-1.888510E+3	4.679650E+3	-2.885055E+3	7.161900E+3	-1.071403E+4	8.445145E+3	-1.719080E+4
1.823000E+1	-1.508463E+1	2.423593E+0	-1.508420E+1	1.003803E-1	2.402710E+3	-1.888510E+3	4.679650E+3	-2.884968E+3	7.161900E+3	-1.071420E+4	8.445058E+3	-1.719080E+4
1.824000E+1	-1.508456E+1	2.457449E+0	-1.508413E+1	1.003810E-1	2.402710E+3	-1.888510E+3	4.679650E+3	-2.884882E+3	7.161900E+3	-1.071438E+4	8.444972E+3	-1.719080E+4
1.825000E+1	-1.508453E+1	2.456664E+0	-1.508410E+1	1.003813E-1	2.402710E+3	-1.888510E+3	4.679650E+3	-2.884795E+3	7.161900E+3	-1.071455E+4	8.444885E+3	-1.719080E+4
1.826000E+1	-1.508450E+1	2.424328E+0	-1.508407E+1	1.003816E-1	2.402710E+3	-1.888510E+3	4.679650E+3	-2.884708E+3	7.161900E+3	-1.071472E+4	8.444798E+3	-1.719080E+4
1.827000E+1	-1.508444E+1	2.355441E+0	-1.508401E+1	1.003822E-1	2.402710E+3	-1.888510E+3	4.679650E+3	-2.884622E+3	7.161900E+3	-1.071490E+4	8.444712E+3	-1.719080E+4
1.828000E+1	-1.508446E+1	2.458744E+0	-1.508403E+1	1.003820E-1	2.402710E+3	-1.888510E+3	4.679650E+3	-2.884535E+3	7.161900E+3	-1.071507E+4	8.444625E+3	-1.719080E+4
1.829000E+1	-1.508451E+1	2.469122E+0	-1.508408E+1	1.003815E-1	2.402710E+3	-1.888510E+3	4.679650E+3	-2.884448E+3	7.161900E+3	-1.071524E+4	8.444538E+3	-1.719080E+4
1.830000E+1	-1.508453E+1	2.402566E+0	-1.508410E+1	1.003813E-1	2.402710E+3	-1.888510E+3	4.679650E+3	-2.884362E+3	7.161900E+3	-1.071542E+4	8.444452E+3	-1.719080E+4
1.831000E+1	-1.508452E+1	2.381603E+0	-1.508409E+1	1.003814E-1	2.402710E+3	-1.888510E+3	4.679650E+3	-2.884275E+3	7.161900E+3	-1.071559E+4	8.444365E+3	-1.719080E+4
1.832000E+1	-1.508452E+1	2.390522E+0	-1.508409E+1	1.003814E-1	2.402710E+3	-1.888510E+3	4.679650E+3	-2.884188E+3	7.161900E+3	-1.071576E+4	8.444278E+3	-1.719080E+4
1.833000E+1	-1.508452E+1	2.508664E+0	-1.508409E+1	1.003814E-1	2.402710E+3	-1.888510E+3	4.679650E+3	-2.884102E+3	7.161900E+3	-1.071594E+4	8.444192E+3	-1.719080E+4
1.834000E+1	-1.508450E+1	2.433905E+0	-1.508407E+1	1.003816E-1	2.402710E+3	-1.888510E+3	4.679650E+3	-2.884015E+3	7.161900E+3	-1.071611E+4	8.444105E+3	-1.719080E+4
1.835000E+1	-1.508450E+1	2.327334E+0	-1.508407E+1	1.003816E-1	2.402710E+3	-1.888510E+3	4.679650E+3	-2.883928E+3	7.161900E+3	-1.071628E+4	8.444018E+3	-1.719080E+4
1.836000E+1	-1.508450E+1	2.390369E+0	-1.508408E+1	1.003815E-1	2.402710E+3	-1.888510E+3	4.679650E+3	-2.883842E+3	7.161900E+3	-1.071646E+4	8.443932E+3	-1.719080E+4
1.837000E+1	-1.508451E+1	2.437377E+0	-1.508408E+1	1.003815E-1	2.402710E+3	-1.888510E+3	4.679650E+3	-2.883755E+3	7.161900E+3	-1.071663E+4	8.443845E+3	-1.719080E+4
1.838000E+1	-1.508460E+1	2.494942E+0	-1.508417E+1	1.003806E-1	2.402710E+3	-1.888510E+3	4.679650E+3	-2.883668E+3	7.161900E+3	-1.071680E+4	8.443758E+3	-1.719080E+4
1.839000E+1	-1.508469E+1	2.363053E+0	-1.508426E+1	1.003797E-1	2.401095E+3	-1.890478E+3	4.679650E+3	-2.889052E+3	7.160168E+3	-1.071679E+4	8.434931E+3	-1.719249E+4
1.840000E+1	-1.508472E+1	2.351454E+0	-1.508430E+1	1.003793E-1	2.401625E+3	-1.890743E+3	4.679650E+3	-2.888787E+3	7.160433E+3	-1.071653E+4	8.435990E+3	-1.719223E+4
1.841000E+1	-1.508472E+1	2.443631E+0	-1.508430E+1	1.003793E-1	2.402155E+3	-1.891008E+3	4.679650E+3	-2.888522E+3	7.160698E+3	-1.071627E+4	8.437050E+3	-1.719197E+4
1.842000E+1	-1.508476E+1	2.493874E+0	-1.508433E+1	1.003790E-1	2.402685E+3	-1.891273E+3	4.679650E+3	-2.888257E+3	7.160963E+3	-1.071601E+4	8.438110E+3	-1.719171E+4
1.843000E+1	-1.508482E+1	2.440720E+0	-1.508440E+1	1.003783E-1	2.403215E+3	-1.891538E+3	4.679650E+3	-2.887992E+3	7.161228E+3	-1.071575E+4	8.439170E+3	-1.719145E+4
1.844000E+1	-1.508478E+1	2.285428E+0	-1.508435E+1	1.003787E-1	2.403745E+3	-1.891803E+3	4.679650E+3	-2.887727E+3	7.161493E+3	-1.071550E+4	8.440230E+3	-1.719120E+4
1.845000E+1	-1.508477E+1	2.353606E+0	-1.508434E+1	1.003789E-1	2.404275E+3	-1.892068E+3	4.679650E+3	-2.887462E+3	7.161758E+3	-1.071524E+4	8.441290E+3	-1.719094E+4
1.846000E+1	-1.508479E+1	2.537948E+0	-1.508436E+1	1.003787E-1	2.401060E+3	-1.888110E+3	4.679650E+3	-2.885470E+3	7.159850E+3	-1.071899E+4	8.440010E+3	-1.719450E+4
1.847000E+1	-1.508478E+1	2.373509E+0	-1.508435E+1	1.003788E-1	2.401493E+3	-1.887244E+3	4.679650E+3	-2.885470E+3	7.159417E+3	-1.071942E+4	8.440010E+3	-1.719450E+4
1.848000E+1	-1.508470E+1	2.340439E+0	-1.508428E+1	1.003795E-1	2.401926E+3	-1.886378E+3	4.679650E+3	-2.885470E+3	7.158984E+3	-1.071984E+4	8.440010E+3	-1.719450E+4
1.849000E+1	-1.508464E+1	2.340851E+0	-1.508422E+1	1.003801E-1	2.402359E+3	-1.885512E+3	4.679650E+3	-2.885470E+3	7.158551E+3	-1.072026E+4	8.440010E+3	-1.719450E+4
1.850000E+1	-1.508468E+1	2.458497E+0	-1.508425E+1	1.003798E-1	2.402635E+3	-1.884959E+3	4.679650E+3	-2.885545E+3	7.158125E+3	-1.072045E+4	8.440010E+3	-1.719450E+4
1.851000E+1	-1.508468E+1	2.482731E+0	-1.508426E+1	1.003797E-1	2.402241E+3	-1.885748E+3	4.679650E+3	-2.885939E+3	7.157731E+3	-1.071966E+4	8.440010E+3	-1.719450E+4
1.852000E+1	-1.508472E+1	2.383075E+0	-1.508429E+1	1.003794E-1	2.401846E+3	-1.886538E+3	4.679650E+3	-2.886334E+3	7.157336E+3	-1.071887E+4	8.440010E+3	-1.719450E+4
1.853000E+1	-1.508470E+1	2.411263E+0	-1.508427E+1	1.003795E-1	2.401451E+3	-1.887327E+3	4.679650E+3	-2.886729E+3	7.156941E+3	-1.071808E+4	8.440010E+3	-1.719450E+4
1.854000E+1	-1.508467E+1	2.446312E+0	-1.508425E+1	1.003798E-1	2.401057E+3	-1.888116E+3	4.679650E+3	-2.887123E+3	7.156547E+3	-1.071729E+4	8.440010E+3	-1.719450E+4
1.855000E+1	-1.508472E+1	2.454689E+0	-1.508429E+1	1.003793E-1	2.400578E+3	-1.888228E+3	4.679368E+3	-2.887320E+3	7.156632E+3	-1.071690E+4	8.439164E+3	-1.719421E+4
1.856000E+1	-1.508481E+1	2.370183E+0	-1.508438E+1	1.003785E-1	2.400016E+3	-1.887666E+3	4.678806E+3	-2.887320E+3	7.157194E+3	-1.071690E+4	8.437478E+3	-1.719363E+4
1.857000E+1	-1.508490E+1	2.335673E+0	-1.508447E+1	1.003776E-1	2.399454E+3	-1.887104E+3	4.678244E+3	-2.887320E+3	7.157756E+3	-1.071690E+4	8.435792E+3	-1.719306E+4
1.858000E+1	-1.508488E+1	2.416986E+0	-1.508445E+1	1.003777E-1	2.399173E+3	-1.886823E+3	4.677800E+3	-2.887320E+3	7.158200E+3	-1.071682E+4	8.434541E+3	-1.719260E+4
1.859000E+1	-1.508487E+1	2.476632E+0	-1.508445E+1	1.003778E-1	2.399945E+3	-1.887595E+3	4.677800E+3	-2.887320E+3	7.158200E+3	-1.071644E+4	8.434928E+3	-1.719260E+4
1.860000E+1	-1.508490E+1	2.381121E+0	-1.508447E+1	1.003775E-1	2.400718E+3	-1.888368E+3	4.677800E+3	-2.887320E+3	7.158200E+3	-1.071607E+4	8.435314E+3	-1.719260E+4
1.861000E+1	-1.508490E+1	2.386034E+0	-1.508447E+1	1.003775E-1	2.401491E+3	-1.889141E+3	4.677800E+3	-2.887320E+3	7.158200E+3	-1.071569E+4	8.435701E+3	-1.719260E+4
1.862000E+1	-1.508487E+1	2.331060E+0	-1.508444E+1	1.003778E-1	2.402264E+3	-1.889914E+3	4.677800E+3	-2.887320E+3	7.158200E+3	-1.071532E+4	8.436087E+3	-1.719260E+4
1.863000E+1	-1.508485E+1	2.521373E+0	-1.508442E+1	1.003780E-1	2.403201E+3	-1.889869E+3	4.678045E+3	-2.887075E+3	7.158200E+3	-1.071510E+4	8.437046E+3	-1.719285E+4
1.864000E+1	-1.508484E+1	2.438148E+0	-1.508441E+1	1.003782E-1	2.404360E+3	-1.888710E+3	4.678625E+3	-2.886495E+3	7.158200E+3	-1.071510E+4	8.438785E+3	-1.719345E+4
1.865000E+1	-1.508484E+1	2.375513E+0	-1.508441E+1	1.003781E-1	2.405519E+3	-1.887551E+3	4.679205E+3	-2.885915E+3	7.158200E+3	-1.071510E+4	8.440524E+3	-1.719404E+4
1.866000E+1	-1.508480E+1	2.311158E+0	-1.508438E+1	1.003785E-1	2.406341E+3	-1.886591E+3	4.679581E+3	-2.885470E+3	7.158131E+3	-1.071531E+4	8.441721E+3	-1.719450E+4
1.867000E+1	-1.508474E+1	2.382868E+0	-1.508432E+1	1.003791E-1	2.406042E+3	-1.886292E+3	4.679282E+3	-2.885470E+3	7.157832E+3	-1.071620E+4	8.441123E+3	-1.719450E+4
1.868000E+1	-1.508469E+1	2.452550E+0	-1.508426E+1	1.003796E-1	2.405742E+3	-1.885992E+3	4.678982E+3	-2.885470E+3	7.157532E+3	-1.071708E+4	8.440525E+3	-1.719450E+4
1.869000E+1	-1.508473E+1	2.359782E+0	-1.508430E+1	1.003793E-1	2.405443E+3	-1.885693E+3	4.678683E+3	-2.885470E+3	7.157233E+3	-1.071797E+4	8.439926E+3	-1.719450E+4
1.870000E+1	-1.508480E+1	2.284773E+0	-1.508437E+1	1.003785E-1	2.405144E+3	-1.885394E+3	4.678384E+3	-2.885470E+3	7.156934E+3	-1.071886E+4	8.439328E+3	-1.719450E+4
1.871000E+1	-1.508484E+1	2.420093E+0	-1.508442E+1	1.003781E-1	2.404845E+3	-1.885095E+3	4.678085E+3	-2.885470E+3	7.156635E+3	-1.071975E+4	8.438730E+3	-1.719450E+4
1.872000E+1	-1.508485E+1	2.485777E+0	-1.508442E+1	1.003781E-1	2.404498E+3	-1.884902E+3	4.677831E+3	-2.885470E+3	7.156350E+3	-1.072057E+4	8.438160E+3	-1.719456E+4
1.873000E+1	-1.508483E+1	2.443701E+0	-1.508441E+1	1.003782E-1	2.403219E+3	-1.886821E+3	4.678470E+3	-2.885470E+3	7.156350E+3	-1.071995E+4	8.438160E+3	-1.719584E+4
1.874000E+1	-1.508487E+1	2.336373E+0	-1.508444E+1	1.003778E-1	2.401940E+3	-1.888740E+3	4.679110E+3	-2.885470E+3	7.156350E+3	-1.071933E+4	8.438160E+3	-1.719712E+4
1.875000E+1	-1.508489E+1	2.357309E+0	-1.508446E+1	1.003776E-1	2.400815E+3	-1.890405E+3	4.679650E+3	-2.885560E+3	7.156350E+3	-1.071875E+4	8.438160E+3	-1.719811E+4
1.876000E+1	-1.508484E+1	2.486707E+0	-1.508441E+1	1.003781E-1	2.400525E+3	-1.890695E+3	4.679650E+3	-2.886140E+3	7.156350E+3	-1.071846E+4	8.438160E+3	-1.719753E+4
1.877000E+1	-1.508483E+1	2.357257E+0	-1.508440E+1	1.003782E-1	2.400235E+3	-1.890985E+3	4.679650E+3	-2.886720E+3	7.156350E+3	-1.071816E+4	8.438160E+3	-1.719695E+4
1.878000E+1	-1.508482E+1	2.295041E+0	-1.508440E+1	1.003783E-1	2.399945E+3	-1.891275E+3	4.679650E+3	-2.887299E+3	7.156350E+3	-1.071786E+4	8.438160E+3	-1.719637E+4
1.879000E+1	-1.508482E+1	2.298108E+0	-1.508439E+1	1.003783E-1	2.399655E+3	-1.891565E+3	4.679650E+3	-2.887879E+3	7.156350E+3	-1.071756E+4	8.438160E+3	-1.719579E+4
1.880000E+1	-1.508490E+1	2.478767E+0	-1.508447E+1	1.003775E-1	2.399366E+3	-1.891854E+3	4.679650E+3	-2.888459E+3	7.156350E+3	-1.071727E+4	8.438160E+3	-1.719521E+4
1.881000E+1	-1.508495E+1	2.440182E+0	-1.508452E+1	1.003770E-1	2.399076E+3	-1.892144E+3	4.679650E+3	-2.889038E+3	7.156350E+3	-1.071697E+4	8.438160E+3	-1.719463E+4
1.882000E+1	-1.508488E+1	2.369761E+0	-1.508446E+1	1.003777E-1	2.399010E+3	-1.891800E+3	4.679445E+3	-2.889375E+3	7.156350E+3	-1.071690E+4	8.437546E+3	-1.719450E+4
1.883000E+1	-1.508485E+1	2.325753E+0	-1.508442E+1	1.003781E-1	2.399010E+3	-1.891270E+3	4.679180E+3	-2.889640E+3	7.156350E+3	-1.071690E+4	8.436751E+3	-1.719450E+4
1.884000E+1	-1.508480E+1	2.370954E+0	-1.508437E+1	1.003785E-1	2.399010E+3	-1.890740E+3	4.678915E+3	-2.889905E+3	7.156350E+3	-1.071690E+4	8.435956E+3	-1.719450E+4
1.885000E+1	-1.508483E+1	2.460998E+0	-1.508440E+1	1.003782E-1	2.399010E+3	-1.890211E+3	4.678650E+3	-2.890170E+3	7.156350E+3	-1.071690E+4	8.435161E+3	-1.719450E+4
1.886000E+1	-1.508490E+1	2.467472E+0	-1.508447E+1	1.003775E-1	2.399010E+3	-1.889681E+3	4.678385E+3	-2.890435E+3	7.156350E+3	-1.071690E+4	8.434366E+3	-1.719450E+4
1.887000E+1	-1.508490E+1	2.318891E+0	-1.508447E+1	1.003775E-1	2.399010E+3	-1.889151E+3	4.678120E+3	-2.890700E+3	7.156350E+3	-1.071690E+4	8.433571E+3	-1.719450E+4
1.888000E+1	-1.508488E+1	2.379078E+0	-1.508445E+1	1.003778E-1	2.399010E+3	-1.888621E+3	4.677855E+3	-2.890965E+3	7.156350E+3	-1.071690E+4	8.432776E+3	-1.719450E+4
1.889000E+1	-1.508489E+1	2.463422E+0	-1.508446E+1	1.003777E-1	2.402812E+3	-1.892108E+3	4.677902E+3	-2.887320E+3	7.158098E+3	-1.071520E+4	8.436514E+3	-1.719270E+4
1.890000E+1	-1.508488E+1	2.447117E+0	-1.508445E+1	1.003777E-1	2.402941E+3	-1.891979E+3	4.678031E+3	-2.887320E+3	7.157969E+3	-1.071532E+4	8.436771E+3	-1.719284E+4
1.891000E+1	-1.508488E+1	2.357785E+0	-1.508445E+1	1.003777E-1	2.403070E+3	-1.891850E+3	4.678160E+3	-2.887320E+3	7.157840E+3	-1.071545E+4	8.437029E+3	-1.719297E+4
1.892000E+1	-1.508492E+1	2.364932E+0	-1.508449E+1	1.003773E-1	2.403198E+3	-1.891722E+3	4.678288E+3	-2.887320E+3	7.157712E+3	-1.071558E+4	8.437287E+3	-1.719310E+4
1.893000E+1	-1.508488E+1	2.486436E+0	-1.508445E+1	1.003777E-1	2.403327E+3	-1.891593E+3	4.678417E+3	-2.887320E+3	7.157583E+3	-1.071570E+4	8.437544E+3	-1.719323E+4
1.894000E+1	-1.508483E+1	2.481102E+0	-1.508440E+1	1.003782E-1	2.403456E+3	-1.891464E+3	4.678546E+3	-2.887320E+3	7.157454E+3	-1.071583E+4	8.437802E+3	-1.719337E+4
1.895000E+1	-1.508486E+1	2.364045E+0	-1.508443E+1	1.003779E-1	2.403585E+3	-1.891335E+3	4.678675E+3	-2.887320E+3	7.157325E+3	-1.071595E+4	8.438060E+3	-1.719350E+4
1.896000E+1	-1.508488E+1	2.306804E+0	-1.508446E+1	1.003777E-1	2.403714E+3	-1.891206E+3	4.678804E+3	-2.887320E+3	7.157196E+3	-1.071608E+4	8.438317E+3	-1.719363E+4
1.897000E+1	-1.508488E+1	2.367249E+0	-1.508446E+1	1.003777E-1	2.403842E+3	-1.891078E+3	4.678932E+3	-2.887320E+3	7.157068E+3	-1.071620E+4	8.438575E+3	-1.719376E+4
1.898000E+1	-1.508486E+1	2.531856E+0	-1.508443E+1	1.003780E-1	2.403971E+3	-1.890949E+3	4.679061E+3	-2.887320E+3	7.156939E+3	-1.071633E+4	8.438833E+3	-1.719390E+4
1.899000E+1	-1.508486E+1	2.439640E+0	-1.508443E+1	1.003779E-1	2.404100E+3	-1.890820E+3	4.679190E+3	-2.887320E+3	7.156810E+3	-1.071645E+4	8.439090E+3	-1.719403E+4
1.900000E+1	-1.508484E+1	2.375907E+0	-1.508441E+1	1.003781E-1	2.404229E+3	-1.890691E+3	4.679319E+3	-2.887320E+3	7.156681E+3	-1.071658E+4	8.439348E+3	-1.719416E+4
1.901000E+1	-1.508485E+1	2.363943E+0	-1.508442E+1	1.003781E-1	2.404358E+3	-1.890562E+3	4.679448E+3	-2.887320E+3	7.156552E+3	-1.071670E+4	8.439606E+3	-1.719429E+4
1.902000E+1	-1.508486E+1	2.423528E+0	-1.508443E+1	1.003780E-1	2.404487E+3	-1.890433E+3	4.679577E+3	-2.887320E+3	7.156423E+3	-1.071683E+4	8.439863E+3	-1.719442E+4
1.903000E+1	-1.508485E+1	2.410070E+0	-1.508442E+1	1.003780E-1	2.402625E+3	-1.890275E+3	4.679565E+3	-2.887405E+3	7.156350E+3	-1.071690E+4	8.436140E+3	-1.719450E+4
1.904000E+1	-1.508485E+1	2.299285E+0	-1.508443E+1	1.003780E-1	2.402428E+3	-1.890078E+3	4.679368E+3	-2.887602E+3	7.156350E+3	-1.071690E+4	8.435746E+3	-1.719450E+4
1.905000E+1	-1.508484E+1	2.400849E+0	-1.508441E+1	1.003781E-1	2.402230E+3	-1.889880E+3	4.679170E+3	-2.887800E+3	7.156350E+3	-1.071690E+4	8.435351E+3	-1.719450E+4
1.906000E+1	-1.508485E+1	2.514097E+0	-1.508442E+1	1.003781E-1	2.402033E+3	-1.889683E+3	4.678973E+3	-2.887997E+3	7.156350E+3	-1.071690E+4	8.434956E+3	-1.719450E+4
1.907000E+1	-1.508485E+1	2.471722E+0	-1.508442E+1	1.003781E-1	2.401836E+3	-1.889486E+3	4.678776E+3	-2.888194E+3	7.156350E+3	-1.071690E+4	8.434562E+3	-1.719450E+4
1.908000E+1	-1.508481E+1	2.409750E+0	-1.508438E+1	1.003784E-1	2.401638E+3	-1.889288E+3	4.678578E+3	-2.888392E+3	7.156350E+3	-1.071690E+4	8.434167E+3	-1.719450E+4
1.909000E+1	-1.508477E+1	2.366412E+0	-1.508434E+1	1.003788E-1	2.401441E+3	-1.889091E+3	4.678381E+3	-2.888589E+3	7.156350E+3	-1.071690E+4	8.433772E+3	-1.719450E+4
1.910000E+1	-1.508479E+1	2.408355E+0	-1.508436E+1	1.003787E-1	2.401244E+3	-1.888894E+3	4.678184E+3	-2.888786E+3	7.156350E+3	-1.071690E+4	8.433378E+3	-1.719450E+4
1.911000E+1	-1.508475E+1	2.476636E+0	-1.508432E+1	1.003791E-1	2.401046E+3	-1.888696E+3	4.677986E+3	-2.888984E+3	7.156350E+3	-1.071690E+4	8.432983E+3	-1.719450E+4
1.912000E+1	-1.508474E+1	2.335249E+0	-1.508432E+1	1.003791E-1	2.400893E+3	-1.888510E+3	4.677833E+3	-2.889104E+3	7.156383E+3	-1.071683E+4	8.432709E+3	-1.719447E+4
1.913000E+1	-1.508476E+1	2.363009E+0	-1.508433E+1	1.003789E-1	2.401491E+3	-1.888510E+3	4.678431E+3	-2.887907E+3	7.156981E+3	-1.071564E+4	8.434504E+3	-1.719385E+4
1.914000E+1	-1.508477E+1	2.358316E+0	-1.508434E+1	1.003788E-1	2.402090E+3	-1.888510E+3	4.679030E+3	-2.886711E+3	7.157580E+3	-1.071444E+4	8.436299E+3	-1.719324E+4
1.915000E+1	-1.508476E+1	2.504241E+0	-1.508434E+1	1.003789E-1	2.402688E+3	-1.888510E+3	4.679628E+3	-2.885514E+3	7.158178E+3	-1.071324E+4	8.438094E+3	-1.719262E+4
1.916000E+1	-1.508474E+1	2.440354E+0	-1.508431E+1	1.003791E-1	2.404047E+3	-1.885067E+3	4.678057E+3	-2.885470E+3	7.156093E+3	-1.071905E+4	8.437647E+3	-1.719311E+4
1.917000E+1	-1.508473E+1	2.338598E+0	-1.508430E+1	1.003793E-1	2.403274E+3	-1.885453E+3	4.678443E+3	-2.885470E+3	7.155707E+3	-1.071943E+4	8.436874E+3	-1.719389E+4
1.918000E+1	-1.508476E+1	2.403038E+0	-1.508433E+1	1.003789E-1	2.402501E+3	-1.885839E+3	4.678829E+3	-2.885470E+3	7.155321E+3	-1.071980E+4	8.436101E+3	-1.719466E+4
1.919000E+1	-1.508482E+1	2.490278E+0	-1.508439E+1	1.003783E-1	2.401728E+3	-1.886226E+3	4.679216E+3	-2.885470E+3	7.154934E+3	-1.072018E+4	8.435328E+3	-1.719543E+4
1.920000E+1	-1.508484E+1	2.375307E+0	-1.508442E+1	1.003781E-1	2.400955E+3	-1.886612E+3	4.679602E+3	-2.885470E+3	7.154548E+3	-1.072055E+4	8.434555E+3	-1.719620E+4
1.921000E+1	-1.508491E+1	2.355179E+0	-1.508449E+1	1.003774E-1	2.399843E+3	-1.887168E+3	4.679650E+3	-2.885978E+3	7.154500E+3	-1.071958E+4	8.434968E+3	-1.719630E+4
1.922000E+1	-1.508500E+1	2.323586E+0	-1.508458E+1	1.003765E-1	2.398684E+3	-1.887748E+3	4.679650E+3	-2.886558E+3	7.154500E+3	-1.071842E+4	8.435548E+3	-1.719630E+4
1.923000E+1	-1.508502E+1	2.490135E+0	-1.508459E+1	1.003763E-1	2.397525E+3	-1.888328E+3	4.679650E+3	-2.887138E+3	7.154500E+3	-1.071726E+4	8.436128E+3	-1.719630E+4
1.924000E+1	-1.508495E+1	2.463255E+0	-1.508453E+1	1.003770E-1	2.397160E+3	-1.888775E+3	4.679385E+3	-2.887320E+3	7.154500E+3	-1.071717E+4	8.435780E+3	-1.719604E+4
1.925000E+1	-1.508486E+1	2.355086E+0	-1.508443E+1	1.003779E-1	2.397160E+3	-1.889161E+3	4.678999E+3	-2.887320E+3	7.154500E+3	-1.071757E+4	8.435007E+3	-1.719567E+4
1.926000E+1	-1.508486E+1	2.330271E+0	-1.508443E+1	1.003779E-1	2.397160E+3	-1.889548E+3	4.678612E+3	-2.887320E+3	7.154500E+3	-1.071797E+4	8.434234E+3	-1.719529E+4
1.927000E+1	-1.508487E+1	2.309090E+0	-1.508445E+1	1.003778E-1	2.397160E+3	-1.889934E+3	4.678226E+3	-2.887320E+3	7.154500E+3	-1.071836E+4	8.433461E+3	-1.719491E+4
1.928000E+1	-1.508495E+1	2.487631E+0	-1.508452E+1	1.003770E-1	2.397160E+3	-1.890321E+3	4.677839E+3	-2.887320E+3	7.154500E+3	-1.071876E+4	8.432689E+3	-1.719454E+4
1.929000E+1	-1.508493E+1	2.381357E+0	-1.508450E+1	1.003772E-1	2.397681E+3	-1.890360E+3	4.678321E+3	-2.887320E+3	7.154500E+3	-1.071880E+4	8.431568E+3	-1.719450E+4
1.930000E+1	-1.508488E+1	2.308851E+0	-1.508445E+1	1.003777E-1	2.398260E+3	-1.890360E+3	4.678900E+3	-2.887320E+3	7.154500E+3	-1.071880E+4	8.430409E+3	-1.719450E+4
1.931000E+1	-1.508487E+1	2.388938E+0	-1.508445E+1	1.003778E-1	2.398840E+3	-1.890360E+3	4.679480E+3	-2.887320E+3	7.154500E+3	-1.071880E+4	8.429250E+3	-1.719450E+4
1.932000E+1	-1.508489E+1	2.527416E+0	-1.508446E+1	1.003776E-1	2.399109E+3	-1.890360E+3	4.679551E+3	-2.887320E+3	7.154500E+3	-1.071860E+4	8.429304E+3	-1.719450E+4
1.933000E+1	-1.508488E+1	2.482461E+0	-1.508446E+1	1.003777E-1	2.399248E+3	-1.890360E+3	4.679412E+3	-2.887320E+3	7.154500E+3	-1.071832E+4	8.429862E+3	-1.719450E+4
1.934000E+1	-1.508488E+1	2.378715E+0	-1.508445E+1	1.003777E-1	2.399388E+3	-1.890360E+3	4.679272E+3	-2.887320E+3	7.154500E+3	-1.071804E+4	8.430420E+3	-1.719450E+4
1.935000E+1	-1.508488E+1	2.364092E+0	-1.508445E+1	1.003777E-1	2.399527E+3	-1.890360E+3	4.679133E+3	-2.887320E+3	7.154500E+3	-1.071777E+4	8.430978E+3	-1.719450E+4
1.936000E+1	-1.508487E+1	2.515383E+0	-1.508444E+1	1.003779E-1	2.399666E+3	-1.890360E+3	4.678994E+3	-2.887320E+3	7.154500E+3	-1.071749E+4	8.431536E+3	-1.719450E+4
1.937000E+1	-1.508488E+1	2.429674E+0	-1.508445E+1	1.003777E-1	2.399806E+3	-1.890360E+3	4.678854E+3	-2.887320E+3	7.154500E+3	-1.071721E+4	8.432094E+3	-1.719450E+4
1.938000E+1	-1.508489E+1	2.395813E+0	-1.508446E+1	1.003776E-1	2.399945E+3	-1.890360E+3	4.678715E+3	-2.887320E+3	7.154500E+3	-1.071693E+4	8.432652E+3	-1.719450E+4
1.939000E+1	-1.508494E+1	2.267938E+0	-1.508451E+1	1.003771E-1	2.400085E+3	-1.890360E+3	4.678575E+3	-2.887320E+3	7.154500E+3	-1.071665E+4	8.433210E+3	-1.719450E+4
1.940000E+1	-1.508501E+1	2.351440E+0	-1.508458E+1	1.003764E-1	2.400224E+3	-1.890360E+3	4.678436E+3	-2.887320E+3	7.154500E+3	-1.071637E+4	8.433767E+3	-1.719450E+4
1.941000E+1	-1.508498E+1	2.385013E+0	-1.508455E+1	1.003767E-1	2.400364E+3	-1.890360E+3	4.678296E+3	-2.887320E+3	7.154500E+3	-1.071609E+4	8.434325E+3	-1.719450E+4
1.942000E+1	-1.508498E+1	2.282917E+0	-1.508455E+1	1.003767E-1	2.400503E+3	-1.890360E+3	4.678157E+3	-2.887320E+3	7.154500E+3	-1.071581E+4	8.434883E+3	-1.719450E+4
1.943000E+1	-1.508499E+1	2.312502E+0	-1.508456E+1	1.003766E-1	2.400643E+3	-1.890360E+3	4.678017E+3	-2.887320E+3	7.154500E+3	-1.071553E+4	8.435441E+3	-1.719450E+4
1.944000E+1	-1.508498E+1	2.315194E+0	-1.508455E+1	1.003767E-1	2.400782E+3	-1.890360E+3	4.677878E+3	-2.887320E+3	7.154500E+3	-1.071526E+4	8.435999E+3	-1.719450E+4
1.945000E+1	-1.508495E+1	2.482538E+0	-1.508452E+1	1.003770E-1	2.402543E+3	-1.886995E+3	4.679483E+3	-2.887153E+3	7.154500E+3	-1.072217E+4	8.436310E+3	-1.719630E+4
1.946000E+1	-1.508494E+1	2.449433E+0	-1.508452E+1	1.003771E-1	2.402164E+3	-1.887752E+3	4.679104E+3	-2.886774E+3	7.154500E+3	-1.072141E+4	8.436310E+3	-1.719630E+4
1.947000E+1	-1.508499E+1	2.305409E+0	-1.508456E+1	1.003766E-1	2.401785E+3	-1.888509E+3	4.678725E+3	-2.886395E+3	7.154500E+3	-1.072065E+4	8.436310E+3	-1.719630E+4
1.948000E+1	-1.508503E+1	2.374234E+0	-1.508461E+1	1.003761E-1	2.401407E+3	-1.889266E+3	4.678347E+3	-2.886017E+3	7.154500E+3	-1.071989E+4	8.436310E+3	-1.719630E+4
1.949000E+1	-1.508503E+1	2.472403E+0	-1.508460E+1	1.003762E-1	2.401028E+3	-1.890023E+3	4.677968E+3	-2.885638E+3	7.154500E+3	-1.071914E+4	8.436310E+3	-1.719630E+4
1.950000E+1	-1.508503E+1	2.464468E+0	-1.508460E+1	1.003762E-1	2.400919E+3	-1.890360E+3	4.677800E+3	-2.885587E+3	7.154500E+3	-1.071874E+4	8.436193E+3	-1.719618E+4
1.951000E+1	-1.508505E+1	2.386523E+0	-1.508462E+1	1.003760E-1	2.401024E+3	-1.890360E+3	4.677800E+3	-2.885798E+3	7.154500E+3	-1.071863E+4	8.435982E+3	-1.719597E+4
1.952000E+1	-1.508501E+1	2.361106E+0	-1.508458E+1	1.003764E-1	2.401129E+3	-1.890360E+3	4.677800E+3	-2.886009E+3	7.154500E+3	-1.071852E+4	8.435771E+3	-1.719576E+4
1.953000E+1	-1.508491E+1	2.501567E+0	-1.508449E+1	1.003774E-1	2.401235E+3	-1.890360E+3	4.677800E+3	-2.886219E+3	7.154500E+3	-1.071842E+4	8.435561E+3	-1.719555E+4
1.954000E+1	-1.508490E+1	2.424491E+0	-1.508447E+1	1.003775E-1	2.401340E+3	-1.890360E+3	4.677800E+3	-2.886430E+3	7.154500E+3	-1.071831E+4	8.435350E+3	-1.719534E+4
1.955000E+1	-1.508488E+1	2.371934E+0	-1.508445E+1	1.003778E-1	2.401446E+3	-1.890360E+3	4.677800E+3	-2.886641E+3	7.154500E+3	-1.071820E+4	8.435139E+3	-1.719513E+4
1.956000E+1	-1.508485E+1	2.299733E+0	-1.508443E+1	1.003780E-1	2.401551E+3	-1.890360E+3	4.677800E+3	-2.886852E+3	7.154500E+3	-1.071809E+4	8.434928E+3	-1.719492E+4
1.957000E+1	-1.508491E+1	2.364159E+0	-1.508449E+1	1.003774E-1	2.401656E+3	-1.890360E+3	4.677800E+3	-2.887063E+3	7.154500E+3	-1.071798E+4	8.434717E+3	-1.719471E+4
1.958000E+1	-1.508493E+1	2.509603E+0	-1.508450E+1	1.003772E-1	2.401762E+3	-1.890360E+3	4.677800E+3	-2.887273E+3	7.154500E+3	-1.071787E+4	8.434507E+3	-1.719450E+4
1.959000E+1	-1.508490E+1	2.407790E+0	-1.508447E+1	1.003775E-1	2.401867E+3	-1.890360E+3	4.677800E+3	-2.887484E+3	7.154500E+3	-1.071777E+4	8.434296E+3	-1.719429E+4
1.960000E+1	-1.508491E+1	2.326961E+0	-1.508448E+1	1.003774E-1	2.401972E+3	-1.890360E+3	4.677800E+3	-2.887695E+3	7.154500E+3	-1.071766E+4	8.434085E+3	-1.719408E+4
1.961000E+1	-1.508488E+1	2.358754E+0	-1.508445E+1	1.003778E-1	2.402078E+3	-1.890360E+3	4.677800E+3	-2.887906E+3	7.154500E+3	-1.071755E+4	8.433874E+3	-1.719386E+4
1.962000E+1	-1.508479E+1	2.406654E+0	-1.508436E+1	1.003786E-1	2.402183E+3	-1.890360E+3	4.677800E+3	-2.888117E+3	7.154500E+3	-1.071744E+4	8.433663E+3	-1.719365E+4
1.963000E+1	-1.508483E+1	2.464017E+0	-1.508440E+1	1.003782E-1	2.402289E+3	-1.890360E+3	4.677800E+3	-2.888327E+3	7.154500E+3	-1.071733E+4	8.433453E+3	-1.719344E+4
1.964000E+1	-1.508495E+1	2.332468E+0	-1.508452E+1	1.003770E-1	2.402394E+3	-1.890360E+3	4.677800E+3	-2.888538E+3	7.154500E+3	-1.071722E+4	8.433242E+3	-1.719323E+4
1.965000E+1	-1.508505E+1	2.305744E+0	-1.508462E+1	1.003760E-1	2.402499E+3	-1.890360E+3	4.677800E+3	-2.888749E+3	7.154500E+3	-1.071712E+4	8.433031E+3	-1.719302E+4
1.966000E+1	-1.508507E+1	2.429911E+0	-1.508465E+1	1.003757E-1	2.402605E+3	-1.890360E+3	4.677800E+3	-2.888960E+3	7.154500E+3	-1.071701E+4	8.432820E+3	-1.719281E+4
1.967000E+1	-1.508506E+1	2.397927E+0	-1.508463E+1	1.003759E-1	2.400859E+3	-1.884811E+3	4.677800E+3	-2.887320E+3	7.152649E+3	-1.072060E+4	8.432610E+3	-1.719630E+4
1.968000E+1	-1.508504E+1	2.376484E+0	-1.508462E+1	1.003760E-1	2.400644E+3	-1.885026E+3	4.677800E+3	-2.887320E+3	7.152434E+3	-1.072060E+4	8.432610E+3	-1.719652E+4
1.969000E+1	-1.508501E+1	2.355341E+0	-1.508459E+1	1.003764E-1	2.400428E+3	-1.885242E+3	4.677800E+3	-2.887320E+3	7.152218E+3	-1.072060E+4	8.432610E+3	-1.719674E+4
1.970000E+1	-1.508502E+1	2.415355E+0	-1.508459E+1	1.003763E-1	2.400212E+3	-1.885458E+3	4.677800E+3	-2.887320E+3	7.152002E+3	-1.072060E+4	8.432610E+3	-1.719697E+4
1.971000E+1	-1.508501E+1	2.504672E+0	-1.508458E+1	1.003764E-1	2.399997E+3	-1.885673E+3	4.677800E+3	-2.887320E+3	7.151787E+3	-1.072060E+4	8.432610E+3	-1.719719E+4
1.972000E+1	-1.508502E+1	2.411934E+0	-1.508459E+1	1.003763E-1	2.399781E+3	-1.885889E+3	4.677800E+3	-2.887320E+3	7.151571E+3	-1.072060E+4	8.432610E+3	-1.719741E+4
1.973000E+1	-1.508507E+1	2.354454E+0	-1.508465E+1	1.003757E-1	2.399565E+3	-1.886105E+3	4.677800E+3	-2.887320E+3	7.151355E+3	-1.072060E+4	8.432610E+3	-1.719763E+4
1.974000E+1	-1.508510E+1	2.337199E+0	-1.508467E+1	1.003755E-1	2.399350E+3	-1.886320E+3	4.677800E+3	-2.887320E+3	7.151140E+3	-1.072060E+4	8.432610E+3	-1.719785E+4
1.975000E+1	-1.508510E+1	2.439655E+0	-1.508467E+1	1.003755E-1	2.399134E+3	-1.886536E+3	4.677800E+3	-2.887320E+3	7.150924E+3	-1.072060E+4	8.432610E+3	-1.719807E+4
1.976000E+1	-1.508507E+1	2.416249E+0	-1.508464E+1	1.003758E-1	2.397545E+3	-1.886660E+3	4.677800E+3	-2.887705E+3	7.150992E+3	-1.071710E+4	8.432034E+3	-1.719800E+4
1.977000E+1	-1.508508E+1	2.284162E+0	-1.508465E+1	1.003757E-1	2.398450E+3	-1.886660E+3	4.677800E+3	-2.888610E+3	7.151445E+3	-1.071756E+4	8.430679E+3	-1.719754E+4
1.978000E+1	-1.508510E+1	2.369222E+0	-1.508468E+1	1.003754E-1	2.399354E+3	-1.886660E+3	4.677800E+3	-2.889514E+3	7.151897E+3	-1.071803E+4	8.429324E+3	-1.719707E+4
1.979000E+1	-1.508511E+1	2.419746E+0	-1.508469E+1	1.003753E-1	2.400259E+3	-1.886660E+3	4.677800E+3	-2.890419E+3	7.152350E+3	-1.071849E+4	8.427969E+3	-1.719661E+4
1.980000E+1	-1.508514E+1	2.434730E+0	-1.508471E+1	1.003751E-1	2.400444E+3	-1.887076E+3	4.677384E+3	-2.890604E+3	7.152650E+3	-1.071837E+4	8.427070E+3	-1.719630E+4
1.981000E+1	-1.508512E+1	2.358088E+0	-1.508469E+1	1.003752E-1	2.399208E+3	-1.888312E+3	4.676148E+3	-2.889368E+3	7.152650E+3	-1.071710E+4	8.427070E+3	-1.719630E+4
1.982000E+1	-1.508508E+1	2.295681E+0	-1.508465E+1	1.003756E-1	2.399349E+3	-1.888849E+3	4.676289E+3	-2.888831E+3	7.152650E+3	-1.071657E+4	8.428762E+3	-1.719597E+4
1.983000E+1	-1.508504E+1	2.360716E+0	-1.508461E+1	1.003761E-1	2.399752E+3	-1.889252E+3	4.676692E+3	-2.888428E+3	7.152650E+3	-1.071618E+4	8.430776E+3	-1.719558E+4
1.984000E+1	-1.508502E+1	2.427325E+0	-1.508459E+1	1.003763E-1	2.400155E+3	-1.889655E+3	4.677095E+3	-2.888025E+3	7.152650E+3	-1.071579E+4	8.432790E+3	-1.719519E+4
1.985000E+1	-1.508501E+1	2.323758E+0	-1.508458E+1	1.003764E-1	2.400559E+3	-1.890059E+3	4.677499E+3	-2.887621E+3	7.152650E+3	-1.071539E+4	8.434804E+3	-1.719479E+4
1.986000E+1	-1.508500E+1	2.348878E+0	-1.508457E+1	1.003765E-1	2.400860E+3	-1.890066E+3	4.677653E+3	-2.887173E+3	7.152503E+3	-1.071554E+4	8.436016E+3	-1.719479E+4
1.987000E+1	-1.508499E+1	2.327227E+0	-1.508456E+1	1.003766E-1	2.400860E+3	-1.888900E+3	4.677070E+3	-2.886590E+3	7.151920E+3	-1.071727E+4	8.434850E+3	-1.719596E+4
1.988000E+1	-1.508495E+1	2.478275E+0	-1.508452E+1	1.003770E-1	2.400860E+3	-1.887734E+3	4.676487E+3	-2.886007E+3	7.151337E+3	-1.071900E+4	8.433684E+3	-1.719713E+4
1.989000E+1	-1.508493E+1	2.370127E+0	-1.508450E+1	1.003772E-1	2.400830E+3	-1.886660E+3	4.675980E+3	-2.885470E+3	7.150800E+3	-1.072060E+4	8.432640E+3	-1.719820E+4
1.990000E+1	-1.508493E+1	2.370684E+0	-1.508450E+1	1.003773E-1	2.400451E+3	-1.886660E+3	4.676359E+3	-2.885470E+3	7.150800E+3	-1.072060E+4	8.433019E+3	-1.719820E+4
1.991000E+1	-1.508491E+1	2.372586E+0	-1.508449E+1	1.003774E-1	2.400073E+3	-1.886660E+3	4.676737E+3	-2.885470E+3	7.150800E+3	-1.072060E+4	8.433397E+3	-1.719820E+4
1.992000E+1	-1.508491E+1	2.440232E+0	-1.508448E+1	1.003774E-1	2.399694E+3	-1.886660E+3	4.677116E+3	-2.885470E+3	7.150800E+3	-1.072060E+4	8.433776E+3	-1.719820E+4
1.993000E+1	-1.508489E+1	2.434991E+0	-1.508446E+1	1.003776E-1	2.399316E+3	-1.886660E+3	4.677494E+3	-2.885470E+3	7.150800E+3	-1.072060E+4	8.434154E+3	-1.719820E+4
1.994000E+1	-1.508486E+1	2.334367E+0	-1.508443E+1	1.003779E-1	2.399010E+3	-1.886660E+3	4.677800E+3	-2.885622E+3	7.150800E+3	-1.072045E+4	8.434384E+3	-1.719820E+4
1.995000E+1	-1.508494E+1	2.348084E+0	-1.508451E+1	1.003771E-1	2.399010E+3	-1.886660E+3	4.677800E+3	-2.886411E+3	7.150800E+3	-1.071966E+4	8.433989E+3	-1.719820E+4
1.996000E+1	-1.508500E+1	2.480120E+0	-1.508457E+1	1.003765E-1	2.399010E+3	-1.886660E+3	4.677800E+3	-2.887200E+3	7.150800E+3	-1.071887E+4	8.433595E+3	-1.719820E+4
1.997000E+1	-1.508491E+1	2.448997E+0	-1.508448E+1	1.003774E-1	2.399010E+3	-1.886660E+3	4.677800E+3	-2.887990E+3	7.150800E+3	-1.071808E+4	8.433200E+3	-1.719820E+4
1.998000E+1	-1.508490E+1	2.366873E+0	-1.508447E+1	1.003776E-1	2.399010E+3	-1.886660E+3	4.677800E+3	-2.888779E+3	7.150800E+3	-1.071729E+4	8.432805E+3	-1.719820E+4
1.999000E+1	-1.508496E+1	2.275064E+0	-1.508453E+1	1.003769E-1	2.399010E+3	-1.886755E+3	4.677705E+3	-2.889075E+3	7.150895E+3	-1.071700E+4	8.432229E+3	-1.719810E+4
2.000000E+1	-1.508506E+1	2.311626E+0	-1.508464E+1	1.003758E-1	2.399010E+3	-1.886945E+3	4.677515E+3	-2.888885E+3	7.151085E+3	-1.071719E+4	8.431473E+3	-1.719791E+4
2.001000E+1	-1.508505E+1	2.462472E+0	-1.508462E+1	1.003760E-1	2.399010E+3	-1.887134E+3	4.677326E+3	-2.888696E+3	7.151274E+3	-1.071739E+4	8.430717E+3	-1.719771E+4
2.002000E+1	-1.508504E+1	2.309978E+0	-1.508461E+1	1.003761E-1	2.399010E+3	-1.887323E+3	4.677137E+3	-2.888507E+3	7.151463E+3	-1.071758E+4	8.429961E+3	-1.719752E+4
2.003000E+1	-1.508507E+1	2.355189E+0	-1.508464E+1	1.003758E-1	2.399010E+3	-1.887512E+3	4.676948E+3	-2.888318E+3	7.151652E+3	-1.071778E+4	8.429205E+3	-1.719732E+4
2.004000E+1	-1.508508E+1	2.336912E+0	-1.508465E+1	1.003757E-1	2.399010E+3	-1.887702E+3	4.676758E+3	-2.888128E+3	7.151842E+3	-1.071797E+4	8.428449E+3	-1.719713E+4
2.005000E+1	-1.508510E+1	2.450716E+0	-1.508467E+1	1.003755E-1	2.399010E+3	-1.887891E+3	4.676569E+3	-2.887939E+3	7.152031E+3	-1.071816E+4	8.427693E+3	-1.719694E+4
2.006000E+1	-1.508507E+1	2.442893E+0	-1.508464E+1	1.003758E-1	2.399010E+3	-1.888080E+3	4.676380E+3	-2.887750E+3	7.152220E+3	-1.071836E+4	8.426938E+3	-1.719674E+4
2.007000E+1	-1.508512E+1	2.330835E+0	-1.508469E+1	1.003753E-1	2.399010E+3	-1.888269E+3	4.676191E+3	-2.887561E+3	7.152409E+3	-1.071855E+4	8.426182E+3	-1.719655E+4
2.008000E+1	-1.508516E+1	2.376280E+0	-1.508473E+1	1.003749E-1	2.399010E+3	-1.888458E+3	4.676002E+3	-2.887372E+3	7.152598E+3	-1.071875E+4	8.425426E+3	-1.719635E+4
2.009000E+1	-1.508517E+1	2.448510E+0	-1.508474E+1	1.003748E-1	2.400138E+3	-1.888510E+3	4.677078E+3	-2.887320E+3	7.154906E+3	-1.071764E+4	8.428598E+3	-1.719630E+4
2.010000E+1	-1.508519E+1	2.496724E+0	-1.508476E+1	1.003745E-1	2.402511E+3	-1.887684E+3	4.677800E+3	-2.886494E+3	7.155524E+3	-1.071690E+4	8.432411E+3	-1.719630E+4
2.011000E+1	-1.508513E+1	2.433921E+0	-1.508470E+1	1.003751E-1	2.404560E+3	-1.886527E+3	4.677800E+3	-2.885470E+3	7.154367E+3	-1.071730E+4	8.434194E+3	-1.719644E+4
2.012000E+1	-1.508510E+1	2.270877E+0	-1.508468E+1	1.003754E-1	2.404560E+3	-1.886132E+3	4.677800E+3	-2.885470E+3	7.153972E+3	-1.071850E+4	8.433404E+3	-1.719684E+4
2.013000E+1	-1.508512E+1	2.381570E+0	-1.508469E+1	1.003753E-1	2.404560E+3	-1.885738E+3	4.677800E+3	-2.885470E+3	7.153578E+3	-1.071969E+4	8.432615E+3	-1.719725E+4
2.014000E+1	-1.508517E+1	2.405053E+0	-1.508474E+1	1.003748E-1	2.404560E+3	-1.885343E+3	4.677800E+3	-2.885470E+3	7.153183E+3	-1.072089E+4	8.431826E+3	-1.719765E+4
2.015000E+1	-1.508519E+1	2.332180E+0	-1.508476E+1	1.003746E-1	2.404560E+3	-1.884948E+3	4.677800E+3	-2.885470E+3	7.152788E+3	-1.072208E+4	8.431036E+3	-1.719806E+4
2.016000E+1	-1.508514E+1	2.303756E+0	-1.508471E+1	1.003751E-1	2.404013E+3	-1.885084E+3	4.677526E+3	-2.885196E+3	7.152376E+3	-1.072222E+4	8.431307E+3	-1.719847E+4
2.017000E+1	-1.508509E+1	2.287979E+0	-1.508467E+1	1.003755E-1	2.403170E+3	-1.885505E+3	4.677105E+3	-2.884775E+3	7.151955E+3	-1.072179E+4	8.432150E+3	-1.719888E+4
2.018000E+1	-1.508509E+1	2.468507E+0	-1.508466E+1	1.003756E-1	2.402327E+3	-1.885926E+3	4.676684E+3	-2.884354E+3	7.151534E+3	-1.072135E+4	8.432993E+3	-1.719929E+4
2.019000E+1	-1.508499E+1	2.382517E+0	-1.508456E+1	1.003766E-1	2.401485E+3	-1.886348E+3	4.676262E+3	-2.883932E+3	7.151112E+3	-1.072092E+4	8.433835E+3	-1.719970E+4
2.020000E+1	-1.508493E+1	2.309754E+0	-1.508451E+1	1.003772E-1	2.400748E+3	-1.886883E+3	4.675950E+3	-2.883732E+3	7.150912E+3	-1.072038E+4	8.434237E+3	-1.719978E+4
2.021000E+1	-1.508497E+1	2.318486E+0	-1.508454E+1	1.003768E-1	2.400317E+3	-1.887746E+3	4.675950E+3	-2.884163E+3	7.151343E+3	-1.071951E+4	8.433374E+3	-1.719891E+4
2.022000E+1	-1.508499E+1	2.351503E+0	-1.508456E+1	1.003766E-1	2.399885E+3	-1.888610E+3	4.675950E+3	-2.884595E+3	7.151775E+3	-1.071865E+4	8.432510E+3	-1.719805E+4
2.023000E+1	-1.508497E+1	2.411986E+0	-1.508454E+1	1.003768E-1	2.399453E+3	-1.889473E+3	4.675950E+3	-2.885027E+3	7.152207E+3	-1.071779E+4	8.431647E+3	-1.719719E+4
2.024000E+1	-1.508498E+1	2.374564E+0	-1.508455E+1	1.003767E-1	2.399022E+3	-1.890337E+3	4.675950E+3	-2.885458E+3	7.152638E+3	-1.071692E+4	8.430783E+3	-1.719632E+4
2.025000E+1	-1.508494E+1	2.251650E+0	-1.508451E+1	1.003771E-1	2.398895E+3	-1.890245E+3	4.676065E+3	-2.885585E+3	7.152650E+3	-1.071702E+4	8.430531E+3	-1.719630E+4
2.026000E+1	-1.508480E+1	2.303376E+0	-1.508437E+1	1.003785E-1	2.398777E+3	-1.890127E+3	4.676183E+3	-2.885703E+3	7.152650E+3	-1.071714E+4	8.430295E+3	-1.719630E+4
2.027000E+1	-1.508440E+1	2.383930E+0	-1.508397E+1	1.003827E-1	2.398659E+3	-1.890009E+3	4.676301E+3	-2.885821E+3	7.152650E+3	-1.071726E+4	8.430060E+3	-1.719630E+4
2.028000E+1	-1.508356E+1	2.436798E+0	-1.508313E+1	1.003912E-1	2.398541E+3	-1.889891E+3	4.676419E+3	-2.885939E+3	7.152650E+3	-1.071738E+4	8.429824E+3	-1.719630E+4
2.029000E+1	-1.508245E+1	2.307761E+0	-1.508202E+1	1.004025E-1	2.398423E+3	-1.889773E+3	4.676537E+3	-2.886057E+3	7.152650E+3	-1.071750E+4	8.429588E+3	-1.719630E+4
2.030000E+1	-1.508083E+1	2.321864E+0	-1.508040E+1	1.004191E-1	2.398304E+3	-1.889654E+3	4.676656E+3	-2.886176E+3	7.152650E+3	-1.071762E+4	8.429353E+3	-1.719630E+4
2.031000E+1	-1.507798E+1	2.469325E+0	-1.507755E+1	1.004482E-1	2.398186E+3	-1.889536E+3	4.676774E+3	-2.886294E+3	7.152650E+3	-1.071775E+4	8.429117E+3	-1.719630E+4
2.032000E+1	-1.507291E+1	2.425952E+0	-1.507248E+1	1.004999E-1	2.398068E+3	-1.889418E+3	4.676892E+3	-2.886412E+3	7.152650E+3	-1.071787E+4	8.428881E+3	-1.719630E+4
2.033000E+1	-1.506501E+1	2.408960E+0	-1.506458E+1	1.005804E-1	2.397950E+3	-1.889300E+3	4.677010E+3	-2.886530E+3	7.152650E+3	-1.071799E+4	8.428646E+3	-1.719630E+4
2.034000E+1	-1.505366E+1	2.291655E+0	-1.505323E+1	1.006963E-1	2.397832E+3	-1.889182E+3	4.677128E+3	-2.886648E+3	7.152650E+3	-1.071811E+4	8.428410E+3	-1.719630E+4
2.035000E+1	-1.503987E+1	2.354556E+0	-1.503944E+1	1.008370E-1	2.397714E+3	-1.889064E+3	4.677246E+3	-2.886766E+3	7.152650E+3	-1.071823E+4	8.428175E+3	-1.719630E+4
2.036000E+1	-1.502439E+1	2.540434E+0	-1.502396E+1	1.009950E-1	2.397596E+3	-1.888946E+3	4.677364E+3	-2.886884E+3	7.152650E+3	-1.071835E+4	8.427939E+3	-1.719630E+4
2.037000E+1	-1.500782E+1	2.349112E+0	-1.500739E+1	1.011641E-1	2.397477E+3	-1.888827E+3	4.677483E+3	-2.887003E+3	7.152650E+3	-1.071847E+4	8.427703E+3	-1.719630E+4
2.038000E+1	-1.499084E+1	2.408529E+0	-1.499041E+1	1.013373E-1	2.397359E+3	-1.888709E+3	4.677601E+3	-2.887121E+3	7.152650E+3	-1.071860E+4	8.427468E+3	-1.719630E+4
2.039000E+1	-1.497355E+1	2.379997E+0	-1.497312E+1	1.015138E-1	2.397241E+3	-1.888591E+3	4.677719E+3	-2.887239E+3	7.152650E+3	-1.071872E+4	8.427232E+3	-1.719630E+4
2.040000E+1	-1.495805E+1	2.483387E+0	-1.495762E+1	1.016719E-1	2.402710E+3	-1.886664E+3	4.681504E+3	-2.885462E+3	7.158212E+3	-1.072058E+4	8.436330E+3	-1.719260E+4
2.041000E+1	-1.494399E+1	2.428378E+0	-1.494356E+1	1.018153E-1	2.402710E+3	-1.886929E+3	4.681769E+3	-2.884933E+3	7.159007E+3	-1.071952E+4	8.437655E+3	-1.719260E+4
2.042000E+1	-1.493120E+1	2.312673E+0	-1.493077E+1	1.019459E-1	2.402710E+3	-1.887194E+3	4.682034E+3	-2.884405E+3	7.159802E+3	-1.071846E+4	8.438980E+3	-1.719260E+4
2.043000E+1	-1.491909E+1	2.361699E+0	-1.491866E+1	1.020695E-1	2.402710E+3	-1.887459E+3	4.682299E+3	-2.883876E+3	7.160597E+3	-1.071740E+4	8.440305E+3	-1.719260E+4
2.044000E+1	-1.490849E+1	2.485051E+0	-1.490806E+1	1.021777E-1	2.402710E+3	-1.887724E+3	4.682564E+3	-2.883348E+3	7.161392E+3	-1.071634E+4	8.441630E+3	-1.719260E+4
2.045000E+1	-1.489854E+1	2.440840E+0	-1.489811E+1	1.022792E-1	2.402710E+3	-1.887989E+3	4.682829E+3	-2.882819E+3	7.162187E+3	-1.071528E+4	8.442955E+3	-1.719260E+4
2.046000E+1	-1.488945E+1	2.397479E+0	-1.488902E+1	1.023719E-1	2.402710E+3	-1.888254E+3	4.683094E+3	-2.882290E+3	7.162982E+3	-1.071422E+4	8.444280E+3	-1.719260E+4
2.047000E+1	-1.488058E+1	2.343220E+0	-1.488015E+1	1.024624E-1	2.404560E+3	-1.892224E+3	4.681528E+3	-2.883620E+3	7.165631E+3	-1.071319E+4	8.445546E+3	-1.718886E+4
2.048000E+1	-1.487125E+1	2.467603E+0	-1.487082E+1	1.025576E-1	2.404560E+3	-1.892625E+3	4.682334E+3	-2.883620E+3	7.166841E+3	-1.071279E+4	8.445143E+3	-1.718766E+4
2.049000E+1	-1.486131E+1	2.433400E+0	-1.486088E+1	1.026590E-1	2.404560E+3	-1.893026E+3	4.683141E+3	-2.883620E+3	7.168051E+3	-1.071240E+4	8.444740E+3	-1.718646E+4
2.050000E+1	-1.485164E+1	2.381893E+0	-1.485121E+1	1.027577E-1	2.404560E+3	-1.893427E+3	4.683947E+3	-2.883620E+3	7.169261E+3	-1.071201E+4	8.444336E+3	-1.718526E+4
2.051000E+1	-1.484227E+1	2.383778E+0	-1.484184E+1	1.028533E-1	2.404560E+3	-1.893828E+3	4.684754E+3	-2.883620E+3	7.170471E+3	-1.071162E+4	8.443933E+3	-1.718406E+4
2.052000E+1	-1.483194E+1	2.339541E+0	-1.483151E+1	1.029587E-1	2.404740E+3	-1.894050E+3	4.685200E+3	-2.883441E+3	7.171320E+3	-1.071104E+4	8.444610E+3	-1.718340E+4
2.053000E+1	-1.482209E+1	2.523187E+0	-1.482166E+1	1.030592E-1	2.405143E+3	-1.894050E+3	4.685200E+3	-2.883040E+3	7.171723E+3	-1.071023E+4	8.446627E+3	-1.718340E+4
2.054000E+1	-1.481120E+1	2.356643E+0	-1.481077E+1	1.031703E-1	2.405547E+3	-1.894050E+3	4.685200E+3	-2.882639E+3	7.172127E+3	-1.070943E+4	8.448643E+3	-1.718340E+4
2.055000E+1	-1.479896E+1	2.365374E+0	-1.479853E+1	1.032953E-1	2.405950E+3	-1.894050E+3	4.685200E+3	-2.882238E+3	7.172530E+3	-1.070862E+4	8.450659E+3	-1.718340E+4
2.056000E+1	-1.478705E+1	2.373819E+0	-1.478662E+1	1.034168E-1	2.406353E+3	-1.894050E+3	4.685200E+3	-2.881837E+3	7.172933E+3	-1.070781E+4	8.452676E+3	-1.718340E+4
2.057000E+1	-1.477649E+1	2.512871E+0	-1.477606E+1	1.035245E-1	2.406908E+3	-1.893555E+3	4.685698E+3	-2.881282E+3	7.172990E+3	-1.070870E+4	8.453458E+3	-1.718340E+4
2.058000E+1	-1.476520E+1	2.461605E+0	-1.476477E+1	1.036398E-1	2.407488E+3	-1.892978E+3	4.686278E+3	-2.880702E+3	7.172990E+3	-1.070986E+4	8.454038E+3	-1.718340E+4
2.059000E+1	-1.475368E+1	2.363005E+0	-1.475325E+1	1.037573E-1	2.408067E+3	-1.892402E+3	4.686857E+3	-2.880123E+3	7.172990E+3	-1.071101E+4	8.454617E+3	-1.718340E+4
2.060000E+1	-1.474145E+1	2.317335E+0	-1.474102E+1	1.038821E-1	2.408002E+3	-1.891952E+3	4.687050E+3	-2.879672E+3	7.173248E+3	-1.071165E+4	8.454810E+3	-1.718340E+4
2.061000E+1	-1.472948E+1	2.508997E+0	-1.472905E+1	1.040043E-1	2.407616E+3	-1.891566E+3	4.687050E+3	-2.879286E+3	7.173634E+3	-1.071203E+4	8.454810E+3	-1.718340E+4
2.062000E+1	-1.471841E+1	2.502583E+0	-1.471798E+1	1.041172E-1	2.407230E+3	-1.891180E+3	4.687050E+3	-2.878900E+3	7.174020E+3	-1.071240E+4	8.454810E+3	-1.718340E+4
2.063000E+1	-1.470695E+1	2.499794E+0	-1.470653E+1	1.042341E-1	2.406844E+3	-1.890794E+3	4.687050E+3	-2.878514E+3	7.174406E+3	-1.071278E+4	8.454810E+3	-1.718340E+4
2.064000E+1	-1.469593E+1	2.343475E+0	-1.469550E+1	1.043466E-1	2.406458E+3	-1.890408E+3	4.687050E+3	-2.878128E+3	7.174792E+3	-1.071315E+4	8.454810E+3	-1.718340E+4
2.065000E+1	-1.468498E+1	2.373739E+0	-1.468456E+1	1.044583E-1	2.406125E+3	-1.890645E+3	4.687050E+3	-2.878080E+3	7.174840E+3	-1.071263E+4	8.455380E+3	-1.718340E+4
2.066000E+1	-1.467423E+1	2.556269E+0	-1.467380E+1	1.045681E-1	2.405799E+3	-1.890971E+3	4.687050E+3	-2.878080E+3	7.174840E+3	-1.071198E+4	8.456031E+3	-1.718340E+4
2.067000E+1	-1.466342E+1	2.436317E+0	-1.466299E+1	1.046783E-1	2.405474E+3	-1.891296E+3	4.687050E+3	-2.878080E+3	7.174840E+3	-1.071133E+4	8.456682E+3	-1.718340E+4
2.068000E+1	-1.465299E+1	2.382499E+0	-1.465256E+1	1.047848E-1	2.405149E+3	-1.891621E+3	4.687050E+3	-2.878080E+3	7.174840E+3	-1.071068E+4	8.457333E+3	-1.718340E+4
2.069000E+1	-1.464276E+1	2.350250E+0	-1.464233E+1	1.048891E-1	2.404823E+3	-1.891947E+3	4.687050E+3	-2.878080E+3	7.174840E+3	-1.071003E+4	8.457984E+3	-1.718340E+4
2.070000E+1	-1.463445E+1	2.545940E+0	-1.463403E+1	1.049739E-1	2.404649E+3	-1.892387E+3	4.687050E+3	-2.878258E+3	7.174840E+3	-1.070950E+4	8.458244E+3	-1.718331E+4
2.071000E+1	-1.462652E+1	2.446499E+0	-1.462609E+1	1.050548E-1	2.405113E+3	-1.893312E+3	4.687050E+3	-2.879185E+3	7.174840E+3	-1.070950E+4	8.456852E+3	-1.718283E+4
2.072000E+1	-1.461822E+1	2.335835E+0	-1.461779E+1	1.051396E-1	2.405576E+3	-1.894237E+3	4.687050E+3	-2.880113E+3	7.174840E+3	-1.070950E+4	8.455461E+3	-1.718236E+4
2.073000E+1	-1.460960E+1	2.421791E+0	-1.460917E+1	1.052275E-1	2.406040E+3	-1.895162E+3	4.687050E+3	-2.881040E+3	7.174840E+3	-1.070950E+4	8.454070E+3	-1.718188E+4
2.074000E+1	-1.460091E+1	2.530025E+0	-1.460048E+1	1.053162E-1	2.406410E+3	-1.895944E+3	4.687050E+3	-2.881780E+3	7.174840E+3	-1.070946E+4	8.452872E+3	-1.718150E+4
2.075000E+1	-1.459193E+1	2.514957E+0	-1.459150E+1	1.054078E-1	2.406410E+3	-1.896162E+3	4.687050E+3	-2.881780E+3	7.174840E+3	-1.070924E+4	8.452435E+3	-1.718150E+4
2.076000E+1	-1.458260E+1	2.438252E+0	-1.458217E+1	1.055030E-1	2.406410E+3	-1.896381E+3	4.687050E+3	-2.881780E+3	7.174840E+3	-1.070903E+4	8.451999E+3	-1.718150E+4
2.077000E+1	-1.457160E+1	2.284971E+0	-1.457117E+1	1.056153E-1	2.406410E+3	-1.896599E+3	4.687050E+3	-2.881780E+3	7.174840E+3	-1.070882E+4	8.451562E+3	-1.718150E+4
2.078000E+1	-1.455952E+1	2.463649E+0	-1.455909E+1	1.057385E-1	2.406410E+3	-1.896817E+3	4.687050E+3	-2.881780E+3	7.174840E+3	-1.070861E+4	8.451126E+3	-1.718150E+4
2.079000E+1	-1.454807E+1	2.433347E+0	-1.454764E+1	1.058554E-1	2.406410E+3	-1.897035E+3	4.687050E+3	-2.881780E+3	7.174840E+3	-1.070840E+4	8.450690E+3	-1.718150E+4
2.080000E+1	-1.453674E+1	2.374975E+0	-1.453631E+1	1.059710E-1	2.406410E+3	-1.897253E+3	4.687050E+3	-2.881780E+3	7.174840E+3	-1.070818E+4	8.450253E+3	-1.718150E+4
2.081000E+1	-1.452726E+1	2.318743E+0	-1.452683E+1	1.060677E-1	2.406410E+3	-1.897472E+3	4.687050E+3	-2.881780E+3	7.174840E+3	-1.070797E+4	8.449817E+3	-1.718150E+4
2.082000E+1	-1.451786E+1	2.389426E+0	-1.451743E+1	1.061636E-1	2.406410E+3	-1.897690E+3	4.687050E+3	-2.881780E+3	7.174840E+3	-1.070776E+4	8.449380E+3	-1.718150E+4
2.083000E+1	-1.450896E+1	2.546888E+0	-1.450853E+1	1.062544E-1	2.406684E+3	-1.893503E+3	4.686776E+3	-2.881506E+3	7.174291E+3	-1.070635E+4	8.454536E+3	-1.718150E+4
2.084000E+1	-1.449945E+1	2.445158E+0	-1.449903E+1	1.063514E-1	2.407063E+3	-1.892748E+3	4.686397E+3	-2.881127E+3	7.173534E+3	-1.070711E+4	8.454157E+3	-1.718150E+4
2.085000E+1	-1.449020E+1	2.408771E+0	-1.448977E+1	1.064459E-1	2.407441E+3	-1.891993E+3	4.686019E+3	-2.880749E+3	7.172777E+3	-1.070786E+4	8.453779E+3	-1.718150E+4
2.086000E+1	-1.448100E+1	2.418716E+0	-1.448057E+1	1.065398E-1	2.407820E+3	-1.891238E+3	4.685640E+3	-2.880370E+3	7.172020E+3	-1.070862E+4	8.453400E+3	-1.718150E+4
2.087000E+1	-1.447245E+1	2.456102E+0	-1.447202E+1	1.066270E-1	2.408199E+3	-1.890483E+3	4.685261E+3	-2.879991E+3	7.171263E+3	-1.070938E+4	8.453021E+3	-1.718150E+4
2.088000E+1	-1.446310E+1	2.449419E+0	-1.446267E+1	1.067224E-1	2.408095E+3	-1.890195E+3	4.685365E+3	-2.879765E+3	7.171140E+3	-1.070950E+4	8.452795E+3	-1.718183E+4
2.089000E+1	-1.445321E+1	2.325822E+0	-1.445278E+1	1.068233E-1	2.407897E+3	-1.889997E+3	4.685563E+3	-2.879567E+3	7.171140E+3	-1.070950E+4	8.452597E+3	-1.718223E+4
2.090000E+1	-1.444335E+1	2.394804E+0	-1.444292E+1	1.069240E-1	2.407700E+3	-1.889800E+3	4.685760E+3	-2.879370E+3	7.171140E+3	-1.070950E+4	8.452400E+3	-1.718262E+4
2.091000E+1	-1.443379E+1	2.472605E+0	-1.443336E+1	1.070215E-1	2.407503E+3	-1.889603E+3	4.685957E+3	-2.879173E+3	7.171140E+3	-1.070950E+4	8.452203E+3	-1.718301E+4
2.092000E+1	-1.442357E+1	2.478583E+0	-1.442315E+1	1.071257E-1	2.407306E+3	-1.889406E+3	4.686154E+3	-2.878976E+3	7.171140E+3	-1.070950E+4	8.452006E+3	-1.718341E+4
2.093000E+1	-1.441220E+1	2.522477E+0	-1.441178E+1	1.072418E-1	2.407108E+3	-1.889208E+3	4.686352E+3	-2.878778E+3	7.171140E+3	-1.070950E+4	8.451808E+3	-1.718380E+4
2.094000E+1	-1.440044E+1	2.405137E+0	-1.440001E+1	1.073618E-1	2.406911E+3	-1.889011E+3	4.686549E+3	-2.878581E+3	7.171140E+3	-1.070950E+4	8.451611E+3	-1.718420E+4
2.095000E+1	-1.438958E+1	2.391510E+0	-1.438916E+1	1.074726E-1	2.406714E+3	-1.888814E+3	4.686746E+3	-2.878384E+3	7.171140E+3	-1.070950E+4	8.451414E+3	-1.718459E+4
2.096000E+1	-1.437908E+1	2.543160E+0	-1.437866E+1	1.075797E-1	2.406517E+3	-1.888617E+3	4.686943E+3	-2.878187E+3	7.171140E+3	-1.070950E+4	8.451217E+3	-1.718499E+4
2.097000E+1	-1.436913E+1	2.451146E+0	-1.436870E+1	1.076813E-1	2.406631E+3	-1.888730E+3	4.687124E+3	-2.878154E+3	7.171140E+3	-1.070943E+4	8.451184E+3	-1.718513E+4
2.098000E+1	-1.435987E+1	2.461186E+0	-1.435945E+1	1.077757E-1	2.407110E+3	-1.889209E+3	4.687283E+3	-2.878313E+3	7.171140E+3	-1.070927E+4	8.451343E+3	-1.718497E+4
2.099000E+1	-1.435014E+1	2.406331E+0	-1.434971E+1	1.078751E-1	2.407590E+3	-1.889688E+3	4.687443E+3	-2.878473E+3	7.171140E+3	-1.070912E+4	8.451503E+3	-1.718482E+4
2.100000E+1	-1.434060E+1	2.505465E+0	-1.434018E+1	1.079724E-1	2.408070E+3	-1.890167E+3	4.687603E+3	-2.878633E+3	7.171140E+3	-1.070896E+4	8.451663E+3	-1.718466E+4
2.101000E+1	-1.433123E+1	2.498584E+0	-1.433080E+1	1.080680E-1	2.408550E+3	-1.890646E+3	4.687763E+3	-2.878793E+3	7.171140E+3	-1.070881E+4	8.451823E+3	-1.718451E+4
2.102000E+1	-1.432193E+1	2.332873E+0	-1.432150E+1	1.081629E-1	2.409030E+3	-1.891125E+3	4.687923E+3	-2.878953E+3	7.171140E+3	-1.070865E+4	8.451983E+3	-1.718435E+4
2.103000E+1	-1.431268E+1	2.458565E+0	-1.431225E+1	1.082574E-1	2.409510E+3	-1.891604E+3	4.688083E+3	-2.879113E+3	7.171140E+3	-1.070849E+4	8.452143E+3	-1.718419E+4
2.104000E+1	-1.430313E+1	2.470254E+0	-1.430270E+1	1.083548E-1	2.409990E+3	-1.892083E+3	4.688243E+3	-2.879273E+3	7.171140E+3	-1.070834E+4	8.452303E+3	-1.718404E+4
2.105000E+1	-1.429324E+1	2.490798E+0	-1.429282E+1	1.084556E-1	2.410470E+3	-1.892562E+3	4.688403E+3	-2.879433E+3	7.171140E+3	-1.070818E+4	8.452463E+3	-1.718388E+4
2.106000E+1	-1.428277E+1	2.452331E+0	-1.428234E+1	1.085625E-1	2.410949E+3	-1.893041E+3	4.688563E+3	-2.879593E+3	7.171140E+3	-1.070803E+4	8.452623E+3	-1.718373E+4
2.107000E+1	-1.427335E+1	2.364734E+0	-1.427292E+1	1.086586E-1	2.411429E+3	-1.893520E+3	4.688723E+3	-2.879753E+3	7.171140E+3	-1.070787E+4	8.452783E+3	-1.718357E+4
2.108000E+1	-1.426429E+1	2.486351E+0	-1.426386E+1	1.087511E-1	2.411909E+3	-1.893999E+3	4.688883E+3	-2.879913E+3	7.171140E+3	-1.070772E+4	8.452943E+3	-1.718342E+4
2.109000E+1	-1.425438E+1	2.567611E+0	-1.425395E+1	1.088522E-1	2.410751E+3	-1.896469E+3	4.689541E+3	-2.879930E+3	7.175409E+3	-1.070528E+4	8.453529E+3	-1.718032E+4
2.110000E+1	-1.424412E+1	2.515650E+0	-1.424369E+1	1.089569E-1	2.411557E+3	-1.894856E+3	4.690347E+3	-2.879930E+3	7.173796E+3	-1.070689E+4	8.451916E+3	-1.718111E+4
2.111000E+1	-1.423474E+1	2.446260E+0	-1.423431E+1	1.090526E-1	2.411207E+3	-1.893800E+3	4.690499E+3	-2.879428E+3	7.172739E+3	-1.070770E+4	8.451110E+3	-1.718150E+4
2.112000E+1	-1.422404E+1	2.330112E+0	-1.422361E+1	1.091618E-1	2.409703E+3	-1.893302E+3	4.689998E+3	-2.878426E+3	7.172238E+3	-1.070770E+4	8.451110E+3	-1.718150E+4
2.113000E+1	-1.421419E+1	2.540961E+0	-1.421376E+1	1.092623E-1	2.408199E+3	-1.892803E+3	4.689496E+3	-2.877423E+3	7.171736E+3	-1.070770E+4	8.451110E+3	-1.718150E+4
2.114000E+1	-1.420447E+1	2.465218E+0	-1.420404E+1	1.093615E-1	2.406695E+3	-1.892305E+3	4.688995E+3	-2.876420E+3	7.171235E+3	-1.070770E+4	8.451110E+3	-1.718150E+4
2.115000E+1	-1.419449E+1	2.400093E+0	-1.419406E+1	1.094633E-1	2.406967E+3	-1.892210E+3	4.688343E+3	-2.877343E+3	7.170583E+3	-1.070659E+4	8.450553E+3	-1.718150E+4
2.116000E+1	-1.418461E+1	2.417362E+0	-1.418418E+1	1.095642E-1	2.407654E+3	-1.892210E+3	4.687656E+3	-2.878717E+3	7.169896E+3	-1.070521E+4	8.449866E+3	-1.718150E+4
2.117000E+1	-1.417484E+1	2.539632E+0	-1.417441E+1	1.096639E-1	2.408304E+3	-1.892210E+3	4.687094E+3	-2.879974E+3	7.169334E+3	-1.070404E+4	8.449171E+3	-1.718141E+4
2.118000E+1	-1.416354E+1	2.560897E+0	-1.416311E+1	1.097791E-1	2.408683E+3	-1.892210E+3	4.687473E+3	-2.880353E+3	7.169713E+3	-1.070441E+4	8.448414E+3	-1.718065E+4
2.119000E+1	-1.415235E+1	2.401223E+0	-1.415193E+1	1.098933E-1	2.409062E+3	-1.892210E+3	4.687852E+3	-2.880732E+3	7.170092E+3	-1.070478E+4	8.447657E+3	-1.717990E+4
2.120000E+1	-1.414160E+1	2.397022E+0	-1.414117E+1	1.100030E-1	2.409440E+3	-1.892210E+3	4.688230E+3	-2.881110E+3	7.170470E+3	-1.070515E+4	8.446900E+3	-1.717914E+4
2.121000E+1	-1.413161E+1	2.470280E+0	-1.413119E+1	1.101049E-1	2.409819E+3	-1.892210E+3	4.688609E+3	-2.881489E+3	7.170849E+3	-1.070552E+4	8.446143E+3	-1.717838E+4
2.122000E+1	-1.412261E+1	2.508616E+0	-1.412219E+1	1.101968E-1	2.410110E+3	-1.892210E+3	4.688900E+3	-2.881780E+3	7.171273E+3	-1.070567E+4	8.445693E+3	-1.717780E+4
2.123000E+1	-1.411384E+1	2.484798E+0	-1.411341E+1	1.102863E-1	2.410110E+3	-1.892210E+3	4.688900E+3	-2.881780E+3	7.171850E+3	-1.070511E+4	8.446270E+3	-1.717780E+4
2.124000E+1	-1.410489E+1	2.422350E+0	-1.410446E+1	1.103776E-1	2.410110E+3	-1.892210E+3	4.688900E+3	-2.881780E+3	7.172428E+3	-1.070455E+4	8.446848E+3	-1.717780E+4
2.125000E+1	-1.409548E+1	2.400698E+0	-1.409505E+1	1.104736E-1	2.410120E+3	-1.892200E+3	4.688900E+3	-2.881770E+3	7.172980E+3	-1.070399E+4	8.447420E+3	-1.717780E+4
2.126000E+1	-1.408666E+1	2.608515E+0	-1.408624E+1	1.105636E-1	2.410491E+3	-1.891829E+3	4.688900E+3	-2.881399E+3	7.172609E+3	-1.070363E+4	8.447791E+3	-1.717780E+4
2.127000E+1	-1.407735E+1	2.444509E+0	-1.407693E+1	1.106586E-1	2.410862E+3	-1.891458E+3	4.688900E+3	-2.881028E+3	7.172238E+3	-1.070327E+4	8.448162E+3	-1.717780E+4
2.128000E+1	-1.406801E+1	2.433753E+0	-1.406758E+1	1.107539E-1	2.411233E+3	-1.891087E+3	4.688900E+3	-2.880657E+3	7.171867E+3	-1.070291E+4	8.448533E+3	-1.717780E+4
2.129000E+1	-1.405767E+1	2.389283E+0	-1.405724E+1	1.108595E-1	2.411604E+3	-1.890716E+3	4.688900E+3	-2.880286E+3	7.171496E+3	-1.070255E+4	8.448904E+3	-1.717780E+4
2.130000E+1	-1.404715E+1	2.578364E+0	-1.404672E+1	1.109668E-1	2.411947E+3	-1.890335E+3	4.688900E+3	-2.879930E+3	7.171115E+3	-1.070224E+4	8.449222E+3	-1.717783E+4
2.131000E+1	-1.403690E+1	2.510969E+0	-1.403647E+1	1.110714E-1	2.411622E+3	-1.889684E+3	4.688900E+3	-2.879930E+3	7.170464E+3	-1.070321E+4	8.448246E+3	-1.717848E+4
2.132000E+1	-1.402659E+1	2.421770E+0	-1.402616E+1	1.111766E-1	2.411296E+3	-1.889033E+3	4.688900E+3	-2.879930E+3	7.169813E+3	-1.070417E+4	8.447269E+3	-1.717913E+4
2.133000E+1	-1.401639E+1	2.426798E+0	-1.401596E+1	1.112807E-1	2.410971E+3	-1.888382E+3	4.688900E+3	-2.879930E+3	7.169162E+3	-1.070514E+4	8.446293E+3	-1.717978E+4
2.134000E+1	-1.400655E+1	2.529009E+0	-1.400612E+1	1.113811E-1	2.410646E+3	-1.887731E+3	4.688900E+3	-2.879930E+3	7.168511E+3	-1.070611E+4	8.445317E+3	-1.718043E+4
2.135000E+1	-1.399707E+1	2.546016E+0	-1.399664E+1	1.114778E-1	2.410320E+3	-1.887080E+3	4.688900E+3	-2.879930E+3	7.167860E+3	-1.070708E+4	8.444340E+3	-1.718108E+4
2.136000E+1	-1.398724E+1	2.470501E+0	-1.398681E+1	1.115781E-1	2.409917E+3	-1.886950E+3	4.688997E+3	-2.880027E+3	7.167343E+3	-1.070760E+4	8.443710E+3	-1.718160E+4
2.137000E+1	-1.397800E+1	2.367089E+0	-1.397758E+1	1.116724E-1	2.409371E+3	-1.887768E+3	4.689269E+3	-2.880299E+3	7.167071E+3	-1.070732E+4	8.443710E+3	-1.718188E+4
2.138000E+1	-1.396916E+1	2.471383E+0	-1.396873E+1	1.117626E-1	2.408825E+3	-1.888587E+3	4.689542E+3	-2.880572E+3	7.166798E+3	-1.070704E+4	8.443710E+3	-1.718216E+4
2.139000E+1	-1.396005E+1	2.521876E+0	-1.395962E+1	1.118556E-1	2.408280E+3	-1.889405E+3	4.689815E+3	-2.880845E+3	7.166525E+3	-1.070676E+4	8.443710E+3	-1.718244E+4
2.140000E+1	-1.395133E+1	2.505505E+0	-1.395090E+1	1.119446E-1	2.407734E+3	-1.890223E+3	4.690088E+3	-2.881118E+3	7.166252E+3	-1.070648E+4	8.443710E+3	-1.718272E+4
2.141000E+1	-1.394203E+1	2.426581E+0	-1.394160E+1	1.120395E-1	2.407189E+3	-1.891042E+3	4.690361E+3	-2.881391E+3	7.165979E+3	-1.070620E+4	8.443710E+3	-1.718300E+4
2.142000E+1	-1.393282E+1	2.408051E+0	-1.393239E+1	1.121335E-1	2.406643E+3	-1.891860E+3	4.690633E+3	-2.881663E+3	7.165707E+3	-1.070592E+4	8.443710E+3	-1.718328E+4
2.143000E+1	-1.392388E+1	2.619099E+0	-1.392345E+1	1.122247E-1	2.407060E+3	-1.892426E+3	4.688900E+3	-2.879930E+3	7.165807E+3	-1.070400E+4	8.441210E+3	-1.718129E+4
2.144000E+1	-1.391464E+1	2.497298E+0	-1.391422E+1	1.123189E-1	2.408196E+3	-1.892802E+3	4.688900E+3	-2.879930E+3	7.166185E+3	-1.070400E+4	8.440074E+3	-1.718092E+4
2.145000E+1	-1.390558E+1	2.478004E+0	-1.390515E+1	1.124114E-1	2.409332E+3	-1.893179E+3	4.688900E+3	-2.879930E+3	7.166564E+3	-1.070400E+4	8.438938E+3	-1.718055E+4
2.146000E+1	-1.389596E+1	2.465384E+0	-1.389553E+1	1.125095E-1	2.410467E+3	-1.893555E+3	4.688900E+3	-2.879930E+3	7.166942E+3	-1.070400E+4	8.437803E+3	-1.718018E+4
2.147000E+1	-1.388566E+1	2.549996E+0	-1.388523E+1	1.126146E-1	2.411603E+3	-1.893932E+3	4.688900E+3	-2.879930E+3	7.167321E+3	-1.070400E+4	8.436667E+3	-1.717982E+4
2.148000E+1	-1.387609E+1	2.587864E+0	-1.387566E+1	1.127123E-1	2.411729E+3	-1.894281E+3	4.689131E+3	-2.880161E+3	7.167440E+3	-1.070378E+4	8.436772E+3	-1.717970E+4
2.149000E+1	-1.386630E+1	2.438889E+0	-1.386587E+1	1.128122E-1	2.411392E+3	-1.894618E+3	4.689468E+3	-2.880498E+3	7.167440E+3	-1.070345E+4	8.437447E+3	-1.717970E+4
2.150000E+1	-1.385646E+1	2.427716E+0	-1.385603E+1	1.129126E-1	2.411054E+3	-1.894956E+3	4.689806E+3	-2.880836E+3	7.167440E+3	-1.070312E+4	8.438122E+3	-1.717970E+4
2.151000E+1	-1.384716E+1	2.524425E+0	-1.384673E+1	1.130075E-1	2.410717E+3	-1.895293E+3	4.690143E+3	-2.881173E+3	7.167440E+3	-1.070279E+4	8.438796E+3	-1.717970E+4
2.152000E+1	-1.383771E+1	2.418258E+0	-1.383728E+1	1.131039E-1	2.410380E+3	-1.895630E+3	4.690480E+3	-2.881510E+3	7.167440E+3	-1.070246E+4	8.439471E+3	-1.717970E+4
2.153000E+1	-1.382732E+1	2.510454E+0	-1.382689E+1	1.132099E-1	2.410110E+3	-1.894788E+3	4.690750E+3	-2.881409E+3	7.167069E+3	-1.070220E+4	8.440753E+3	-1.717970E+4
2.154000E+1	-1.381849E+1	2.400056E+0	-1.381806E+1	1.133001E-1	2.410110E+3	-1.890298E+3	4.690688E+3	-2.879930E+3	7.165590E+3	-1.070232E+4	8.443587E+3	-1.717976E+4
2.155000E+1	-1.380976E+1	2.462844E+0	-1.380933E+1	1.133891E-1	2.410110E+3	-1.889994E+3	4.690384E+3	-2.879930E+3	7.165590E+3	-1.070291E+4	8.442979E+3	-1.718006E+4
2.156000E+1	-1.380020E+1	2.610011E+0	-1.379977E+1	1.134867E-1	2.410110E+3	-1.889690E+3	4.690080E+3	-2.879930E+3	7.165590E+3	-1.070350E+4	8.442370E+3	-1.718035E+4
2.157000E+1	-1.379035E+1	2.515806E+0	-1.378992E+1	1.135872E-1	2.410110E+3	-1.889386E+3	4.689776E+3	-2.879930E+3	7.165590E+3	-1.070410E+4	8.441762E+3	-1.718065E+4
2.158000E+1	-1.378029E+1	2.491737E+0	-1.377987E+1	1.136898E-1	2.410110E+3	-1.889082E+3	4.689472E+3	-2.879930E+3	7.165590E+3	-1.070469E+4	8.441154E+3	-1.718094E+4
2.159000E+1	-1.376948E+1	2.392607E+0	-1.376905E+1	1.138002E-1	2.410110E+3	-1.888778E+3	4.689168E+3	-2.879930E+3	7.165590E+3	-1.070528E+4	8.440546E+3	-1.718124E+4
2.160000E+1	-1.375826E+1	2.530917E+0	-1.375783E+1	1.139147E-1	2.410090E+3	-1.888550E+3	4.688900E+3	-2.879910E+3	7.165551E+3	-1.070578E+4	8.440010E+3	-1.718152E+4
2.161000E+1	-1.374634E+1	2.600534E+0	-1.374591E+1	1.140363E-1	2.409925E+3	-1.888881E+3	4.688900E+3	-2.879745E+3	7.165220E+3	-1.070562E+4	8.440010E+3	-1.718169E+4
2.162000E+1	-1.373523E+1	2.462640E+0	-1.373480E+1	1.141497E-1	2.409759E+3	-1.889212E+3	4.688900E+3	-2.879579E+3	7.164890E+3	-1.070546E+4	8.440010E+3	-1.718186E+4
2.163000E+1	-1.372441E+1	2.510193E+0	-1.372398E+1	1.142601E-1	2.409593E+3	-1.889543E+3	4.688900E+3	-2.879413E+3	7.164560E+3	-1.070530E+4	8.440010E+3	-1.718203E+4
2.164000E+1	-1.371397E+1	2.475914E+0	-1.371355E+1	1.143666E-1	2.409428E+3	-1.889874E+3	4.688900E+3	-2.879248E+3	7.164229E+3	-1.070514E+4	8.440010E+3	-1.718220E+4
2.165000E+1	-1.370468E+1	2.518910E+0	-1.370425E+1	1.144614E-1	2.409262E+3	-1.890206E+3	4.688900E+3	-2.879082E+3	7.163899E+3	-1.070498E+4	8.440010E+3	-1.718237E+4
2.166000E+1	-1.369562E+1	2.519033E+0	-1.369519E+1	1.145539E-1	2.409097E+3	-1.890537E+3	4.688900E+3	-2.878917E+3	7.163569E+3	-1.070481E+4	8.440010E+3	-1.718254E+4
2.167000E+1	-1.368642E+1	2.373312E+0	-1.368599E+1	1.146478E-1	2.408931E+3	-1.890868E+3	4.688900E+3	-2.878751E+3	7.163238E+3	-1.070465E+4	8.440010E+3	-1.718271E+4
2.168000E+1	-1.367734E+1	2.403256E+0	-1.367691E+1	1.147404E-1	2.408765E+3	-1.891199E+3	4.688900E+3	-2.878585E+3	7.162908E+3	-1.070449E+4	8.440010E+3	-1.718288E+4
2.169000E+1	-1.366767E+1	2.516647E+0	-1.366724E+1	1.148391E-1	2.408600E+3	-1.891531E+3	4.688900E+3	-2.878420E+3	7.162577E+3	-1.070433E+4	8.440010E+3	-1.718305E+4
2.170000E+1	-1.365824E+1	2.488432E+0	-1.365781E+1	1.149352E-1	2.408434E+3	-1.891862E+3	4.688900E+3	-2.878254E+3	7.162247E+3	-1.070417E+4	8.440010E+3	-1.718322E+4
2.171000E+1	-1.364846E+1	2.445389E+0	-1.364803E+1	1.150351E-1	2.408268E+3	-1.892193E+3	4.688900E+3	-2.878088E+3	7.161917E+3	-1.070401E+4	8.440010E+3	-1.718339E+4
2.172000E+1	-1.363962E+1	2.443024E+0	-1.363920E+1	1.151252E-1	2.406410E+3	-1.892210E+3	4.687450E+3	-2.881780E+3	7.162300E+3	-1.070320E+4	8.432361E+3	-1.718009E+4
2.173000E+1	-1.363049E+1	2.608176E+0	-1.363006E+1	1.152184E-1	2.406410E+3	-1.892210E+3	4.687872E+3	-2.881780E+3	7.162722E+3	-1.070236E+4	8.434047E+3	-1.718050E+4
2.174000E+1	-1.362086E+1	2.512944E+0	-1.362043E+1	1.153167E-1	2.406410E+3	-1.892210E+3	4.688293E+3	-2.881780E+3	7.163143E+3	-1.070151E+4	8.435733E+3	-1.718091E+4
2.175000E+1	-1.361152E+1	2.438942E+0	-1.361110E+1	1.154120E-1	2.406410E+3	-1.892210E+3	4.688715E+3	-2.881780E+3	7.163565E+3	-1.070067E+4	8.437420E+3	-1.718132E+4
2.176000E+1	-1.360188E+1	2.482309E+0	-1.360146E+1	1.155103E-1	2.406894E+3	-1.892210E+3	4.688900E+3	-2.881538E+3	7.163750E+3	-1.070055E+4	8.438402E+3	-1.718126E+4
2.177000E+1	-1.359208E+1	2.525300E+0	-1.359165E+1	1.156104E-1	2.407757E+3	-1.892210E+3	4.688900E+3	-2.881107E+3	7.163750E+3	-1.070099E+4	8.438833E+3	-1.718084E+4
2.178000E+1	-1.358283E+1	2.550368E+0	-1.358240E+1	1.157047E-1	2.408619E+3	-1.892210E+3	4.688900E+3	-2.880675E+3	7.163750E+3	-1.070143E+4	8.439265E+3	-1.718043E+4
2.179000E+1	-1.357253E+1	2.426655E+0	-1.357211E+1	1.158098E-1	2.409482E+3	-1.892210E+3	4.688900E+3	-2.880244E+3	7.163750E+3	-1.070188E+4	8.439696E+3	-1.718001E+4
2.180000E+1	-1.356313E+1	2.420744E+0	-1.356270E+1	1.159058E-1	2.409936E+3	-1.891862E+3	4.688900E+3	-2.879930E+3	7.163227E+3	-1.070254E+4	8.439313E+3	-1.718005E+4
2.181000E+1	-1.355343E+1	2.535944E+0	-1.355300E+1	1.160048E-1	2.409296E+3	-1.890582E+3	4.688900E+3	-2.879930E+3	7.161309E+3	-1.070378E+4	8.436755E+3	-1.718133E+4
2.182000E+1	-1.354354E+1	2.563545E+0	-1.354311E+1	1.161057E-1	2.408657E+3	-1.889303E+3	4.688900E+3	-2.879930E+3	7.159390E+3	-1.070503E+4	8.434196E+3	-1.718261E+4
2.183000E+1	-1.353380E+1	2.523309E+0	-1.353338E+1	1.162050E-1	2.408110E+3	-1.888660E+3	4.688900E+3	-2.879930E+3	7.158050E+3	-1.070551E+4	8.432760E+3	-1.718355E+4
2.184000E+1	-1.352438E+1	2.421109E+0	-1.352395E+1	1.163012E-1	2.407715E+3	-1.889055E+3	4.688900E+3	-2.879930E+3	7.157655E+3	-1.070474E+4	8.433155E+3	-1.718393E+4
2.185000E+1	-1.351521E+1	2.416755E+0	-1.351479E+1	1.163947E-1	2.407321E+3	-1.889449E+3	4.688900E+3	-2.879930E+3	7.157261E+3	-1.070397E+4	8.433549E+3	-1.718431E+4
2.186000E+1	-1.350606E+1	2.601074E+0	-1.350563E+1	1.164881E-1	2.406926E+3	-1.889844E+3	4.688900E+3	-2.879930E+3	7.156866E+3	-1.070320E+4	8.433944E+3	-1.718470E+4
2.187000E+1	-1.349628E+1	2.468824E+0	-1.349585E+1	1.165879E-1	2.406531E+3	-1.890239E+3	4.688900E+3	-2.879930E+3	7.156471E+3	-1.070244E+4	8.434339E+3	-1.718508E+4
2.188000E+1	-1.348615E+1	2.448928E+0	-1.348572E+1	1.166913E-1	2.406812E+3	-1.890360E+3	4.688900E+3	-2.880731E+3	7.156350E+3	-1.070179E+4	8.433657E+3	-1.718440E+4
2.189000E+1	-1.347548E+1	2.410501E+0	-1.347505E+1	1.168002E-1	2.407391E+3	-1.890360E+3	4.688900E+3	-2.881887E+3	7.156350E+3	-1.070119E+4	8.432498E+3	-1.718324E+4
2.190000E+1	-1.346509E+1	2.546573E+0	-1.346466E+1	1.169062E-1	2.407971E+3	-1.890360E+3	4.688900E+3	-2.883043E+3	7.156350E+3	-1.070060E+4	8.431338E+3	-1.718208E+4
2.191000E+1	-1.345524E+1	2.534389E+0	-1.345481E+1	1.170067E-1	2.408153E+3	-1.890360E+3	4.688793E+3	-2.883620E+3	7.156350E+3	-1.070041E+4	8.430440E+3	-1.718150E+4
2.192000E+1	-1.344635E+1	2.448851E+0	-1.344592E+1	1.170975E-1	2.407940E+3	-1.890360E+3	4.688580E+3	-2.883620E+3	7.156350E+3	-1.070063E+4	8.429802E+3	-1.718150E+4
2.193000E+1	-1.343625E+1	2.446490E+0	-1.343582E+1	1.172005E-1	2.407727E+3	-1.890360E+3	4.688367E+3	-2.883620E+3	7.156350E+3	-1.070085E+4	8.429163E+3	-1.718150E+4
2.194000E+1	-1.342553E+1	2.513262E+0	-1.342511E+1	1.173098E-1	2.407514E+3	-1.890360E+3	4.688154E+3	-2.883620E+3	7.156350E+3	-1.070107E+4	8.428525E+3	-1.718150E+4
2.195000E+1	-1.341594E+1	2.553674E+0	-1.341551E+1	1.174078E-1	2.407300E+3	-1.890360E+3	4.687940E+3	-2.883620E+3	7.156350E+3	-1.070129E+4	8.427886E+3	-1.718150E+4
2.196000E+1	-1.340629E+1	2.460948E+0	-1.340586E+1	1.175062E-1	2.407087E+3	-1.890360E+3	4.687727E+3	-2.883620E+3	7.156350E+3	-1.070150E+4	8.427248E+3	-1.718150E+4
2.197000E+1	-1.339635E+1	2.379611E+0	-1.339592E+1	1.176076E-1	2.406874E+3	-1.890360E+3	4.687514E+3	-2.883620E+3	7.156350E+3	-1.070172E+4	8.426609E+3	-1.718150E+4
2.198000E+1	-1.338673E+1	2.504616E+0	-1.338630E+1	1.177058E-1	2.406661E+3	-1.890360E+3	4.687301E+3	-2.883620E+3	7.156350E+3	-1.070194E+4	8.425971E+3	-1.718150E+4
2.199000E+1	-1.337707E+1	2.606617E+0	-1.337664E+1	1.178043E-1	2.406447E+3	-1.890360E+3	4.687087E+3	-2.883620E+3	7.156350E+3	-1.070216E+4	8.425332E+3	-1.718150E+4
2.200000E+1	-1.336741E+1	2.518891E+0	-1.336698E+1	1.179029E-1	2.408260E+3	-1.890201E+3	4.687050E+3	-2.885311E+3	7.152491E+3	-1.069897E+4	8.427070E+3	-1.718355E+4
2.201000E+1	-1.335722E+1	2.487175E+0	-1.335679E+1	1.180069E-1	2.408260E+3	-1.890008E+3	4.687050E+3	-2.885118E+3	7.152298E+3	-1.069955E+4	8.427070E+3	-1.718374E+4
2.202000E+1	-1.334653E+1	2.431552E+0	-1.334610E+1	1.181160E-1	2.408260E+3	-1.889814E+3	4.687050E+3	-2.884924E+3	7.152104E+3	-1.070012E+4	8.427070E+3	-1.718393E+4
2.203000E+1	-1.333535E+1	2.652307E+0	-1.333492E+1	1.182301E-1	2.408260E+3	-1.889621E+3	4.687050E+3	-2.884731E+3	7.151911E+3	-1.070070E+4	8.427070E+3	-1.718412E+4
2.204000E+1	-1.332477E+1	2.473363E+0	-1.332434E+1	1.183380E-1	2.408260E+3	-1.889428E+3	4.687050E+3	-2.884538E+3	7.151718E+3	-1.070127E+4	8.427070E+3	-1.718431E+4
2.205000E+1	-1.331389E+1	2.462791E+0	-1.331346E+1	1.184491E-1	2.408260E+3	-1.889235E+3	4.687050E+3	-2.884345E+3	7.151525E+3	-1.070185E+4	8.427070E+3	-1.718449E+4
2.206000E+1	-1.330344E+1	2.424548E+0	-1.330301E+1	1.185557E-1	2.408260E+3	-1.889041E+3	4.687050E+3	-2.884151E+3	7.151331E+3	-1.070242E+4	8.427070E+3	-1.718468E+4
2.207000E+1	-1.329317E+1	2.563439E+0	-1.329274E+1	1.186604E-1	2.408260E+3	-1.888848E+3	4.687050E+3	-2.883958E+3	7.151138E+3	-1.070299E+4	8.427070E+3	-1.718487E+4
2.208000E+1	-1.328271E+1	2.591555E+0	-1.328228E+1	1.187672E-1	2.408260E+3	-1.888655E+3	4.687050E+3	-2.883765E+3	7.150945E+3	-1.070357E+4	8.427070E+3	-1.718506E+4
2.209000E+1	-1.327097E+1	2.524999E+0	-1.327054E+1	1.188870E-1	2.406410E+3	-1.886810E+3	4.687100E+3	-2.883620E+3	7.148950E+3	-1.070570E+4	8.421620E+3	-1.718710E+4
2.210000E+1	-1.326034E+1	2.399964E+0	-1.325991E+1	1.189955E-1	2.406410E+3	-1.887408E+3	4.687299E+3	-2.883620E+3	7.148950E+3	-1.070531E+4	8.422019E+3	-1.718710E+4
2.211000E+1	-1.325055E+1	2.518136E+0	-1.325012E+1	1.190954E-1	2.406410E+3	-1.888006E+3	4.687499E+3	-2.883620E+3	7.148950E+3	-1.070493E+4	8.422417E+3	-1.718710E+4
2.212000E+1	-1.324111E+1	2.515772E+0	-1.324068E+1	1.191917E-1	2.406410E+3	-1.888605E+3	4.687698E+3	-2.883620E+3	7.148950E+3	-1.070454E+4	8.422816E+3	-1.718710E+4
2.213000E+1	-1.323177E+1	2.560234E+0	-1.323134E+1	1.192870E-1	2.406410E+3	-1.889203E+3	4.687898E+3	-2.883620E+3	7.148950E+3	-1.070415E+4	8.423215E+3	-1.718710E+4
2.214000E+1	-1.322184E+1	2.443865E+0	-1.322141E+1	1.193883E-1	2.406410E+3	-1.889801E+3	4.688097E+3	-2.883620E+3	7.148950E+3	-1.070376E+4	8.423614E+3	-1.718710E+4
2.215000E+1	-1.321133E+1	2.447971E+0	-1.321090E+1	1.194956E-1	2.406410E+3	-1.890400E+3	4.688297E+3	-2.883620E+3	7.148950E+3	-1.070337E+4	8.424013E+3	-1.718710E+4
2.216000E+1	-1.320094E+1	2.655094E+0	-1.320051E+1	1.196016E-1	2.406410E+3	-1.890998E+3	4.688496E+3	-2.883620E+3	7.148950E+3	-1.070299E+4	8.424412E+3	-1.718710E+4
2.217000E+1	-1.319149E+1	2.456066E+0	-1.319107E+1	1.196980E-1	2.406410E+3	-1.891596E+3	4.688695E+3	-2.883620E+3	7.148950E+3	-1.070260E+4	8.424811E+3	-1.718710E+4
2.218000E+1	-1.318200E+1	2.501863E+0	-1.318158E+1	1.197948E-1	2.406410E+3	-1.892195E+3	4.688895E+3	-2.883620E+3	7.148950E+3	-1.070221E+4	8.425210E+3	-1.718710E+4
2.219000E+1	-1.317265E+1	2.408773E+0	-1.317222E+1	1.198903E-1	2.408572E+3	-1.891898E+3	4.688588E+3	-2.883932E+3	7.152650E+3	-1.070220E+4	8.421208E+3	-1.718340E+4
2.220000E+1	-1.316295E+1	2.630941E+0	-1.316252E+1	1.199893E-1	2.408892E+3	-1.891578E+3	4.688268E+3	-2.884252E+3	7.152650E+3	-1.070220E+4	8.420888E+3	-1.718340E+4
2.221000E+1	-1.315271E+1	2.575736E+0	-1.315228E+1	1.200937E-1	2.409212E+3	-1.891258E+3	4.687948E+3	-2.884572E+3	7.152650E+3	-1.070220E+4	8.420568E+3	-1.718340E+4
2.222000E+1	-1.314330E+1	2.463688E+0	-1.314287E+1	1.201898E-1	2.409532E+3	-1.890938E+3	4.687628E+3	-2.884892E+3	7.152650E+3	-1.070220E+4	8.420248E+3	-1.718340E+4
2.223000E+1	-1.313419E+1	2.461251E+0	-1.313377E+1	1.202827E-1	2.409852E+3	-1.890618E+3	4.687308E+3	-2.885212E+3	7.152650E+3	-1.070220E+4	8.419928E+3	-1.718340E+4
2.224000E+1	-1.312517E+1	2.575537E+0	-1.312474E+1	1.203748E-1	2.410110E+3	-1.890282E+3	4.687128E+3	-2.885470E+3	7.152495E+3	-1.070212E+4	8.419825E+3	-1.718340E+4
2.225000E+1	-1.311548E+1	2.591315E+0	-1.311505E+1	1.204736E-1	2.410110E+3	-1.889879E+3	4.687531E+3	-2.885470E+3	7.151689E+3	-1.070171E+4	8.420631E+3	-1.718340E+4
2.226000E+1	-1.310578E+1	2.519620E+0	-1.310535E+1	1.205726E-1	2.410110E+3	-1.889476E+3	4.687934E+3	-2.885470E+3	7.150882E+3	-1.070129E+4	8.421438E+3	-1.718340E+4
2.227000E+1	-1.309687E+1	2.423651E+0	-1.309644E+1	1.206635E-1	2.410110E+3	-1.889073E+3	4.688337E+3	-2.885470E+3	7.150076E+3	-1.070088E+4	8.422244E+3	-1.718340E+4
2.228000E+1	-1.308872E+1	2.551839E+0	-1.308829E+1	1.207467E-1	2.410110E+3	-1.888670E+3	4.688740E+3	-2.885470E+3	7.149269E+3	-1.070046E+4	8.423051E+3	-1.718340E+4
2.229000E+1	-1.308036E+1	2.558085E+0	-1.307994E+1	1.208320E-1	2.408156E+3	-1.888406E+3	4.686946E+3	-2.881780E+3	7.145042E+3	-1.070580E+4	8.415866E+3	-1.718541E+4
2.230000E+1	-1.307147E+1	2.559396E+0	-1.307104E+1	1.209227E-1	2.407984E+3	-1.888234E+3	4.686774E+3	-2.881780E+3	7.144699E+3	-1.070580E+4	8.415694E+3	-1.718575E+4
2.231000E+1	-1.306141E+1	2.462159E+0	-1.306098E+1	1.210253E-1	2.407813E+3	-1.888063E+3	4.686603E+3	-2.881780E+3	7.144355E+3	-1.070580E+4	8.415523E+3	-1.718609E+4
2.232000E+1	-1.305186E+1	2.405683E+0	-1.305143E+1	1.211228E-1	2.407641E+3	-1.887891E+3	4.686431E+3	-2.881780E+3	7.144012E+3	-1.070580E+4	8.415351E+3	-1.718644E+4
2.233000E+1	-1.304188E+1	2.678216E+0	-1.304145E+1	1.212246E-1	2.407469E+3	-1.887719E+3	4.686259E+3	-2.881780E+3	7.143668E+3	-1.070580E+4	8.415179E+3	-1.718678E+4
2.234000E+1	-1.303174E+1	2.525989E+0	-1.303131E+1	1.213282E-1	2.407297E+3	-1.887547E+3	4.686087E+3	-2.881780E+3	7.143325E+3	-1.070580E+4	8.415007E+3	-1.718713E+4
2.235000E+1	-1.302185E+1	2.394019E+0	-1.302142E+1	1.214291E-1	2.407126E+3	-1.887376E+3	4.685916E+3	-2.881780E+3	7.142981E+3	-1.070580E+4	8.414836E+3	-1.718747E+4
2.236000E+1	-1.301095E+1	2.484316E+0	-1.301052E+1	1.215403E-1	2.406954E+3	-1.887204E+3	4.685744E+3	-2.881780E+3	7.142638E+3	-1.070580E+4	8.414664E+3	-1.718781E+4
2.237000E+1	-1.300071E+1	2.571373E+0	-1.300028E+1	1.216447E-1	2.406782E+3	-1.887032E+3	4.685572E+3	-2.881780E+3	7.142294E+3	-1.070580E+4	8.414492E+3	-1.718816E+4
2.238000E+1	-1.299136E+1	2.642781E+0	-1.299093E+1	1.217402E-1	2.406610E+3	-1.886860E+3	4.685400E+3	-2.881780E+3	7.141951E+3	-1.070580E+4	8.414320E+3	-1.718850E+4
2.239000E+1	-1.298150E+1	2.514662E+0	-1.298107E+1	1.218408E-1	2.406439E+3	-1.886689E+3	4.685229E+3	-2.881780E+3	7.141607E+3	-1.070580E+4	8.414149E+3	-1.718884E+4
2.240000E+1	-1.297279E+1	2.440498E+0	-1.297236E+1	1.219296E-1	2.406410E+3	-1.891906E+3	4.686746E+3	-2.885166E+3	7.143400E+3	-1.070220E+4	8.411333E+3	-1.718551E+4
2.241000E+1	-1.296378E+1	2.521335E+0	-1.296336E+1	1.220216E-1	2.406726E+3	-1.892525E+3	4.687366E+3	-2.885786E+3	7.143400E+3	-1.070188E+4	8.410420E+3	-1.718520E+4
2.242000E+1	-1.295371E+1	2.633736E+0	-1.295328E+1	1.221244E-1	2.407105E+3	-1.892901E+3	4.687745E+3	-2.886165E+3	7.143400E+3	-1.070149E+4	8.410420E+3	-1.718520E+4
2.243000E+1	-1.294325E+1	2.578078E+0	-1.294282E+1	1.222311E-1	2.407484E+3	-1.893278E+3	4.688124E+3	-2.886544E+3	7.143400E+3	-1.070110E+4	8.410420E+3	-1.718520E+4
2.244000E+1	-1.293336E+1	2.437136E+0	-1.293294E+1	1.223320E-1	2.407862E+3	-1.893654E+3	4.688502E+3	-2.886922E+3	7.143400E+3	-1.070071E+4	8.410420E+3	-1.718520E+4
2.245000E+1	-1.292294E+1	2.426165E+0	-1.292251E+1	1.224383E-1	2.408241E+3	-1.894031E+3	4.688881E+3	-2.887301E+3	7.143400E+3	-1.070032E+4	8.410420E+3	-1.718520E+4
2.246000E+1	-1.291227E+1	2.583324E+0	-1.291184E+1	1.225472E-1	2.407692E+3	-1.893485E+3	4.688900E+3	-2.886752E+3	7.143968E+3	-1.069916E+4	8.413259E+3	-1.718465E+4
2.247000E+1	-1.290208E+1	2.469062E+0	-1.290166E+1	1.226511E-1	2.407094E+3	-1.892890E+3	4.688900E+3	-2.886154E+3	7.144566E+3	-1.069797E+4	8.416251E+3	-1.718407E+4
2.248000E+1	-1.289144E+1	2.466042E+0	-1.289101E+1	1.227597E-1	2.406496E+3	-1.892295E+3	4.688900E+3	-2.885556E+3	7.145164E+3	-1.069677E+4	8.419242E+3	-1.718348E+4
2.249000E+1	-1.288010E+1	2.477227E+0	-1.287967E+1	1.228755E-1	2.406410E+3	-1.891237E+3	4.688576E+3	-2.884823E+3	7.145250E+3	-1.069790E+4	8.419346E+3	-1.718340E+4
2.250000E+1	-1.286926E+1	2.588021E+0	-1.286883E+1	1.229861E-1	2.406410E+3	-1.890101E+3	4.688197E+3	-2.884068E+3	7.145250E+3	-1.069941E+4	8.418967E+3	-1.718340E+4
2.251000E+1	-1.285920E+1	2.568360E+0	-1.285877E+1	1.230888E-1	2.406410E+3	-1.888965E+3	4.687818E+3	-2.883313E+3	7.145250E+3	-1.070093E+4	8.418588E+3	-1.718340E+4
2.252000E+1	-1.284990E+1	2.460872E+0	-1.284947E+1	1.231836E-1	2.406410E+3	-1.887829E+3	4.687440E+3	-2.882558E+3	7.145250E+3	-1.070244E+4	8.418210E+3	-1.718340E+4
2.253000E+1	-1.284066E+1	2.506502E+0	-1.284023E+1	1.232779E-1	2.406410E+3	-1.886694E+3	4.687061E+3	-2.881802E+3	7.145250E+3	-1.070396E+4	8.417831E+3	-1.718340E+4
2.254000E+1	-1.283093E+1	2.509157E+0	-1.283050E+1	1.233772E-1	2.406410E+3	-1.887241E+3	4.687050E+3	-2.881780E+3	7.144089E+3	-1.070344E+4	8.417239E+3	-1.718396E+4
2.255000E+1	-1.282124E+1	2.612593E+0	-1.282081E+1	1.234761E-1	2.406410E+3	-1.887839E+3	4.687050E+3	-2.881780E+3	7.142892E+3	-1.070285E+4	8.416641E+3	-1.718455E+4
2.256000E+1	-1.281123E+1	2.546525E+0	-1.281081E+1	1.235782E-1	2.406410E+3	-1.888437E+3	4.687050E+3	-2.881780E+3	7.141695E+3	-1.070227E+4	8.416043E+3	-1.718513E+4
2.257000E+1	-1.280178E+1	2.435843E+0	-1.280135E+1	1.236746E-1	2.406410E+3	-1.888885E+3	4.687050E+3	-2.882154E+3	7.141363E+3	-1.070201E+4	8.415595E+3	-1.718520E+4
2.258000E+1	-1.279141E+1	2.516632E+0	-1.279098E+1	1.237805E-1	2.406410E+3	-1.889311E+3	4.687050E+3	-2.882579E+3	7.141149E+3	-1.070179E+4	8.415169E+3	-1.718520E+4
2.259000E+1	-1.278145E+1	2.657902E+0	-1.278102E+1	1.238821E-1	2.406410E+3	-1.889738E+3	4.687050E+3	-2.883004E+3	7.140936E+3	-1.070157E+4	8.414742E+3	-1.718520E+4
2.260000E+1	-1.277057E+1	2.536257E+0	-1.277014E+1	1.239932E-1	2.406410E+3	-1.890164E+3	4.687050E+3	-2.883429E+3	7.140723E+3	-1.070135E+4	8.414316E+3	-1.718520E+4
2.261000E+1	-1.275889E+1	2.488510E+0	-1.275846E+1	1.241123E-1	2.406410E+3	-1.890590E+3	4.687050E+3	-2.883855E+3	7.140510E+3	-1.070113E+4	8.413890E+3	-1.718520E+4
2.262000E+1	-1.274889E+1	2.434693E+0	-1.274846E+1	1.242144E-1	2.406410E+3	-1.891017E+3	4.687050E+3	-2.884280E+3	7.140297E+3	-1.070091E+4	8.413463E+3	-1.718520E+4
2.263000E+1	-1.274032E+1	2.634033E+0	-1.273990E+1	1.243018E-1	2.406410E+3	-1.891443E+3	4.687050E+3	-2.884705E+3	7.140083E+3	-1.070069E+4	8.413037E+3	-1.718520E+4
2.264000E+1	-1.273206E+1	2.519730E+0	-1.273164E+1	1.243861E-1	2.406410E+3	-1.891870E+3	4.687050E+3	-2.885131E+3	7.139870E+3	-1.070047E+4	8.412610E+3	-1.718520E+4
2.265000E+1	-1.272386E+1	2.510746E+0	-1.272343E+1	1.244698E-1	2.406465E+3	-1.892210E+3	4.687050E+3	-2.885470E+3	7.139700E+3	-1.070030E+4	8.412105E+3	-1.718520E+4
2.266000E+1	-1.271436E+1	2.548075E+0	-1.271394E+1	1.245667E-1	2.406738E+3	-1.892210E+3	4.687050E+3	-2.885470E+3	7.139700E+3	-1.070030E+4	8.411287E+3	-1.718520E+4
2.267000E+1	-1.270554E+1	2.594654E+0	-1.270511E+1	1.246567E-1	2.407011E+3	-1.892210E+3	4.687050E+3	-2.885470E+3	7.139700E+3	-1.070030E+4	8.410468E+3	-1.718520E+4
2.268000E+1	-1.269577E+1	2.694393E+0	-1.269534E+1	1.247564E-1	2.407283E+3	-1.892210E+3	4.687050E+3	-2.885470E+3	7.139700E+3	-1.070030E+4	8.409650E+3	-1.718520E+4
2.269000E+1	-1.268517E+1	2.558989E+0	-1.268474E+1	1.248645E-1	2.407556E+3	-1.892210E+3	4.687050E+3	-2.885470E+3	7.139700E+3	-1.070030E+4	8.408831E+3	-1.718520E+4
2.270000E+1	-1.267547E+1	2.508971E+0	-1.267504E+1	1.249635E-1	2.407829E+3	-1.892210E+3	4.687050E+3	-2.885470E+3	7.139700E+3	-1.070030E+4	8.408013E+3	-1.718520E+4
2.271000E+1	-1.266561E+1	2.538158E+0	-1.266519E+1	1.250641E-1	2.408102E+3	-1.892210E+3	4.687050E+3	-2.885470E+3	7.139700E+3	-1.070030E+4	8.407195E+3	-1.718520E+4
2.272000E+1	-1.265547E+1	2.608931E+0	-1.265504E+1	1.251676E-1	2.408260E+3	-1.892210E+3	4.687050E+3	-2.885903E+3	7.140133E+3	-1.069988E+4	8.407153E+3	-1.718478E+4
2.273000E+1	-1.264634E+1	2.627165E+0	-1.264591E+1	1.252608E-1	2.408260E+3	-1.892210E+3	4.687050E+3	-2.886933E+3	7.141163E+3	-1.069888E+4	8.408183E+3	-1.718378E+4
2.274000E+1	-1.263872E+1	2.472354E+0	-1.263830E+1	1.253385E-1	2.408260E+3	-1.892094E+3	4.687050E+3	-2.887262E+3	7.141492E+3	-1.069850E+4	8.408686E+3	-1.718346E+4
2.275000E+1	-1.262980E+1	2.444486E+0	-1.262937E+1	1.254296E-1	2.408260E+3	-1.891909E+3	4.687050E+3	-2.887169E+3	7.141399E+3	-1.069850E+4	8.408871E+3	-1.718355E+4
2.276000E+1	-1.262068E+1	2.695301E+0	-1.262025E+1	1.255226E-1	2.408260E+3	-1.891723E+3	4.687050E+3	-2.887077E+3	7.141307E+3	-1.069850E+4	8.409057E+3	-1.718364E+4
2.277000E+1	-1.261162E+1	2.594018E+0	-1.261119E+1	1.256151E-1	2.408260E+3	-1.891538E+3	4.687050E+3	-2.886984E+3	7.141214E+3	-1.069850E+4	8.409242E+3	-1.718373E+4
2.278000E+1	-1.260253E+1	2.527636E+0	-1.260210E+1	1.257079E-1	2.408260E+3	-1.891352E+3	4.687050E+3	-2.886891E+3	7.141121E+3	-1.069850E+4	8.409428E+3	-1.718382E+4
2.279000E+1	-1.259217E+1	2.468293E+0	-1.259174E+1	1.258136E-1	2.408260E+3	-1.891167E+3	4.687050E+3	-2.886798E+3	7.141028E+3	-1.069850E+4	8.409613E+3	-1.718391E+4
2.280000E+1	-1.258140E+1	2.588551E+0	-1.258097E+1	1.259234E-1	2.408260E+3	-1.890981E+3	4.687050E+3	-2.886706E+3	7.140936E+3	-1.069850E+4	8.409799E+3	-1.718400E+4
2.281000E+1	-1.257008E+1	2.600916E+0	-1.256965E+1	1.260390E-1	2.408260E+3	-1.890796E+3	4.687050E+3	-2.886613E+3	7.140843E+3	-1.069850E+4	8.409984E+3	-1.718409E+4
2.282000E+1	-1.255900E+1	2.575078E+0	-1.255858E+1	1.261520E-1	2.408260E+3	-1.890610E+3	4.687050E+3	-2.886520E+3	7.140750E+3	-1.069850E+4	8.410170E+3	-1.718418E+4
2.283000E+1	-1.254792E+1	2.511942E+0	-1.254749E+1	1.262651E-1	2.408260E+3	-1.890425E+3	4.687050E+3	-2.886427E+3	7.140657E+3	-1.069850E+4	8.410355E+3	-1.718427E+4
2.284000E+1	-1.253912E+1	2.490846E+0	-1.253870E+1	1.263548E-1	2.408260E+3	-1.890239E+3	4.687050E+3	-2.886335E+3	7.140565E+3	-1.069850E+4	8.410541E+3	-1.718436E+4
2.285000E+1	-1.252970E+1	2.616634E+0	-1.252928E+1	1.264509E-1	2.408260E+3	-1.890054E+3	4.687050E+3	-2.886242E+3	7.140472E+3	-1.069850E+4	8.410726E+3	-1.718445E+4
2.286000E+1	-1.251880E+1	2.650308E+0	-1.251838E+1	1.265622E-1	2.408260E+3	-1.889868E+3	4.687050E+3	-2.886149E+3	7.140379E+3	-1.069850E+4	8.410912E+3	-1.718454E+4
2.287000E+1	-1.250807E+1	2.460631E+0	-1.250764E+1	1.266717E-1	2.408260E+3	-1.889683E+3	4.687050E+3	-2.886056E+3	7.140286E+3	-1.069850E+4	8.411097E+3	-1.718463E+4
2.288000E+1	-1.249802E+1	2.485005E+0	-1.249759E+1	1.267743E-1	2.408260E+3	-1.889497E+3	4.687050E+3	-2.885964E+3	7.140194E+3	-1.069850E+4	8.411283E+3	-1.718472E+4
2.289000E+1	-1.248834E+1	2.598987E+0	-1.248791E+1	1.268730E-1	2.408260E+3	-1.889312E+3	4.687050E+3	-2.885871E+3	7.140101E+3	-1.069850E+4	8.411468E+3	-1.718481E+4
2.290000E+1	-1.247920E+1	2.611209E+0	-1.247877E+1	1.269663E-1	2.408260E+3	-1.889126E+3	4.687050E+3	-2.885778E+3	7.140008E+3	-1.069850E+4	8.411654E+3	-1.718490E+4
2.291000E+1	-1.247055E+1	2.508282E+0	-1.247012E+1	1.270545E-1	2.408260E+3	-1.888941E+3	4.687050E+3	-2.885685E+3	7.139915E+3	-1.069850E+4	8.411839E+3	-1.718499E+4
2.292000E+1	-1.246135E+1	2.527704E+0	-1.246093E+1	1.271484E-1	2.408260E+3	-1.888755E+3	4.687050E+3	-2.885593E+3	7.139823E+3	-1.069850E+4	8.412025E+3	-1.718508E+4
2.293000E+1	-1.245293E+1	2.670774E+0	-1.245251E+1	1.272343E-1	2.408260E+3	-1.888570E+3	4.687050E+3	-2.885500E+3	7.139730E+3	-1.069850E+4	8.412210E+3	-1.718517E+4
2.294000E+1	-1.244396E+1	2.618512E+0	-1.244353E+1	1.273259E-1	2.406124E+3	-1.890931E+3	4.687050E+3	-2.887320E+3	7.134436E+3	-1.069793E+4	8.400179E+3	-1.718492E+4
2.295000E+1	-1.243363E+1	2.552817E+0	-1.243320E+1	1.274313E-1	2.405097E+3	-1.892980E+3	4.687050E+3	-2.887320E+3	7.135463E+3	-1.069587E+4	8.403260E+3	-1.718392E+4
2.296000E+1	-1.242364E+1	2.501113E+0	-1.242321E+1	1.275332E-1	2.405172E+3	-1.892827E+3	4.686744E+3	-2.887320E+3	7.135388E+3	-1.069541E+4	8.404564E+3	-1.718370E+4
2.297000E+1	-1.241375E+1	2.518560E+0	-1.241332E+1	1.276341E-1	2.406454E+3	-1.890267E+3	4.686103E+3	-2.887320E+3	7.134106E+3	-1.069669E+4	8.403923E+3	-1.718432E+4
2.298000E+1	-1.240299E+1	2.641079E+0	-1.240256E+1	1.277440E-1	2.407736E+3	-1.887706E+3	4.685462E+3	-2.887320E+3	7.132824E+3	-1.069798E+4	8.403282E+3	-1.718495E+4
2.299000E+1	-1.239158E+1	2.547251E+0	-1.239115E+1	1.278604E-1	2.408114E+3	-1.886514E+3	4.685054E+3	-2.887174E+3	7.132154E+3	-1.069894E+4	8.402727E+3	-1.718535E+4
2.300000E+1	-1.238076E+1	2.470977E+0	-1.238033E+1	1.279708E-1	2.407866E+3	-1.886266E+3	4.684806E+3	-2.886926E+3	7.131906E+3	-1.069967E+4	8.402233E+3	-1.718560E+4
2.301000E+1	-1.236967E+1	2.522439E+0	-1.236924E+1	1.280840E-1	2.407619E+3	-1.886019E+3	4.684559E+3	-2.886679E+3	7.131659E+3	-1.070041E+4	8.401738E+3	-1.718586E+4
2.302000E+1	-1.235988E+1	2.636233E+0	-1.235945E+1	1.281839E-1	2.407372E+3	-1.885772E+3	4.684312E+3	-2.886432E+3	7.131412E+3	-1.070114E+4	8.401243E+3	-1.718611E+4
2.303000E+1	-1.235030E+1	2.620323E+0	-1.234987E+1	1.282816E-1	2.407124E+3	-1.885524E+3	4.684064E+3	-2.886184E+3	7.131164E+3	-1.070188E+4	8.400749E+3	-1.718637E+4
2.304000E+1	-1.234117E+1	2.467914E+0	-1.234074E+1	1.283747E-1	2.406877E+3	-1.885277E+3	4.683817E+3	-2.885937E+3	7.130917E+3	-1.070261E+4	8.400254E+3	-1.718662E+4
2.305000E+1	-1.233190E+1	2.507129E+0	-1.233147E+1	1.284693E-1	2.406630E+3	-1.885030E+3	4.683570E+3	-2.885690E+3	7.130670E+3	-1.070335E+4	8.399759E+3	-1.718687E+4
2.306000E+1	-1.232170E+1	2.690081E+0	-1.232128E+1	1.285734E-1	2.406281E+3	-1.885198E+3	4.683479E+3	-2.885341E+3	7.130191E+3	-1.070362E+4	8.399320E+3	-1.718736E+4
2.307000E+1	-1.231092E+1	2.570587E+0	-1.231049E+1	1.286834E-1	2.405121E+3	-1.888676E+3	4.684639E+3	-2.884181E+3	7.127872E+3	-1.070017E+4	8.399320E+3	-1.718968E+4
2.308000E+1	-1.230095E+1	2.550056E+0	-1.230052E+1	1.287851E-1	2.404826E+3	-1.890626E+3	4.684934E+3	-2.883886E+3	7.126218E+3	-1.069876E+4	8.397991E+3	-1.719080E+4
2.309000E+1	-1.229176E+1	2.564657E+0	-1.229133E+1	1.288790E-1	2.405341E+3	-1.891141E+3	4.684419E+3	-2.884401E+3	7.125188E+3	-1.069926E+4	8.395415E+3	-1.719080E+4
2.310000E+1	-1.228310E+1	2.611259E+0	-1.228267E+1	1.289673E-1	2.405856E+3	-1.891656E+3	4.683904E+3	-2.884916E+3	7.124157E+3	-1.069976E+4	8.392838E+3	-1.719080E+4
2.311000E+1	-1.227366E+1	2.688146E+0	-1.227323E+1	1.290636E-1	2.406372E+3	-1.892172E+3	4.683388E+3	-2.885432E+3	7.123127E+3	-1.070026E+4	8.390262E+3	-1.719080E+4
2.312000E+1	-1.226436E+1	2.464477E+0	-1.226393E+1	1.291586E-1	2.406410E+3	-1.892210E+3	4.683038E+3	-2.886406E+3	7.122738E+3	-1.070062E+4	8.388822E+3	-1.719080E+4
2.313000E+1	-1.225546E+1	2.477118E+0	-1.225503E+1	1.292493E-1	2.406410E+3	-1.892210E+3	4.682701E+3	-2.887418E+3	7.122401E+3	-1.070097E+4	8.387473E+3	-1.719080E+4
2.314000E+1	-1.224714E+1	2.489443E+0	-1.224671E+1	1.293343E-1	2.406410E+3	-1.892210E+3	4.682363E+3	-2.888430E+3	7.122063E+3	-1.070131E+4	8.386123E+3	-1.719080E+4
2.315000E+1	-1.223862E+1	2.640084E+0	-1.223819E+1	1.294212E-1	2.406410E+3	-1.892210E+3	4.682026E+3	-2.889442E+3	7.121726E+3	-1.070166E+4	8.384774E+3	-1.719080E+4
2.316000E+1	-1.222907E+1	2.588945E+0	-1.222864E+1	1.295187E-1	2.406410E+3	-1.892210E+3	4.681689E+3	-2.890453E+3	7.121389E+3	-1.070201E+4	8.383425E+3	-1.719080E+4
2.317000E+1	-1.221967E+1	2.535840E+0	-1.221924E+1	1.296146E-1	2.405805E+3	-1.892210E+3	4.681198E+3	-2.891322E+3	7.120898E+3	-1.070160E+4	8.383275E+3	-1.719080E+4
2.318000E+1	-1.220929E+1	2.570885E+0	-1.220887E+1	1.297204E-1	2.404431E+3	-1.892210E+3	4.680511E+3	-2.892009E+3	7.120211E+3	-1.070022E+4	8.384649E+3	-1.719080E+4
2.319000E+1	-1.219839E+1	2.704327E+0	-1.219796E+1	1.298317E-1	2.403057E+3	-1.892210E+3	4.679824E+3	-2.892696E+3	7.119524E+3	-1.069885E+4	8.386023E+3	-1.719080E+4
2.320000E+1	-1.218744E+1	2.611511E+0	-1.218701E+1	1.299434E-1	2.403011E+3	-1.891306E+3	4.679650E+3	-2.892267E+3	7.118747E+3	-1.069910E+4	8.386069E+3	-1.719109E+4
2.321000E+1	-1.217618E+1	2.560937E+0	-1.217576E+1	1.300583E-1	2.403415E+3	-1.890096E+3	4.679650E+3	-2.891461E+3	7.117941E+3	-1.069991E+4	8.385665E+3	-1.719149E+4
2.322000E+1	-1.216597E+1	2.438909E+0	-1.216554E+1	1.301625E-1	2.403818E+3	-1.888886E+3	4.679650E+3	-2.890654E+3	7.117134E+3	-1.070072E+4	8.385262E+3	-1.719188E+4
2.323000E+1	-1.215415E+1	2.640165E+0	-1.215372E+1	1.302831E-1	2.404221E+3	-1.887677E+3	4.679650E+3	-2.889848E+3	7.116328E+3	-1.070152E+4	8.384859E+3	-1.719227E+4
2.324000E+1	-1.214391E+1	2.643552E+0	-1.214349E+1	1.303876E-1	2.404349E+3	-1.886660E+3	4.679756E+3	-2.889064E+3	7.115544E+3	-1.070230E+4	8.384309E+3	-1.719271E+4
2.325000E+1	-1.213565E+1	2.591203E+0	-1.213523E+1	1.304719E-1	2.403024E+3	-1.886660E+3	4.680418E+3	-2.888402E+3	7.114882E+3	-1.070295E+4	8.382984E+3	-1.719339E+4
2.326000E+1	-1.212756E+1	2.511824E+0	-1.212713E+1	1.305544E-1	2.401699E+3	-1.886660E+3	4.681081E+3	-2.887739E+3	7.114219E+3	-1.070359E+4	8.381659E+3	-1.719407E+4
2.327000E+1	-1.211826E+1	2.533409E+0	-1.211783E+1	1.306494E-1	2.401005E+3	-1.886805E+3	4.681500E+3	-2.887610E+3	7.113655E+3	-1.070371E+4	8.380965E+3	-1.719450E+4
2.328000E+1	-1.210874E+1	2.672608E+0	-1.210831E+1	1.307465E-1	2.401400E+3	-1.887200E+3	4.681500E+3	-2.888399E+3	7.113260E+3	-1.070292E+4	8.381360E+3	-1.719450E+4
2.329000E+1	-1.209952E+1	2.527993E+0	-1.209909E+1	1.308406E-1	2.401794E+3	-1.887594E+3	4.681500E+3	-2.889189E+3	7.112866E+3	-1.070213E+4	8.381754E+3	-1.719450E+4
2.330000E+1	-1.208979E+1	2.465787E+0	-1.208936E+1	1.309399E-1	2.402189E+3	-1.887989E+3	4.681500E+3	-2.889978E+3	7.112471E+3	-1.070134E+4	8.382149E+3	-1.719450E+4
2.331000E+1	-1.208043E+1	2.564024E+0	-1.208000E+1	1.310354E-1	2.402584E+3	-1.888384E+3	4.681500E+3	-2.890767E+3	7.112076E+3	-1.070055E+4	8.382544E+3	-1.719450E+4
2.332000E+1	-1.207073E+1	2.713823E+0	-1.207030E+1	1.311344E-1	2.402710E+3	-1.888510E+3	4.681500E+3	-2.891020E+3	7.111950E+3	-1.070030E+4	8.381488E+3	-1.719410E+4
2.333000E+1	-1.206177E+1	2.645744E+0	-1.206134E+1	1.312258E-1	2.402710E+3	-1.888510E+3	4.681500E+3	-2.891020E+3	7.111950E+3	-1.070030E+4	8.379749E+3	-1.719350E+4
2.334000E+1	-1.205178E+1	2.502409E+0	-1.205135E+1	1.313277E-1	2.402710E+3	-1.888510E+3	4.681500E+3	-2.891020E+3	7.111950E+3	-1.070030E+4	8.378010E+3	-1.719290E+4
2.335000E+1	-1.204156E+1	2.512512E+0	-1.204114E+1	1.314320E-1	2.402710E+3	-1.888617E+3	4.681500E+3	-2.891020E+3	7.111950E+3	-1.070030E+4	8.376960E+3	-1.719260E+4
2.336000E+1	-1.203092E+1	2.674836E+0	-1.203050E+1	1.315405E-1	2.402710E+3	-1.888835E+3	4.681500E+3	-2.891020E+3	7.111950E+3	-1.070030E+4	8.376634E+3	-1.719260E+4
2.337000E+1	-1.202085E+1	2.573518E+0	-1.202042E+1	1.316433E-1	2.402710E+3	-1.889053E+3	4.681500E+3	-2.891020E+3	7.111950E+3	-1.070030E+4	8.376307E+3	-1.719260E+4
2.338000E+1	-1.201120E+1	2.582510E+0	-1.201077E+1	1.317418E-1	2.402710E+3	-1.889271E+3	4.681500E+3	-2.891020E+3	7.111950E+3	-1.070030E+4	8.375980E+3	-1.719260E+4
2.339000E+1	-1.200166E+1	2.481542E+0	-1.200123E+1	1.318392E-1	2.402710E+3	-1.889489E+3	4.681500E+3	-2.891020E+3	7.111950E+3	-1.070030E+4	8.375654E+3	-1.719260E+4
2.340000E+1	-1.199314E+1	2.609545E+0	-1.199271E+1	1.319261E-1	2.402710E+3	-1.889707E+3	4.681500E+3	-2.891020E+3	7.111950E+3	-1.070030E+4	8.375327E+3	-1.719260E+4
2.341000E+1	-1.198395E+1	2.702302E+0	-1.198352E+1	1.320199E-1	2.402710E+3	-1.889926E+3	4.681500E+3	-2.891020E+3	7.111950E+3	-1.070030E+4	8.375000E+3	-1.719260E+4
2.342000E+1	-1.197307E+1	2.581532E+0	-1.197265E+1	1.321308E-1	2.402710E+3	-1.890144E+3	4.681500E+3	-2.891020E+3	7.111950E+3	-1.070030E+4	8.374674E+3	-1.719260E+4
2.343000E+1	-1.196225E+1	2.507547E+0	-1.196182E+1	1.322413E-1	2.402710E+3	-1.890362E+3	4.681500E+3	-2.891020E+3	7.111950E+3	-1.070030E+4	8.374347E+3	-1.719260E+4
2.344000E+1	-1.195067E+1	2.554571E+0	-1.195024E+1	1.323595E-1	2.402710E+3	-1.890580E+3	4.681500E+3	-2.891020E+3	7.111950E+3	-1.070030E+4	8.374020E+3	-1.719260E+4
2.345000E+1	-1.193914E+1	2.643056E+0	-1.193871E+1	1.324771E-1	2.402710E+3	-1.890798E+3	4.681500E+3	-2.891020E+3	7.111950E+3	-1.070030E+4	8.373694E+3	-1.719260E+4
2.346000E+1	-1.192908E+1	2.627155E+0	-1.192865E+1	1.325798E-1	2.402710E+3	-1.891017E+3	4.681500E+3	-2.891020E+3	7.111950E+3	-1.070030E+4	8.373367E+3	-1.719260E+4
2.347000E+1	-1.191902E+1	2.457820E+0	-1.191859E+1	1.326824E-1	2.402710E+3	-1.891235E+3	4.681500E+3	-2.891020E+3	7.111950E+3	-1.070030E+4	8.373040E+3	-1.719260E+4
2.348000E+1	-1.190911E+1	2.582802E+0	-1.190868E+1	1.327836E-1	2.402710E+3	-1.891453E+3	4.681500E+3	-2.891020E+3	7.111950E+3	-1.070030E+4	8.372714E+3	-1.719260E+4
2.349000E+1	-1.189872E+1	2.689758E+0	-1.189829E+1	1.328896E-1	2.402710E+3	-1.891671E+3	4.681500E+3	-2.891020E+3	7.111950E+3	-1.070030E+4	8.372387E+3	-1.719260E+4
2.350000E+1	-1.188856E+1	2.609083E+0	-1.188813E+1	1.329932E-1	2.402710E+3	-1.891889E+3	4.681500E+3	-2.891020E+3	7.111950E+3	-1.070030E+4	8.372060E+3	-1.719260E+4
2.351000E+1	-1.187915E+1	2.530353E+0	-1.187872E+1	1.330893E-1	2.402710E+3	-1.892107E+3	4.681500E+3	-2.891020E+3	7.111950E+3	-1.070030E+4	8.371734E+3	-1.719260E+4
2.352000E+1	-1.186942E+1	2.467707E+0	-1.186900E+1	1.331885E-1	2.402509E+3	-1.892009E+3	4.681500E+3	-2.891020E+3	7.111749E+3	-1.070010E+4	8.372181E+3	-1.719281E+4
2.353000E+1	-1.185920E+1	2.685853E+0	-1.185877E+1	1.332928E-1	2.402131E+3	-1.891631E+3	4.681500E+3	-2.891020E+3	7.111371E+3	-1.069974E+4	8.373315E+3	-1.719319E+4
2.354000E+1	-1.184885E+1	2.635573E+0	-1.184843E+1	1.333984E-1	2.401752E+3	-1.891252E+3	4.681500E+3	-2.891020E+3	7.110992E+3	-1.069937E+4	8.374448E+3	-1.719358E+4
2.355000E+1	-1.183940E+1	2.591129E+0	-1.183897E+1	1.334949E-1	2.401374E+3	-1.890874E+3	4.681500E+3	-2.891020E+3	7.110614E+3	-1.069900E+4	8.375582E+3	-1.719397E+4
2.356000E+1	-1.182978E+1	2.555955E+0	-1.182936E+1	1.335930E-1	2.400995E+3	-1.890495E+3	4.681500E+3	-2.891020E+3	7.110235E+3	-1.069863E+4	8.376716E+3	-1.719436E+4
2.357000E+1	-1.182008E+1	2.523202E+0	-1.181965E+1	1.336920E-1	2.399105E+3	-1.884999E+3	4.683350E+3	-2.889359E+3	7.108165E+3	-1.069859E+4	8.374892E+3	-1.719440E+4
2.358000E+1	-1.181020E+1	2.695209E+0	-1.180977E+1	1.337928E-1	2.399252E+3	-1.885294E+3	4.683350E+3	-2.889654E+3	7.108018E+3	-1.069874E+4	8.374303E+3	-1.719425E+4
2.359000E+1	-1.179995E+1	2.586570E+0	-1.179952E+1	1.338974E-1	2.399399E+3	-1.885589E+3	4.683350E+3	-2.889949E+3	7.107871E+3	-1.069888E+4	8.373715E+3	-1.719410E+4
2.360000E+1	-1.178946E+1	2.556314E+0	-1.178903E+1	1.340045E-1	2.399547E+3	-1.885883E+3	4.683350E+3	-2.890243E+3	7.107723E+3	-1.069902E+4	8.373127E+3	-1.719395E+4
2.361000E+1	-1.177829E+1	2.598126E+0	-1.177786E+1	1.341184E-1	2.399694E+3	-1.886178E+3	4.683350E+3	-2.890538E+3	7.107576E+3	-1.069917E+4	8.372539E+3	-1.719380E+4
2.362000E+1	-1.176779E+1	2.678910E+0	-1.176736E+1	1.342256E-1	2.399841E+3	-1.886472E+3	4.683350E+3	-2.890832E+3	7.107429E+3	-1.069931E+4	8.371950E+3	-1.719365E+4
2.363000E+1	-1.175745E+1	2.638782E+0	-1.175703E+1	1.343310E-1	2.399988E+3	-1.886767E+3	4.683350E+3	-2.891127E+3	7.107282E+3	-1.069945E+4	8.371362E+3	-1.719350E+4
2.364000E+1	-1.174716E+1	2.499814E+0	-1.174673E+1	1.344361E-1	2.400136E+3	-1.887061E+3	4.683350E+3	-2.891421E+3	7.107134E+3	-1.069960E+4	8.370774E+3	-1.719334E+4
2.365000E+1	-1.173717E+1	2.593672E+0	-1.173675E+1	1.345380E-1	2.400283E+3	-1.887356E+3	4.683350E+3	-2.891716E+3	7.106987E+3	-1.069974E+4	8.370186E+3	-1.719319E+4
2.366000E+1	-1.172858E+1	2.706977E+0	-1.172815E+1	1.346257E-1	2.400430E+3	-1.887650E+3	4.683350E+3	-2.892010E+3	7.106840E+3	-1.069988E+4	8.369597E+3	-1.719304E+4
2.367000E+1	-1.171998E+1	2.612678E+0	-1.171955E+1	1.347134E-1	2.400577E+3	-1.887945E+3	4.683350E+3	-2.892305E+3	7.106693E+3	-1.070002E+4	8.369009E+3	-1.719289E+4
2.368000E+1	-1.171097E+1	2.560221E+0	-1.171055E+1	1.348053E-1	2.400725E+3	-1.888239E+3	4.683350E+3	-2.892599E+3	7.106545E+3	-1.070017E+4	8.368421E+3	-1.719274E+4
2.369000E+1	-1.170189E+1	2.435195E+0	-1.170147E+1	1.348980E-1	2.404516E+3	-1.886572E+3	4.679694E+3	-2.892782E+3	7.108129E+3	-1.069493E+4	8.373289E+3	-1.719264E+4
2.370000E+1	-1.169341E+1	2.504036E+0	-1.169298E+1	1.349846E-1	2.403971E+3	-1.885481E+3	4.680239E+3	-2.891691E+3	7.106492E+3	-1.069655E+4	8.371655E+3	-1.719321E+4
2.371000E+1	-1.168531E+1	2.644095E+0	-1.168488E+1	1.350672E-1	2.403425E+3	-1.884390E+3	4.680785E+3	-2.890600E+3	7.104855E+3	-1.069817E+4	8.370021E+3	-1.719377E+4
2.372000E+1	-1.167714E+1	2.543703E+0	-1.167671E+1	1.351506E-1	2.402880E+3	-1.883299E+3	4.681330E+3	-2.889509E+3	7.103219E+3	-1.069980E+4	8.368388E+3	-1.719433E+4
2.373000E+1	-1.166856E+1	2.543428E+0	-1.166813E+1	1.352381E-1	2.402566E+3	-1.883247E+3	4.681644E+3	-2.889170E+3	7.102710E+3	-1.070030E+4	8.367880E+3	-1.719464E+4
2.374000E+1	-1.165896E+1	2.554068E+0	-1.165853E+1	1.353361E-1	2.402358E+3	-1.883664E+3	4.681852E+3	-2.889170E+3	7.102710E+3	-1.070030E+4	8.367880E+3	-1.719484E+4
2.375000E+1	-1.164878E+1	2.715862E+0	-1.164835E+1	1.354400E-1	2.402149E+3	-1.884081E+3	4.682061E+3	-2.889170E+3	7.102710E+3	-1.070030E+4	8.367880E+3	-1.719505E+4
2.376000E+1	-1.163885E+1	2.597672E+0	-1.163842E+1	1.355413E-1	2.401941E+3	-1.884498E+3	4.682269E+3	-2.889170E+3	7.102710E+3	-1.070030E+4	8.367880E+3	-1.719525E+4
2.377000E+1	-1.162988E+1	2.504906E+0	-1.162945E+1	1.356329E-1	2.401733E+3	-1.884915E+3	4.682477E+3	-2.889170E+3	7.102710E+3	-1.070030E+4	8.367880E+3	-1.719545E+4
2.378000E+1	-1.161982E+1	2.511320E+0	-1.161939E+1	1.357355E-1	2.401524E+3	-1.885332E+3	4.682686E+3	-2.889170E+3	7.102710E+3	-1.070030E+4	8.367880E+3	-1.719565E+4
2.379000E+1	-1.160895E+1	2.653015E+0	-1.160852E+1	1.358464E-1	2.401316E+3	-1.885748E+3	4.682894E+3	-2.889170E+3	7.102710E+3	-1.070030E+4	8.367880E+3	-1.719586E+4
2.380000E+1	-1.159754E+1	2.618280E+0	-1.159712E+1	1.359628E-1	2.401107E+3	-1.886165E+3	4.683103E+3	-2.889170E+3	7.102710E+3	-1.070030E+4	8.367880E+3	-1.719606E+4
2.381000E+1	-1.158589E+1	2.611421E+0	-1.158546E+1	1.360817E-1	2.400899E+3	-1.886582E+3	4.683311E+3	-2.889170E+3	7.102710E+3	-1.070030E+4	8.367880E+3	-1.719626E+4
2.382000E+1	-1.157498E+1	2.505451E+0	-1.157455E+1	1.361930E-1	2.402239E+3	-1.886189E+3	4.680557E+3	-2.891491E+3	7.100389E+3	-1.069708E+4	8.364616E+3	-1.719630E+4
2.383000E+1	-1.156391E+1	2.763419E+0	-1.156348E+1	1.363060E-1	2.401659E+3	-1.885609E+3	4.679398E+3	-2.892071E+3	7.099809E+3	-1.069768E+4	8.362877E+3	-1.719630E+4
2.384000E+1	-1.155489E+1	2.708472E+0	-1.155447E+1	1.363980E-1	2.401079E+3	-1.885029E+3	4.678239E+3	-2.892651E+3	7.099229E+3	-1.069827E+4	8.361138E+3	-1.719630E+4
2.385000E+1	-1.154626E+1	2.582099E+0	-1.154583E+1	1.364861E-1	2.400860E+3	-1.885061E+3	4.678051E+3	-2.892870E+3	7.099511E+3	-1.069824E+4	8.360981E+3	-1.719580E+4
2.386000E+1	-1.153741E+1	2.497091E+0	-1.153698E+1	1.365764E-1	2.400860E+3	-1.885464E+3	4.678454E+3	-2.892870E+3	7.100318E+3	-1.069783E+4	8.361788E+3	-1.719499E+4
2.387000E+1	-1.152851E+1	2.589120E+0	-1.152808E+1	1.366672E-1	2.400860E+3	-1.885867E+3	4.678857E+3	-2.892870E+3	7.101124E+3	-1.069741E+4	8.362594E+3	-1.719419E+4
2.388000E+1	-1.152030E+1	2.674229E+0	-1.151987E+1	1.367510E-1	2.400860E+3	-1.886270E+3	4.679260E+3	-2.892870E+3	7.101931E+3	-1.069700E+4	8.363401E+3	-1.719338E+4
2.389000E+1	-1.151103E+1	2.567372E+0	-1.151060E+1	1.368456E-1	2.400860E+3	-1.886640E+3	4.679650E+3	-2.892850E+3	7.102690E+3	-1.069658E+4	8.364219E+3	-1.719260E+4
2.390000E+1	-1.150102E+1	2.501942E+0	-1.150059E+1	1.369477E-1	2.400860E+3	-1.886061E+3	4.679650E+3	-2.892271E+3	7.102111E+3	-1.069602E+4	8.365379E+3	-1.719260E+4
2.391000E+1	-1.149052E+1	2.525179E+0	-1.149009E+1	1.370549E-1	2.400860E+3	-1.885481E+3	4.679650E+3	-2.891691E+3	7.101531E+3	-1.069545E+4	8.366538E+3	-1.719260E+4
2.392000E+1	-1.148015E+1	2.627762E+0	-1.147972E+1	1.371607E-1	2.400860E+3	-1.884901E+3	4.679650E+3	-2.891111E+3	7.100951E+3	-1.069489E+4	8.367697E+3	-1.719260E+4
2.393000E+1	-1.146975E+1	2.653972E+0	-1.146932E+1	1.372668E-1	2.400860E+3	-1.884159E+3	4.679976E+3	-2.891020E+3	7.100209E+3	-1.069577E+4	8.366578E+3	-1.719325E+4
2.394000E+1	-1.146052E+1	2.546632E+0	-1.146009E+1	1.373610E-1	2.400860E+3	-1.883386E+3	4.680362E+3	-2.891020E+3	7.099436E+3	-1.069692E+4	8.365032E+3	-1.719402E+4
2.395000E+1	-1.145050E+1	2.502048E+0	-1.145007E+1	1.374632E-1	2.400860E+3	-1.882613E+3	4.680748E+3	-2.891020E+3	7.098663E+3	-1.069807E+4	8.363486E+3	-1.719480E+4
2.396000E+1	-1.144037E+1	2.658297E+0	-1.143994E+1	1.375666E-1	2.400860E+3	-1.881840E+3	4.681135E+3	-2.891020E+3	7.097890E+3	-1.069921E+4	8.361940E+3	-1.719557E+4
2.397000E+1	-1.143104E+1	2.603950E+0	-1.143062E+1	1.376618E-1	2.400875E+3	-1.881125E+3	4.681485E+3	-2.891005E+3	7.097145E+3	-1.070029E+4	8.360495E+3	-1.719632E+4
2.398000E+1	-1.142210E+1	2.576660E+0	-1.142167E+1	1.377531E-1	2.401148E+3	-1.881398E+3	4.681212E+3	-2.890732E+3	7.096872E+3	-1.070002E+4	8.360768E+3	-1.719660E+4
2.399000E+1	-1.141285E+1	2.462929E+0	-1.141243E+1	1.378474E-1	2.401421E+3	-1.881671E+3	4.680939E+3	-2.890459E+3	7.096599E+3	-1.069975E+4	8.361041E+3	-1.719688E+4
2.400000E+1	-1.140267E+1	2.604025E+0	-1.140224E+1	1.379513E-1	2.401693E+3	-1.881943E+3	4.680667E+3	-2.890187E+3	7.096327E+3	-1.069949E+4	8.361313E+3	-1.719716E+4
2.401000E+1	-1.139278E+1	2.704368E+0	-1.139235E+1	1.380522E-1	2.401966E+3	-1.882216E+3	4.680394E+3	-2.889914E+3	7.096054E+3	-1.069922E+4	8.361586E+3	-1.719744E+4
2.402000E+1	-1.138215E+1	2.602710E+0	-1.138172E+1	1.381607E-1	2.402239E+3	-1.882489E+3	4.680121E+3	-2.889641E+3	7.095781E+3	-1.069896E+4	8.361859E+3	-1.719772E+4
2.403000E+1	-1.137153E+1	2.565813E+0	-1.137111E+1	1.382690E-1	2.402512E+3	-1.882762E+3	4.679848E+3	-2.889368E+3	7.095508E+3	-1.069869E+4	8.362132E+3	-1.719800E+4
2.404000E+1	-1.136203E+1	2.566522E+0	-1.136160E+1	1.383660E-1	2.402790E+3	-1.883121E+3	4.679650E+3	-2.889331E+3	7.095310E+3	-1.069842E+4	8.362169E+3	-1.719812E+4
2.405000E+1	-1.135244E+1	2.649101E+0	-1.135201E+1	1.384638E-1	2.403085E+3	-1.883710E+3	4.679650E+3	-2.889920E+3	7.095310E+3	-1.069811E+4	8.361580E+3	-1.719781E+4
2.406000E+1	-1.134325E+1	2.569905E+0	-1.134282E+1	1.385576E-1	2.403379E+3	-1.884299E+3	4.679650E+3	-2.890509E+3	7.095310E+3	-1.069781E+4	8.360991E+3	-1.719751E+4
2.407000E+1	-1.133374E+1	2.467779E+0	-1.133331E+1	1.386547E-1	2.403674E+3	-1.884888E+3	4.679650E+3	-2.891098E+3	7.095310E+3	-1.069751E+4	8.360402E+3	-1.719721E+4
2.408000E+1	-1.132300E+1	2.507444E+0	-1.132257E+1	1.387643E-1	2.403968E+3	-1.885476E+3	4.679650E+3	-2.891686E+3	7.095310E+3	-1.069721E+4	8.359814E+3	-1.719691E+4
2.409000E+1	-1.131178E+1	2.673279E+0	-1.131136E+1	1.388787E-1	2.404263E+3	-1.886065E+3	4.679650E+3	-2.892275E+3	7.095310E+3	-1.069691E+4	8.359225E+3	-1.719661E+4
2.410000E+1	-1.130203E+1	2.665371E+0	-1.130160E+1	1.389782E-1	2.404557E+3	-1.886654E+3	4.679650E+3	-2.892864E+3	7.095310E+3	-1.069660E+4	8.358636E+3	-1.719630E+4
2.411000E+1	-1.129218E+1	2.568480E+0	-1.129175E+1	1.390788E-1	2.402519E+3	-1.886660E+3	4.679650E+3	-2.894911E+3	7.095310E+3	-1.069765E+4	8.354549E+3	-1.719630E+4
2.412000E+1	-1.128261E+1	2.540681E+0	-1.128218E+1	1.391764E-1	2.400860E+3	-1.886886E+3	4.679650E+3	-2.896570E+3	7.095084E+3	-1.069827E+4	8.351456E+3	-1.719630E+4
2.413000E+1	-1.127259E+1	2.630903E+0	-1.127216E+1	1.392786E-1	2.400860E+3	-1.888045E+3	4.679650E+3	-2.896570E+3	7.093925E+3	-1.069708E+4	8.352615E+3	-1.719630E+4
2.414000E+1	-1.126274E+1	2.671937E+0	-1.126232E+1	1.393791E-1	2.401036E+3	-1.888334E+3	4.679474E+3	-2.896570E+3	7.093107E+3	-1.069678E+4	8.353080E+3	-1.719648E+4
2.415000E+1	-1.125330E+1	2.631620E+0	-1.125288E+1	1.394754E-1	2.401331E+3	-1.888039E+3	4.679179E+3	-2.896570E+3	7.092518E+3	-1.069708E+4	8.353080E+3	-1.719678E+4
2.416000E+1	-1.124329E+1	2.621103E+0	-1.124287E+1	1.395776E-1	2.401625E+3	-1.887745E+3	4.678885E+3	-2.896570E+3	7.091929E+3	-1.069739E+4	8.353080E+3	-1.719709E+4
2.417000E+1	-1.123348E+1	2.529700E+0	-1.123305E+1	1.396777E-1	2.401920E+3	-1.887450E+3	4.678590E+3	-2.896570E+3	7.091341E+3	-1.069769E+4	8.353080E+3	-1.719739E+4
2.418000E+1	-1.122395E+1	2.672324E+0	-1.122352E+1	1.397750E-1	2.402214E+3	-1.887156E+3	4.678296E+3	-2.896570E+3	7.090752E+3	-1.069799E+4	8.353080E+3	-1.719769E+4
2.419000E+1	-1.121524E+1	2.609313E+0	-1.121482E+1	1.398638E-1	2.402509E+3	-1.886861E+3	4.678001E+3	-2.896570E+3	7.090163E+3	-1.069829E+4	8.353080E+3	-1.719799E+4
2.420000E+1	-1.120724E+1	2.540502E+0	-1.120681E+1	1.399454E-1	2.402259E+3	-1.886209E+3	4.678251E+3	-2.896119E+3	7.089309E+3	-1.069940E+4	8.352178E+3	-1.719864E+4
2.421000E+1	-1.119810E+1	2.548511E+0	-1.119767E+1	1.400388E-1	2.400848E+3	-1.884816E+3	4.679644E+3	-2.894714E+3	7.087898E+3	-1.070219E+4	8.349380E+3	-1.720001E+4
2.422000E+1	-1.118845E+1	2.629605E+0	-1.118802E+1	1.401372E-1	2.400230E+3	-1.885125E+3	4.679335E+3	-2.894405E+3	7.087280E+3	-1.070157E+4	8.349380E+3	-1.720032E+4
2.423000E+1	-1.117795E+1	2.664742E+0	-1.117752E+1	1.402443E-1	2.399611E+3	-1.885434E+3	4.679026E+3	-2.894096E+3	7.086661E+3	-1.070095E+4	8.349380E+3	-1.720064E+4
2.424000E+1	-1.116755E+1	2.594517E+0	-1.116713E+1	1.403504E-1	2.398993E+3	-1.885744E+3	4.678716E+3	-2.893786E+3	7.086043E+3	-1.070033E+4	8.349380E+3	-1.720096E+4
2.425000E+1	-1.115782E+1	2.527276E+0	-1.115740E+1	1.404497E-1	2.398375E+3	-1.886053E+3	4.678407E+3	-2.893477E+3	7.085425E+3	-1.069971E+4	8.349380E+3	-1.720128E+4
2.426000E+1	-1.114909E+1	2.633266E+0	-1.114866E+1	1.405388E-1	2.397756E+3	-1.886362E+3	4.678098E+3	-2.893168E+3	7.084806E+3	-1.069910E+4	8.349380E+3	-1.720159E+4
2.427000E+1	-1.114043E+1	2.636472E+0	-1.114001E+1	1.406272E-1	2.397156E+3	-1.886656E+3	4.677796E+3	-2.892878E+3	7.084202E+3	-1.069850E+4	8.349363E+3	-1.720190E+4
2.428000E+1	-1.113074E+1	2.639984E+0	-1.113031E+1	1.407261E-1	2.397038E+3	-1.886538E+3	4.677678E+3	-2.893113E+3	7.083967E+3	-1.069850E+4	8.348894E+3	-1.720190E+4
2.429000E+1	-1.112015E+1	2.505067E+0	-1.111973E+1	1.408341E-1	2.396921E+3	-1.886421E+3	4.677561E+3	-2.893348E+3	7.083732E+3	-1.069850E+4	8.348424E+3	-1.720190E+4
2.430000E+1	-1.111031E+1	2.541096E+0	-1.110988E+1	1.409346E-1	2.396804E+3	-1.886304E+3	4.677444E+3	-2.893583E+3	7.083497E+3	-1.069850E+4	8.347955E+3	-1.720190E+4
2.431000E+1	-1.110141E+1	2.709237E+0	-1.110098E+1	1.410254E-1	2.396686E+3	-1.886186E+3	4.677326E+3	-2.893817E+3	7.083263E+3	-1.069850E+4	8.347485E+3	-1.720190E+4
2.432000E+1	-1.109129E+1	2.592973E+0	-1.109086E+1	1.411286E-1	2.396569E+3	-1.886069E+3	4.677209E+3	-2.894052E+3	7.083028E+3	-1.069850E+4	8.347016E+3	-1.720190E+4
2.433000E+1	-1.108271E+1	2.528441E+0	-1.108228E+1	1.412162E-1	2.396452E+3	-1.885952E+3	4.677092E+3	-2.894287E+3	7.082793E+3	-1.069850E+4	8.346546E+3	-1.720190E+4
2.434000E+1	-1.107371E+1	2.473101E+0	-1.107328E+1	1.413080E-1	2.396334E+3	-1.885834E+3	4.676974E+3	-2.894522E+3	7.082558E+3	-1.069850E+4	8.346077E+3	-1.720190E+4
2.435000E+1	-1.106435E+1	2.626957E+0	-1.106393E+1	1.414035E-1	2.396217E+3	-1.885717E+3	4.676857E+3	-2.894757E+3	7.082323E+3	-1.069850E+4	8.345607E+3	-1.720190E+4
2.436000E+1	-1.105475E+1	2.654167E+0	-1.105432E+1	1.415015E-1	2.396099E+3	-1.885599E+3	4.676739E+3	-2.894991E+3	7.082089E+3	-1.069850E+4	8.345137E+3	-1.720190E+4
2.437000E+1	-1.104631E+1	2.533533E+0	-1.104588E+1	1.415876E-1	2.395982E+3	-1.885482E+3	4.676622E+3	-2.895226E+3	7.081854E+3	-1.069850E+4	8.344668E+3	-1.720190E+4
2.438000E+1	-1.103622E+1	2.530258E+0	-1.103579E+1	1.416906E-1	2.395865E+3	-1.885365E+3	4.676505E+3	-2.895461E+3	7.081619E+3	-1.069850E+4	8.344198E+3	-1.720190E+4
2.439000E+1	-1.102633E+1	2.701678E+0	-1.102590E+1	1.417915E-1	2.395747E+3	-1.885247E+3	4.676387E+3	-2.895696E+3	7.081384E+3	-1.069850E+4	8.343729E+3	-1.720190E+4
2.440000E+1	-1.101693E+1	2.643938E+0	-1.101650E+1	1.418874E-1	2.395630E+3	-1.885130E+3	4.676270E+3	-2.895930E+3	7.081150E+3	-1.069850E+4	8.343259E+3	-1.720190E+4
2.441000E+1	-1.100845E+1	2.611084E+0	-1.100802E+1	1.419740E-1	2.395512E+3	-1.885012E+3	4.676152E+3	-2.896165E+3	7.080915E+3	-1.069850E+4	8.342790E+3	-1.720190E+4
2.442000E+1	-1.099958E+1	2.506946E+0	-1.099915E+1	1.420645E-1	2.395395E+3	-1.884895E+3	4.676035E+3	-2.896400E+3	7.080680E+3	-1.069850E+4	8.342320E+3	-1.720190E+4
2.443000E+1	-1.098921E+1	2.602349E+0	-1.098878E+1	1.421703E-1	2.397880E+3	-1.887380E+3	4.677235E+3	-2.897855E+3	7.081795E+3	-1.069850E+4	8.339410E+3	-1.720058E+4
2.444000E+1	-1.097853E+1	2.712526E+0	-1.097811E+1	1.422792E-1	2.399010E+3	-1.885338E+3	4.677800E+3	-2.896129E+3	7.081919E+3	-1.069893E+4	8.343389E+3	-1.720045E+4
2.445000E+1	-1.096745E+1	2.607531E+0	-1.096702E+1	1.423923E-1	2.399010E+3	-1.883834E+3	4.677800E+3	-2.895628E+3	7.081418E+3	-1.069942E+4	8.342888E+3	-1.720097E+4
2.446000E+1	-1.095578E+1	2.565971E+0	-1.095536E+1	1.425114E-1	2.399010E+3	-1.882330E+3	4.677800E+3	-2.895127E+3	7.080917E+3	-1.069990E+4	8.342387E+3	-1.720148E+4
2.447000E+1	-1.094486E+1	2.595696E+0	-1.094444E+1	1.426228E-1	2.399010E+3	-1.881231E+3	4.677800E+3	-2.894599E+3	7.080389E+3	-1.070006E+4	8.342101E+3	-1.720202E+4
2.448000E+1	-1.093554E+1	2.705661E+0	-1.093511E+1	1.427179E-1	2.399010E+3	-1.881870E+3	4.677800E+3	-2.893960E+3	7.079750E+3	-1.069878E+4	8.342740E+3	-1.720264E+4
2.449000E+1	-1.092661E+1	2.622834E+0	-1.092618E+1	1.428091E-1	2.399010E+3	-1.882510E+3	4.677800E+3	-2.893320E+3	7.079110E+3	-1.069750E+4	8.343380E+3	-1.720326E+4
2.450000E+1	-1.091757E+1	2.521334E+0	-1.091714E+1	1.429013E-1	2.399122E+3	-1.883072E+3	4.677800E+3	-2.892982E+3	7.078884E+3	-1.069660E+4	8.343606E+3	-1.720337E+4
2.451000E+1	-1.090860E+1	2.575751E+0	-1.090817E+1	1.429929E-1	2.399501E+3	-1.883451E+3	4.677800E+3	-2.893361E+3	7.079642E+3	-1.069660E+4	8.342848E+3	-1.720224E+4
2.452000E+1	-1.089933E+1	2.661842E+0	-1.089891E+1	1.430874E-1	2.399879E+3	-1.883829E+3	4.677800E+3	-2.893739E+3	7.080399E+3	-1.069660E+4	8.342091E+3	-1.720112E+4
2.453000E+1	-1.089009E+1	2.677717E+0	-1.088966E+1	1.431817E-1	2.400258E+3	-1.884208E+3	4.677800E+3	-2.894118E+3	7.081156E+3	-1.069660E+4	8.341334E+3	-1.719999E+4
2.454000E+1	-1.088073E+1	2.563966E+0	-1.088030E+1	1.432772E-1	2.400636E+3	-1.884586E+3	4.677800E+3	-2.894496E+3	7.081913E+3	-1.069660E+4	8.340577E+3	-1.719886E+4
2.455000E+1	-1.086984E+1	2.589589E+0	-1.086942E+1	1.433883E-1	2.400860E+3	-1.885300E+3	4.677555E+3	-2.894965E+3	7.082360E+3	-1.069660E+4	8.339885E+3	-1.719820E+4
2.456000E+1	-1.085884E+1	2.665789E+0	-1.085841E+1	1.435006E-1	2.400860E+3	-1.886497E+3	4.676957E+3	-2.895563E+3	7.082360E+3	-1.069660E+4	8.339287E+3	-1.719820E+4
2.457000E+1	-1.084825E+1	2.686519E+0	-1.084782E+1	1.436086E-1	2.400860E+3	-1.887693E+3	4.676358E+3	-2.896162E+3	7.082360E+3	-1.069660E+4	8.338688E+3	-1.719820E+4
2.458000E+1	-1.083876E+1	2.605754E+0	-1.083833E+1	1.437055E-1	2.400755E+3	-1.888510E+3	4.675950E+3	-2.896570E+3	7.082150E+3	-1.069650E+4	8.338385E+3	-1.719830E+4
2.459000E+1	-1.082882E+1	2.544282E+0	-1.082840E+1	1.438068E-1	2.400424E+3	-1.888510E+3	4.675950E+3	-2.896570E+3	7.081487E+3	-1.069618E+4	8.338716E+3	-1.719862E+4
2.460000E+1	-1.081848E+1	2.605979E+0	-1.081805E+1	1.439124E-1	2.400092E+3	-1.888510E+3	4.675950E+3	-2.896570E+3	7.080825E+3	-1.069585E+4	8.339048E+3	-1.719895E+4
2.461000E+1	-1.080767E+1	2.743026E+0	-1.080724E+1	1.440227E-1	2.399761E+3	-1.888510E+3	4.675950E+3	-2.896570E+3	7.080162E+3	-1.069553E+4	8.339379E+3	-1.719927E+4
2.462000E+1	-1.079738E+1	2.602225E+0	-1.079696E+1	1.441277E-1	2.399430E+3	-1.888510E+3	4.675950E+3	-2.896570E+3	7.079500E+3	-1.069521E+4	8.339710E+3	-1.719959E+4
2.463000E+1	-1.078725E+1	2.566054E+0	-1.078683E+1	1.442310E-1	2.399099E+3	-1.888510E+3	4.675950E+3	-2.896570E+3	7.078837E+3	-1.069489E+4	8.340041E+3	-1.719991E+4
2.464000E+1	-1.077763E+1	2.528339E+0	-1.077720E+1	1.443292E-1	2.399010E+3	-1.887847E+3	4.676281E+3	-2.896239E+3	7.078329E+3	-1.069546E+4	8.339799E+3	-1.720034E+4
2.465000E+1	-1.076802E+1	2.643762E+0	-1.076759E+1	1.444273E-1	2.399010E+3	-1.886942E+3	4.676734E+3	-2.895786E+3	7.077876E+3	-1.069637E+4	8.339346E+3	-1.720081E+4
2.466000E+1	-1.075860E+1	2.641347E+0	-1.075817E+1	1.445234E-1	2.399010E+3	-1.886037E+3	4.677186E+3	-2.895334E+3	7.077424E+3	-1.069727E+4	8.338894E+3	-1.720127E+4
2.467000E+1	-1.074845E+1	2.518289E+0	-1.074802E+1	1.446270E-1	2.399010E+3	-1.885133E+3	4.677639E+3	-2.894881E+3	7.076971E+3	-1.069818E+4	8.338441E+3	-1.720173E+4
2.468000E+1	-1.073760E+1	2.523552E+0	-1.073717E+1	1.447377E-1	2.399010E+3	-1.884425E+3	4.677993E+3	-2.894527E+3	7.076617E+3	-1.069869E+4	8.337895E+3	-1.720209E+4
2.469000E+1	-1.072688E+1	2.640363E+0	-1.072645E+1	1.448471E-1	2.399010E+3	-1.883827E+3	4.678292E+3	-2.894228E+3	7.076318E+3	-1.069898E+4	8.337297E+3	-1.720238E+4
2.470000E+1	-1.071698E+1	2.689743E+0	-1.071656E+1	1.449481E-1	2.399010E+3	-1.883228E+3	4.678591E+3	-2.893929E+3	7.076019E+3	-1.069927E+4	8.336698E+3	-1.720267E+4
2.471000E+1	-1.070731E+1	2.607249E+0	-1.070688E+1	1.450468E-1	2.399010E+3	-1.882630E+3	4.678890E+3	-2.893630E+3	7.075720E+3	-1.069956E+4	8.336100E+3	-1.720296E+4
2.472000E+1	-1.069859E+1	2.534270E+0	-1.069816E+1	1.451358E-1	2.399010E+3	-1.882031E+3	4.679189E+3	-2.893331E+3	7.075421E+3	-1.069985E+4	8.335501E+3	-1.720325E+4
2.473000E+1	-1.068980E+1	2.585055E+0	-1.068937E+1	1.452255E-1	2.399010E+3	-1.881433E+3	4.679488E+3	-2.893032E+3	7.075122E+3	-1.070014E+4	8.334903E+3	-1.720354E+4
2.474000E+1	-1.068026E+1	2.671705E+0	-1.067983E+1	1.453228E-1	2.399294E+3	-1.881679E+3	4.679366E+3	-2.892870E+3	7.075244E+3	-1.069945E+4	8.335149E+3	-1.720370E+4
2.475000E+1	-1.067009E+1	2.619286E+0	-1.066966E+1	1.454266E-1	2.399913E+3	-1.882916E+3	4.678747E+3	-2.892870E+3	7.075863E+3	-1.069762E+4	8.336386E+3	-1.720370E+4
2.476000E+1	-1.066006E+1	2.501377E+0	-1.065963E+1	1.455289E-1	2.400531E+3	-1.884152E+3	4.678129E+3	-2.892870E+3	7.076481E+3	-1.069578E+4	8.337622E+3	-1.720370E+4
2.477000E+1	-1.064854E+1	2.526393E+0	-1.064811E+1	1.456465E-1	2.400538E+3	-1.884810E+3	4.677157E+3	-2.893513E+3	7.076488E+3	-1.069480E+4	8.336993E+3	-1.720306E+4
2.478000E+1	-1.063725E+1	2.826814E+0	-1.063683E+1	1.457616E-1	2.399851E+3	-1.884810E+3	4.675783E+3	-2.894887E+3	7.075801E+3	-1.069480E+4	8.334245E+3	-1.720168E+4
2.479000E+1	-1.062631E+1	2.690074E+0	-1.062588E+1	1.458733E-1	2.399164E+3	-1.884810E+3	4.674409E+3	-2.896261E+3	7.075114E+3	-1.069480E+4	8.331497E+3	-1.720031E+4
2.480000E+1	-1.061550E+1	2.616790E+0	-1.061507E+1	1.459836E-1	2.398958E+3	-1.884810E+3	4.674152E+3	-2.896622E+3	7.074960E+3	-1.069480E+4	8.330828E+3	-1.720005E+4
2.481000E+1	-1.060360E+1	2.632417E+0	-1.060318E+1	1.461050E-1	2.398891E+3	-1.884810E+3	4.674219E+3	-2.896689E+3	7.074960E+3	-1.069480E+4	8.330761E+3	-1.720012E+4
2.482000E+1	-1.059354E+1	2.666801E+0	-1.059311E+1	1.462077E-1	2.398824E+3	-1.884810E+3	4.674286E+3	-2.896756E+3	7.074960E+3	-1.069480E+4	8.330694E+3	-1.720019E+4
2.483000E+1	-1.058485E+1	2.671114E+0	-1.058442E+1	1.462964E-1	2.398757E+3	-1.884810E+3	4.674353E+3	-2.896823E+3	7.074960E+3	-1.069480E+4	8.330627E+3	-1.720026E+4
2.484000E+1	-1.057761E+1	2.611347E+0	-1.057718E+1	1.463702E-1	2.398690E+3	-1.884810E+3	4.674420E+3	-2.896890E+3	7.074960E+3	-1.069480E+4	8.330560E+3	-1.720033E+4
2.485000E+1	-1.056978E+1	2.538528E+0	-1.056935E+1	1.464502E-1	2.398623E+3	-1.884810E+3	4.674487E+3	-2.896957E+3	7.074960E+3	-1.069480E+4	8.330493E+3	-1.720040E+4
2.486000E+1	-1.056067E+1	2.635604E+0	-1.056024E+1	1.465431E-1	2.398556E+3	-1.884810E+3	4.674554E+3	-2.897024E+3	7.074960E+3	-1.069480E+4	8.330426E+3	-1.720047E+4
2.487000E+1	-1.054987E+1	2.681609E+0	-1.054944E+1	1.466533E-1	2.398489E+3	-1.884810E+3	4.674621E+3	-2.897091E+3	7.074960E+3	-1.069480E+4	8.330359E+3	-1.720053E+4
2.488000E+1	-1.053949E+1	2.639828E+0	-1.053906E+1	1.467593E-1	2.398422E+3	-1.884810E+3	4.674688E+3	-2.897158E+3	7.074960E+3	-1.069480E+4	8.330292E+3	-1.720060E+4
2.489000E+1	-1.052952E+1	2.510321E+0	-1.052910E+1	1.468609E-1	2.398355E+3	-1.884810E+3	4.674755E+3	-2.897225E+3	7.074960E+3	-1.069480E+4	8.330225E+3	-1.720067E+4
2.490000E+1	-1.051939E+1	2.599743E+0	-1.051896E+1	1.469643E-1	2.398288E+3	-1.884810E+3	4.674822E+3	-2.897292E+3	7.074960E+3	-1.069480E+4	8.330158E+3	-1.720074E+4
2.491000E+1	-1.050941E+1	2.752173E+0	-1.050898E+1	1.470662E-1	2.398221E+3	-1.884810E+3	4.674889E+3	-2.897359E+3	7.074960E+3	-1.069480E+4	8.330091E+3	-1.720081E+4
2.492000E+1	-1.049945E+1	2.647394E+0	-1.049902E+1	1.471678E-1	2.398154E+3	-1.884810E+3	4.674956E+3	-2.897426E+3	7.074960E+3	-1.069480E+4	8.330024E+3	-1.720088E+4
2.493000E+1	-1.048941E+1	2.604726E+0	-1.048898E+1	1.472703E-1	2.398088E+3	-1.884810E+3	4.675022E+3	-2.897492E+3	7.074960E+3	-1.069480E+4	8.329958E+3	-1.720095E+4
2.494000E+1	-1.047954E+1	2.585901E+0	-1.047912E+1	1.473709E-1	2.398021E+3	-1.884810E+3	4.675089E+3	-2.897559E+3	7.074960E+3	-1.069480E+4	8.329891E+3	-1.720102E+4
2.495000E+1	-1.046998E+1	2.724580E+0	-1.046955E+1	1.474686E-1	2.397954E+3	-1.884810E+3	4.675156E+3	-2.897626E+3	7.074960E+3	-1.069480E+4	8.329824E+3	-1.720108E+4
2.496000E+1	-1.046031E+1	2.726688E+0	-1.045989E+1	1.475672E-1	2.397887E+3	-1.884810E+3	4.675223E+3	-2.897693E+3	7.074960E+3	-1.069480E+4	8.329757E+3	-1.720115E+4
2.497000E+1	-1.045030E+1	2.600922E+0	-1.044987E+1	1.476694E-1	2.397820E+3	-1.884810E+3	4.675290E+3	-2.897760E+3	7.074960E+3	-1.069480E+4	8.329690E+3	-1.720122E+4
2.498000E+1	-1.044080E+1	2.548491E+0	-1.044037E+1	1.477663E-1	2.397753E+3	-1.884810E+3	4.675357E+3	-2.897827E+3	7.074960E+3	-1.069480E+4	8.329623E+3	-1.720129E+4
2.499000E+1	-1.043190E+1	2.692962E+0	-1.043148E+1	1.478571E-1	2.397686E+3	-1.884810E+3	4.675424E+3	-2.897894E+3	7.074960E+3	-1.069480E+4	8.329556E+3	-1.720136E+4
2.500000E+1	-1.042243E+1	2.772262E+0	-1.042200E+1	1.479538E-1	2.397619E+3	-1.884810E+3	4.675491E+3	-2.897961E+3	7.074960E+3	-1.069480E+4	8.329489E+3	-1.720143E+4
2.501000E+1	-1.041281E+1	2.658209E+0	-1.041238E+1	1.480519E-1	2.397552E+3	-1.884810E+3	4.675558E+3	-2.898028E+3	7.074960E+3	-1.069480E+4	8.329422E+3	-1.720150E+4
2.502000E+1	-1.040286E+1	2.520503E+0	-1.040243E+1	1.481534E-1	2.397485E+3	-1.884810E+3	4.675625E+3	-2.898095E+3	7.074960E+3	-1.069480E+4	8.329355E+3	-1.720157E+4
2.503000E+1	-1.039287E+1	2.632237E+0	-1.039244E+1	1.482554E-1	2.397418E+3	-1.884810E+3	4.675692E+3	-2.898162E+3	7.074960E+3	-1.069480E+4	8.329288E+3	-1.720164E+4
2.504000E+1	-1.038220E+1	2.692434E+0	-1.038178E+1	1.483642E-1	2.397351E+3	-1.884810E+3	4.675759E+3	-2.898229E+3	7.074960E+3	-1.069480E+4	8.329221E+3	-1.720170E+4
2.505000E+1	-1.037132E+1	2.615875E+0	-1.037089E+1	1.484753E-1	2.397284E+3	-1.884810E+3	4.675826E+3	-2.898296E+3	7.074960E+3	-1.069480E+4	8.329154E+3	-1.720177E+4
2.506000E+1	-1.036064E+1	2.597388E+0	-1.036021E+1	1.485843E-1	2.397217E+3	-1.884810E+3	4.675893E+3	-2.898363E+3	7.074960E+3	-1.069480E+4	8.329087E+3	-1.720184E+4
2.507000E+1	-1.035043E+1	2.571355E+0	-1.035001E+1	1.486884E-1	2.399125E+3	-1.886660E+3	4.677800E+3	-2.898420E+3	7.067675E+3	-1.069480E+4	8.321515E+3	-1.720190E+4
2.508000E+1	-1.034069E+1	2.791590E+0	-1.034026E+1	1.487878E-1	2.400860E+3	-1.886660E+3	4.677800E+3	-2.898319E+3	7.069309E+3	-1.069470E+4	8.320186E+3	-1.720190E+4
2.509000E+1	-1.033118E+1	2.769471E+0	-1.033075E+1	1.488849E-1	2.400860E+3	-1.886660E+3	4.677800E+3	-2.897915E+3	7.068905E+3	-1.069428E+4	8.321799E+3	-1.720190E+4
2.510000E+1	-1.032041E+1	2.582854E+0	-1.031999E+1	1.489947E-1	2.400860E+3	-1.886660E+3	4.677800E+3	-2.897512E+3	7.068502E+3	-1.069387E+4	8.323412E+3	-1.720190E+4
2.511000E+1	-1.030949E+1	2.567748E+0	-1.030906E+1	1.491062E-1	2.400860E+3	-1.886660E+3	4.677800E+3	-2.897109E+3	7.068099E+3	-1.069345E+4	8.325025E+3	-1.720190E+4
2.512000E+1	-1.029806E+1	2.695824E+0	-1.029763E+1	1.492228E-1	2.400860E+3	-1.886660E+3	4.677800E+3	-2.896706E+3	7.067696E+3	-1.069304E+4	8.326638E+3	-1.720190E+4
2.513000E+1	-1.028652E+1	2.734840E+0	-1.028610E+1	1.493405E-1	2.400450E+3	-1.885429E+3	4.677390E+3	-2.895749E+3	7.067150E+3	-1.069414E+4	8.326359E+3	-1.720230E+4
2.514000E+1	-1.027538E+1	2.537630E+0	-1.027495E+1	1.494543E-1	2.399831E+3	-1.883574E+3	4.676771E+3	-2.894512E+3	7.066531E+3	-1.069601E+4	8.325122E+3	-1.720290E+4
2.515000E+1	-1.026530E+1	2.552313E+0	-1.026487E+1	1.495571E-1	2.399213E+3	-1.881719E+3	4.676153E+3	-2.893276E+3	7.065913E+3	-1.069789E+4	8.323886E+3	-1.720350E+4
2.516000E+1	-1.025547E+1	2.657584E+0	-1.025505E+1	1.496574E-1	2.399010E+3	-1.881110E+3	4.675950E+3	-2.893130E+3	7.065710E+3	-1.069823E+4	8.323480E+3	-1.720370E+4
2.517000E+1	-1.024569E+1	2.715642E+0	-1.024527E+1	1.497572E-1	2.399010E+3	-1.881110E+3	4.675950E+3	-2.893516E+3	7.065710E+3	-1.069784E+4	8.323480E+3	-1.720370E+4
2.518000E+1	-1.023749E+1	2.625818E+0	-1.023707E+1	1.498408E-1	2.399010E+3	-1.881110E+3	4.675950E+3	-2.893903E+3	7.065710E+3	-1.069744E+4	8.323480E+3	-1.720370E+4
2.519000E+1	-1.022841E+1	2.571989E+0	-1.022798E+1	1.499336E-1	2.399010E+3	-1.881110E+3	4.675950E+3	-2.894289E+3	7.065710E+3	-1.069704E+4	8.323480E+3	-1.720370E+4
2.520000E+1	-1.021906E+1	2.640369E+0	-1.021864E+1	1.500289E-1	2.399010E+3	-1.881110E+3	4.675950E+3	-2.894675E+3	7.065710E+3	-1.069665E+4	8.323480E+3	-1.720370E+4
2.521000E+1	-1.021001E+1	2.820665E+0	-1.020958E+1	1.501213E-1	2.399010E+3	-1.881891E+3	4.675950E+3	-2.895241E+3	7.064929E+3	-1.069635E+4	8.322699E+3	-1.720397E+4
2.522000E+1	-1.020047E+1	2.691236E+0	-1.020005E+1	1.502186E-1	2.399010E+3	-1.882775E+3	4.675950E+3	-2.895830E+3	7.064045E+3	-1.069606E+4	8.321815E+3	-1.720427E+4
2.523000E+1	-1.019097E+1	2.633730E+0	-1.019054E+1	1.503156E-1	2.399010E+3	-1.883658E+3	4.675950E+3	-2.896419E+3	7.063162E+3	-1.069577E+4	8.320932E+3	-1.720457E+4
2.524000E+1	-1.018038E+1	2.575874E+0	-1.017995E+1	1.504236E-1	2.399010E+3	-1.884541E+3	4.675950E+3	-2.897008E+3	7.062279E+3	-1.069549E+4	8.320049E+3	-1.720487E+4
2.525000E+1	-1.017033E+1	2.682015E+0	-1.016990E+1	1.505262E-1	2.399010E+3	-1.885425E+3	4.675950E+3	-2.897596E+3	7.061395E+3	-1.069520E+4	8.319165E+3	-1.720518E+4
2.526000E+1	-1.016015E+1	2.726422E+0	-1.015972E+1	1.506301E-1	2.399010E+3	-1.886308E+3	4.675950E+3	-2.898185E+3	7.060512E+3	-1.069491E+4	8.318282E+3	-1.720548E+4
2.527000E+1	-1.014958E+1	2.671082E+0	-1.014916E+1	1.507379E-1	2.399304E+3	-1.886073E+3	4.675950E+3	-2.898714E+3	7.060454E+3	-1.069450E+4	8.317344E+3	-1.720530E+4
2.528000E+1	-1.014007E+1	2.608125E+0	-1.013964E+1	1.508350E-1	2.399792E+3	-1.885096E+3	4.675950E+3	-2.899202E+3	7.060942E+3	-1.069400E+4	8.316371E+3	-1.720480E+4
2.529000E+1	-1.013056E+1	2.629645E+0	-1.013013E+1	1.509320E-1	2.400280E+3	-1.884120E+3	4.675950E+3	-2.899690E+3	7.061430E+3	-1.069350E+4	8.315397E+3	-1.720430E+4
2.530000E+1	-1.012096E+1	2.721719E+0	-1.012053E+1	1.510300E-1	2.400768E+3	-1.883144E+3	4.675950E+3	-2.900178E+3	7.061918E+3	-1.069299E+4	8.314423E+3	-1.720379E+4
2.531000E+1	-1.011214E+1	2.703950E+0	-1.011171E+1	1.511200E-1	2.400655E+3	-1.882960E+3	4.675848E+3	-2.900168E+3	7.061805E+3	-1.069290E+4	8.314138E+3	-1.720381E+4
2.532000E+1	-1.010368E+1	2.560098E+0	-1.010325E+1	1.512063E-1	2.400403E+3	-1.882960E+3	4.675721E+3	-2.900041E+3	7.061553E+3	-1.069290E+4	8.314011E+3	-1.720393E+4
2.533000E+1	-1.009471E+1	2.640924E+0	-1.009428E+1	1.512979E-1	2.400150E+3	-1.882960E+3	4.675595E+3	-2.899915E+3	7.061300E+3	-1.069290E+4	8.313885E+3	-1.720406E+4
2.534000E+1	-1.008591E+1	2.769433E+0	-1.008548E+1	1.513876E-1	2.399898E+3	-1.882960E+3	4.675469E+3	-2.899789E+3	7.061048E+3	-1.069290E+4	8.313759E+3	-1.720419E+4
2.535000E+1	-1.007682E+1	2.702195E+0	-1.007639E+1	1.514804E-1	2.399646E+3	-1.882960E+3	4.675343E+3	-2.899663E+3	7.060796E+3	-1.069290E+4	8.313633E+3	-1.720432E+4
2.536000E+1	-1.006822E+1	2.611405E+0	-1.006779E+1	1.515681E-1	2.399393E+3	-1.882960E+3	4.675217E+3	-2.899537E+3	7.060543E+3	-1.069290E+4	8.313507E+3	-1.720445E+4
2.537000E+1	-1.005952E+1	2.550334E+0	-1.005910E+1	1.516569E-1	2.399141E+3	-1.882960E+3	4.675090E+3	-2.899410E+3	7.060291E+3	-1.069290E+4	8.313380E+3	-1.720458E+4
2.538000E+1	-1.005072E+1	2.766167E+0	-1.005030E+1	1.517467E-1	2.398889E+3	-1.882960E+3	4.674964E+3	-2.899284E+3	7.060039E+3	-1.069290E+4	8.313254E+3	-1.720471E+4
2.539000E+1	-1.004093E+1	2.711941E+0	-1.004050E+1	1.518466E-1	2.398636E+3	-1.882960E+3	4.674838E+3	-2.899158E+3	7.059786E+3	-1.069290E+4	8.313128E+3	-1.720484E+4
2.540000E+1	-1.003098E+1	2.659447E+0	-1.003055E+1	1.519482E-1	2.398384E+3	-1.882960E+3	4.674712E+3	-2.899032E+3	7.059534E+3	-1.069290E+4	8.313002E+3	-1.720497E+4
2.541000E+1	-1.002046E+1	2.588779E+0	-1.002003E+1	1.520555E-1	2.398131E+3	-1.882960E+3	4.674586E+3	-2.898906E+3	7.059281E+3	-1.069290E+4	8.312876E+3	-1.720510E+4
2.542000E+1	-1.000985E+1	2.641251E+0	-1.000942E+1	1.521637E-1	2.397879E+3	-1.882960E+3	4.674460E+3	-2.898780E+3	7.059029E+3	-1.069290E+4	8.312750E+3	-1.720523E+4
2.543000E+1	-1.000081E+1	2.701498E+0	-1.000038E+1	1.522560E-1	2.397627E+3	-1.882960E+3	4.674333E+3	-2.898653E+3	7.058777E+3	-1.069290E+4	8.312623E+3	-1.720536E+4
2.544000E+1	-9.991537E+0	2.648668E+0	-9.991109E+0	1.523506E-1	2.397374E+3	-1.882960E+3	4.674207E+3	-2.898527E+3	7.058524E+3	-1.069290E+4	8.312497E+3	-1.720549E+4
2.545000E+1	-9.981538E+0	2.582400E+0	-9.981110E+0	1.524526E-1	2.395310E+3	-1.882967E+3	4.675943E+3	-2.896584E+3	7.050913E+3	-1.069479E+4	8.310519E+3	-1.720930E+4
2.546000E+1	-9.971355E+0	2.642050E+0	-9.970927E+0	1.525565E-1	2.395310E+3	-1.883104E+3	4.675806E+3	-2.896859E+3	7.050776E+3	-1.069465E+4	8.310107E+3	-1.720930E+4
2.547000E+1	-9.960238E+0	2.702060E+0	-9.959810E+0	1.526700E-1	2.395310E+3	-1.883242E+3	4.675668E+3	-2.897134E+3	7.050638E+3	-1.069451E+4	8.309695E+3	-1.720930E+4
2.548000E+1	-9.949585E+0	2.711848E+0	-9.949157E+0	1.527787E-1	2.395310E+3	-1.883379E+3	4.675531E+3	-2.897408E+3	7.050501E+3	-1.069437E+4	8.309282E+3	-1.720930E+4
2.549000E+1	-9.938617E+0	2.606052E+0	-9.938189E+0	1.528906E-1	2.395310E+3	-1.883517E+3	4.675393E+3	-2.897683E+3	7.050363E+3	-1.069423E+4	8.308870E+3	-1.720930E+4
2.550000E+1	-9.927210E+0	2.663000E+0	-9.926782E+0	1.530070E-1	2.395310E+3	-1.883654E+3	4.675256E+3	-2.897958E+3	7.050226E+3	-1.069409E+4	8.308458E+3	-1.720930E+4
2.551000E+1	-9.916621E+0	2.743641E+0	-9.916192E+0	1.531151E-1	2.395310E+3	-1.883791E+3	4.675119E+3	-2.898233E+3	7.050089E+3	-1.069395E+4	8.308046E+3	-1.720930E+4
2.552000E+1	-9.905108E+0	2.645592E+0	-9.904680E+0	1.532325E-1	2.395310E+3	-1.883929E+3	4.674981E+3	-2.898508E+3	7.049951E+3	-1.069380E+4	8.307633E+3	-1.720930E+4
2.553000E+1	-9.894614E+0	2.621303E+0	-9.894186E+0	1.533396E-1	2.395310E+3	-1.884066E+3	4.674844E+3	-2.898782E+3	7.049814E+3	-1.069366E+4	8.307221E+3	-1.720930E+4
2.554000E+1	-9.884432E+0	2.575549E+0	-9.884004E+0	1.534435E-1	2.395310E+3	-1.884204E+3	4.674706E+3	-2.899057E+3	7.049676E+3	-1.069352E+4	8.306809E+3	-1.720930E+4
2.555000E+1	-9.874380E+0	2.735049E+0	-9.873952E+0	1.535461E-1	2.395310E+3	-1.884341E+3	4.674569E+3	-2.899332E+3	7.049539E+3	-1.069338E+4	8.306397E+3	-1.720930E+4
2.556000E+1	-9.864964E+0	2.745658E+0	-9.864536E+0	1.536422E-1	2.395310E+3	-1.884478E+3	4.674432E+3	-2.899607E+3	7.049402E+3	-1.069324E+4	8.305985E+3	-1.720930E+4
2.557000E+1	-9.855555E+0	2.584280E+0	-9.855127E+0	1.537382E-1	2.395310E+3	-1.884616E+3	4.674294E+3	-2.899882E+3	7.049264E+3	-1.069310E+4	8.305572E+3	-1.720930E+4
2.558000E+1	-9.845795E+0	2.605439E+0	-9.845367E+0	1.538378E-1	2.395310E+3	-1.884753E+3	4.674157E+3	-2.900157E+3	7.049127E+3	-1.069296E+4	8.305160E+3	-1.720930E+4
2.559000E+1	-9.836636E+0	2.662874E+0	-9.836208E+0	1.539312E-1	2.394892E+3	-1.884810E+3	4.673682E+3	-2.901107E+3	7.048652E+3	-1.069374E+4	8.303317E+3	-1.720930E+4
2.560000E+1	-9.827360E+0	2.805905E+0	-9.826932E+0	1.540259E-1	2.394179E+3	-1.884810E+3	4.672969E+3	-2.902531E+3	7.047939E+3	-1.069516E+4	8.300467E+3	-1.720930E+4
2.561000E+1	-9.817548E+0	2.680840E+0	-9.817120E+0	1.541260E-1	2.393467E+3	-1.884810E+3	4.672257E+3	-2.903956E+3	7.047227E+3	-1.069659E+4	8.297618E+3	-1.720930E+4
2.562000E+1	-9.807610E+0	2.570388E+0	-9.807182E+0	1.542274E-1	2.395701E+3	-1.880719E+3	4.672641E+3	-2.903579E+3	7.046829E+3	-1.069148E+4	8.303922E+3	-1.720740E+4
2.563000E+1	-9.798004E+0	2.626903E+0	-9.797576E+0	1.543254E-1	2.396096E+3	-1.880324E+3	4.673036E+3	-2.903184E+3	7.046434E+3	-1.069186E+4	8.304712E+3	-1.720740E+4
2.564000E+1	-9.787729E+0	2.775424E+0	-9.787301E+0	1.544303E-1	2.396491E+3	-1.879929E+3	4.673431E+3	-2.902789E+3	7.046039E+3	-1.069225E+4	8.305502E+3	-1.720740E+4
2.565000E+1	-9.777813E+0	2.643970E+0	-9.777385E+0	1.545315E-1	2.396886E+3	-1.879534E+3	4.673826E+3	-2.902394E+3	7.045644E+3	-1.069263E+4	8.306292E+3	-1.720740E+4
2.566000E+1	-9.767491E+0	2.638232E+0	-9.767063E+0	1.546368E-1	2.395192E+3	-1.881110E+3	4.673982E+3	-2.898420E+3	7.043402E+3	-1.069636E+4	8.301290E+3	-1.721122E+4
2.567000E+1	-9.756988E+0	2.595073E+0	-9.756560E+0	1.547440E-1	2.394805E+3	-1.881110E+3	4.673595E+3	-2.898420E+3	7.043015E+3	-1.069559E+4	8.301290E+3	-1.721162E+4
2.568000E+1	-9.745599E+0	2.733469E+0	-9.745171E+0	1.548602E-1	2.394419E+3	-1.881110E+3	4.673209E+3	-2.898420E+3	7.042629E+3	-1.069482E+4	8.301290E+3	-1.721202E+4
2.569000E+1	-9.735107E+0	2.669504E+0	-9.734679E+0	1.549672E-1	2.394032E+3	-1.881110E+3	4.672822E+3	-2.898420E+3	7.042242E+3	-1.069404E+4	8.301290E+3	-1.721241E+4
2.570000E+1	-9.725822E+0	2.652905E+0	-9.725394E+0	1.550620E-1	2.393646E+3	-1.881110E+3	4.672436E+3	-2.898420E+3	7.041856E+3	-1.069327E+4	8.301290E+3	-1.721281E+4
2.571000E+1	-9.716727E+0	2.621526E+0	-9.716299E+0	1.551548E-1	2.393845E+3	-1.881495E+3	4.672250E+3	-2.899191E+3	7.041670E+3	-1.069290E+4	8.300519E+3	-1.721260E+4
2.572000E+1	-9.707883E+0	2.599651E+0	-9.707455E+0	1.552450E-1	2.394587E+3	-1.882237E+3	4.672250E+3	-2.900675E+3	7.041670E+3	-1.069290E+4	8.299035E+3	-1.721184E+4
2.573000E+1	-9.699121E+0	2.695356E+0	-9.698693E+0	1.553344E-1	2.395310E+3	-1.882950E+3	4.672250E+3	-2.902130E+3	7.041680E+3	-1.069290E+4	8.297570E+3	-1.721109E+4
2.574000E+1	-9.691025E+0	2.676295E+0	-9.690597E+0	1.554171E-1	2.395310E+3	-1.882563E+3	4.672250E+3	-2.902517E+3	7.042067E+3	-1.069290E+4	8.296797E+3	-1.721071E+4
2.575000E+1	-9.682517E+0	2.626718E+0	-9.682089E+0	1.555039E-1	2.395310E+3	-1.882177E+3	4.672250E+3	-2.902903E+3	7.042453E+3	-1.069290E+4	8.296024E+3	-1.721034E+4
2.576000E+1	-9.673459E+0	2.649295E+0	-9.673031E+0	1.555963E-1	2.395310E+3	-1.881791E+3	4.672250E+3	-2.903289E+3	7.042839E+3	-1.069290E+4	8.295251E+3	-1.720996E+4
2.577000E+1	-9.664886E+0	2.770824E+0	-9.664458E+0	1.556838E-1	2.395310E+3	-1.881404E+3	4.672250E+3	-2.903676E+3	7.043226E+3	-1.069290E+4	8.294478E+3	-1.720959E+4
2.578000E+1	-9.655351E+0	2.723776E+0	-9.654922E+0	1.557811E-1	2.395310E+3	-1.881110E+3	4.672250E+3	-2.903832E+3	7.043520E+3	-1.069262E+4	8.294167E+3	-1.720930E+4
2.579000E+1	-9.646105E+0	2.625181E+0	-9.645677E+0	1.558754E-1	2.395310E+3	-1.881110E+3	4.672250E+3	-2.903252E+3	7.043520E+3	-1.069146E+4	8.295326E+3	-1.720930E+4
2.580000E+1	-9.636262E+0	2.600789E+0	-9.635833E+0	1.559759E-1	2.395310E+3	-1.881110E+3	4.672250E+3	-2.902672E+3	7.043520E+3	-1.069030E+4	8.296486E+3	-1.720930E+4
2.581000E+1	-9.625777E+0	2.731621E+0	-9.625349E+0	1.560829E-1	2.395310E+3	-1.881073E+3	4.672250E+3	-2.902102E+3	7.043502E+3	-1.068924E+4	8.297590E+3	-1.720932E+4
2.582000E+1	-9.614484E+0	2.703156E+0	-9.614056E+0	1.561981E-1	2.395310E+3	-1.880300E+3	4.672250E+3	-2.901715E+3	7.043115E+3	-1.069001E+4	8.297590E+3	-1.720969E+4
2.583000E+1	-9.604281E+0	2.667086E+0	-9.603853E+0	1.563022E-1	2.395310E+3	-1.879528E+3	4.672250E+3	-2.901329E+3	7.042729E+3	-1.069078E+4	8.297590E+3	-1.721007E+4
2.584000E+1	-9.593862E+0	2.643835E+0	-9.593434E+0	1.564085E-1	2.395310E+3	-1.878755E+3	4.672250E+3	-2.900942E+3	7.042342E+3	-1.069156E+4	8.297590E+3	-1.721045E+4
2.585000E+1	-9.583297E+0	2.712074E+0	-9.582869E+0	1.565163E-1	2.395310E+3	-1.877982E+3	4.672250E+3	-2.900556E+3	7.041956E+3	-1.069233E+4	8.297590E+3	-1.721082E+4
2.586000E+1	-9.573676E+0	2.723304E+0	-9.573248E+0	1.566145E-1	2.395214E+3	-1.877410E+3	4.672298E+3	-2.900270E+3	7.041622E+3	-1.069295E+4	8.297542E+3	-1.721115E+4
2.587000E+1	-9.564902E+0	2.628812E+0	-9.564474E+0	1.567040E-1	2.394847E+3	-1.877410E+3	4.672481E+3	-2.900270E+3	7.041439E+3	-1.069314E+4	8.297359E+3	-1.721134E+4
2.588000E+1	-9.555807E+0	2.616350E+0	-9.555379E+0	1.567968E-1	2.394480E+3	-1.877410E+3	4.672665E+3	-2.900270E+3	7.041255E+3	-1.069333E+4	8.297175E+3	-1.721153E+4
2.589000E+1	-9.547414E+0	2.625431E+0	-9.546986E+0	1.568825E-1	2.394112E+3	-1.877410E+3	4.672849E+3	-2.900270E+3	7.041071E+3	-1.069351E+4	8.296991E+3	-1.721171E+4
2.590000E+1	-9.538280E+0	2.759191E+0	-9.537852E+0	1.569757E-1	2.393745E+3	-1.877410E+3	4.673032E+3	-2.900270E+3	7.040888E+3	-1.069370E+4	8.296808E+3	-1.721190E+4
2.591000E+1	-9.528908E+0	2.695301E+0	-9.528480E+0	1.570713E-1	2.393378E+3	-1.877410E+3	4.673216E+3	-2.900270E+3	7.040704E+3	-1.069389E+4	8.296624E+3	-1.721209E+4
2.592000E+1	-9.519359E+0	2.610036E+0	-9.518931E+0	1.571687E-1	2.393011E+3	-1.877410E+3	4.673400E+3	-2.900270E+3	7.040520E+3	-1.069408E+4	8.296440E+3	-1.721228E+4
2.593000E+1	-9.509548E+0	2.641392E+0	-9.509120E+0	1.572689E-1	2.392643E+3	-1.877410E+3	4.673583E+3	-2.900270E+3	7.040337E+3	-1.069427E+4	8.296257E+3	-1.721247E+4
2.594000E+1	-9.499706E+0	2.749239E+0	-9.499277E+0	1.573693E-1	2.392276E+3	-1.877410E+3	4.673767E+3	-2.900270E+3	7.040153E+3	-1.069446E+4	8.296073E+3	-1.721266E+4
2.595000E+1	-9.489505E+0	2.767581E+0	-9.489077E+0	1.574734E-1	2.391909E+3	-1.877410E+3	4.673951E+3	-2.900270E+3	7.039969E+3	-1.069465E+4	8.295889E+3	-1.721285E+4
2.596000E+1	-9.479845E+0	2.666324E+0	-9.479417E+0	1.575720E-1	2.393507E+3	-1.881181E+3	4.674100E+3	-2.900294E+3	7.037994E+3	-1.069110E+4	8.297519E+3	-1.721110E+4
2.597000E+1	-9.470608E+0	2.626401E+0	-9.470180E+0	1.576662E-1	2.393760E+3	-1.881559E+3	4.674100E+3	-2.900420E+3	7.038120E+3	-1.069110E+4	8.297141E+3	-1.721110E+4
2.598000E+1	-9.461523E+0	2.742721E+0	-9.461095E+0	1.577589E-1	2.394012E+3	-1.881938E+3	4.674100E+3	-2.900546E+3	7.038246E+3	-1.069110E+4	8.296762E+3	-1.721110E+4
2.599000E+1	-9.451950E+0	2.775475E+0	-9.451521E+0	1.578566E-1	2.394264E+3	-1.882316E+3	4.674100E+3	-2.900672E+3	7.038372E+3	-1.069110E+4	8.296384E+3	-1.721110E+4
2.600000E+1	-9.441959E+0	2.672664E+0	-9.441531E+0	1.579585E-1	2.394517E+3	-1.882695E+3	4.674100E+3	-2.900798E+3	7.038498E+3	-1.069110E+4	8.296005E+3	-1.721110E+4
2.601000E+1	-9.431418E+0	2.636078E+0	-9.430990E+0	1.580661E-1	2.394769E+3	-1.883074E+3	4.674100E+3	-2.900925E+3	7.038625E+3	-1.069110E+4	8.295626E+3	-1.721110E+4
2.602000E+1	-9.421643E+0	2.602199E+0	-9.421215E+0	1.581658E-1	2.395021E+3	-1.883452E+3	4.674100E+3	-2.901051E+3	7.038751E+3	-1.069110E+4	8.295248E+3	-1.721110E+4
2.603000E+1	-9.411754E+0	2.790494E+0	-9.411326E+0	1.582668E-1	2.395274E+3	-1.883831E+3	4.674100E+3	-2.901177E+3	7.038877E+3	-1.069110E+4	8.294869E+3	-1.721110E+4
2.604000E+1	-9.402443E+0	2.702833E+0	-9.402015E+0	1.583618E-1	2.395526E+3	-1.884209E+3	4.674100E+3	-2.901303E+3	7.039003E+3	-1.069110E+4	8.294491E+3	-1.721110E+4
2.605000E+1	-9.393405E+0	2.703264E+0	-9.392977E+0	1.584540E-1	2.395779E+3	-1.884588E+3	4.674100E+3	-2.901429E+3	7.039129E+3	-1.069110E+4	8.294112E+3	-1.721110E+4
2.606000E+1	-9.384944E+0	2.685020E+0	-9.384516E+0	1.585403E-1	2.396031E+3	-1.884966E+3	4.674100E+3	-2.901555E+3	7.039255E+3	-1.069110E+4	8.293734E+3	-1.721110E+4
2.607000E+1	-9.375801E+0	2.771103E+0	-9.375373E+0	1.586336E-1	2.396283E+3	-1.885345E+3	4.674100E+3	-2.901682E+3	7.039382E+3	-1.069110E+4	8.293355E+3	-1.721110E+4
2.608000E+1	-9.365889E+0	2.777349E+0	-9.365461E+0	1.587348E-1	2.396536E+3	-1.885724E+3	4.674100E+3	-2.901808E+3	7.039508E+3	-1.069110E+4	8.292976E+3	-1.721110E+4
2.609000E+1	-9.355363E+0	2.679721E+0	-9.354935E+0	1.588422E-1	2.396788E+3	-1.886102E+3	4.674100E+3	-2.901934E+3	7.039634E+3	-1.069110E+4	8.292598E+3	-1.721110E+4
2.610000E+1	-9.344170E+0	2.617712E+0	-9.343742E+0	1.589564E-1	2.397040E+3	-1.886481E+3	4.674100E+3	-2.902060E+3	7.039760E+3	-1.069110E+4	8.292219E+3	-1.721110E+4
2.611000E+1	-9.333652E+0	2.800944E+0	-9.333224E+0	1.590637E-1	2.397053E+3	-1.886553E+3	4.673993E+3	-2.902227E+3	7.039605E+3	-1.069120E+4	8.291611E+3	-1.721110E+4
2.612000E+1	-9.323635E+0	2.693247E+0	-9.323207E+0	1.591659E-1	2.396849E+3	-1.886349E+3	4.673789E+3	-2.902431E+3	7.039198E+3	-1.069140E+4	8.290796E+3	-1.721110E+4
2.613000E+1	-9.312904E+0	2.631080E+0	-9.312476E+0	1.592754E-1	2.396645E+3	-1.886145E+3	4.673585E+3	-2.902635E+3	7.038790E+3	-1.069160E+4	8.289980E+3	-1.721110E+4
2.614000E+1	-9.301500E+0	2.589493E+0	-9.301072E+0	1.593918E-1	2.396441E+3	-1.885941E+3	4.673381E+3	-2.902839E+3	7.038382E+3	-1.069180E+4	8.289165E+3	-1.721110E+4
2.615000E+1	-9.291019E+0	2.723538E+0	-9.290591E+0	1.594987E-1	2.396237E+3	-1.885737E+3	4.673177E+3	-2.903043E+3	7.037975E+3	-1.069200E+4	8.288349E+3	-1.721110E+4
2.616000E+1	-9.281034E+0	2.746888E+0	-9.280605E+0	1.596006E-1	2.396034E+3	-1.885534E+3	4.672974E+3	-2.903246E+3	7.037567E+3	-1.069220E+4	8.287534E+3	-1.721110E+4
2.617000E+1	-9.270316E+0	2.666453E+0	-9.269888E+0	1.597100E-1	2.395830E+3	-1.885330E+3	4.672770E+3	-2.903450E+3	7.037159E+3	-1.069239E+4	8.286719E+3	-1.721110E+4
2.618000E+1	-9.260521E+0	2.644315E+0	-9.260093E+0	1.598100E-1	2.395626E+3	-1.885126E+3	4.672566E+3	-2.903654E+3	7.036752E+3	-1.069259E+4	8.285903E+3	-1.721110E+4
2.619000E+1	-9.250620E+0	2.661574E+0	-9.250192E+0	1.599110E-1	2.395422E+3	-1.884922E+3	4.672362E+3	-2.903858E+3	7.036344E+3	-1.069279E+4	8.285088E+3	-1.721110E+4
2.620000E+1	-9.241019E+0	2.784856E+0	-9.240591E+0	1.600090E-1	2.395061E+3	-1.875685E+3	4.672125E+3	-2.900270E+3	7.032295E+3	-1.069480E+4	8.286490E+3	-1.721312E+4
2.621000E+1	-9.231272E+0	2.731470E+0	-9.230844E+0	1.601084E-1	2.394507E+3	-1.875962E+3	4.671848E+3	-2.900270E+3	7.032018E+3	-1.069480E+4	8.286490E+3	-1.721339E+4
2.622000E+1	-9.221583E+0	2.679770E+0	-9.221155E+0	1.602073E-1	2.393953E+3	-1.876238E+3	4.671572E+3	-2.900270E+3	7.031742E+3	-1.069480E+4	8.286490E+3	-1.721366E+4
2.623000E+1	-9.211671E+0	2.689300E+0	-9.211243E+0	1.603084E-1	2.393399E+3	-1.876515E+3	4.671295E+3	-2.900270E+3	7.031465E+3	-1.069480E+4	8.286490E+3	-1.721393E+4
2.624000E+1	-9.201518E+0	2.769219E+0	-9.201090E+0	1.604120E-1	2.392846E+3	-1.876792E+3	4.671018E+3	-2.900270E+3	7.031188E+3	-1.069480E+4	8.286490E+3	-1.721420E+4
2.625000E+1	-9.190455E+0	2.736970E+0	-9.190027E+0	1.605249E-1	2.392292E+3	-1.877069E+3	4.670741E+3	-2.900270E+3	7.030911E+3	-1.069480E+4	8.286490E+3	-1.721447E+4
2.626000E+1	-9.180080E+0	2.647987E+0	-9.179652E+0	1.606308E-1	2.391738E+3	-1.877346E+3	4.670464E+3	-2.900270E+3	7.030634E+3	-1.069480E+4	8.286490E+3	-1.721474E+4
2.627000E+1	-9.169372E+0	2.620883E+0	-9.168944E+0	1.607400E-1	2.395051E+3	-1.884551E+3	4.672250E+3	-2.903970E+3	7.030829E+3	-1.069110E+4	8.280681E+3	-1.721273E+4
2.628000E+1	-9.159458E+0	2.775474E+0	-9.159030E+0	1.608412E-1	2.394714E+3	-1.884214E+3	4.672250E+3	-2.903970E+3	7.031166E+3	-1.069110E+4	8.280344E+3	-1.721239E+4
2.629000E+1	-9.150159E+0	2.782887E+0	-9.149731E+0	1.609361E-1	2.394376E+3	-1.883876E+3	4.672250E+3	-2.903970E+3	7.031504E+3	-1.069110E+4	8.280006E+3	-1.721204E+4
2.630000E+1	-9.141538E+0	2.699088E+0	-9.141110E+0	1.610241E-1	2.394039E+3	-1.883539E+3	4.672250E+3	-2.903970E+3	7.031841E+3	-1.069110E+4	8.279669E+3	-1.721169E+4
2.631000E+1	-9.132725E+0	2.611948E+0	-9.132297E+0	1.611140E-1	2.393702E+3	-1.883202E+3	4.672250E+3	-2.903970E+3	7.032178E+3	-1.069110E+4	8.279332E+3	-1.721135E+4
2.632000E+1	-9.123682E+0	2.651350E+0	-9.123254E+0	1.612063E-1	2.395310E+3	-1.880841E+3	4.672250E+3	-2.903835E+3	7.032151E+3	-1.068780E+4	8.284371E+3	-1.721124E+4
2.633000E+1	-9.115081E+0	2.832164E+0	-9.114652E+0	1.612940E-1	2.395310E+3	-1.879889E+3	4.672250E+3	-2.903360E+3	7.031199E+3	-1.068921E+4	8.283419E+3	-1.721173E+4
2.634000E+1	-9.106009E+0	2.703340E+0	-9.105581E+0	1.613866E-1	2.395310E+3	-1.878938E+3	4.672250E+3	-2.902884E+3	7.030248E+3	-1.069063E+4	8.282468E+3	-1.721222E+4
2.635000E+1	-9.096498E+0	2.621387E+0	-9.096070E+0	1.614837E-1	2.395310E+3	-1.877987E+3	4.672250E+3	-2.902408E+3	7.029297E+3	-1.069204E+4	8.281517E+3	-1.721270E+4
2.636000E+1	-9.087381E+0	2.714367E+0	-9.086953E+0	1.615767E-1	2.394555E+3	-1.877662E+3	4.672250E+3	-2.902120E+3	7.028216E+3	-1.069290E+4	8.280940E+3	-1.721350E+4
2.637000E+1	-9.077950E+0	2.776933E+0	-9.077522E+0	1.616729E-1	2.392636E+3	-1.878301E+3	4.672250E+3	-2.902120E+3	7.026937E+3	-1.069290E+4	8.280940E+3	-1.721478E+4
2.638000E+1	-9.068569E+0	2.777590E+0	-9.068141E+0	1.617686E-1	2.390717E+3	-1.878941E+3	4.672250E+3	-2.902120E+3	7.025658E+3	-1.069290E+4	8.280940E+3	-1.721606E+4
2.639000E+1	-9.058777E+0	2.628220E+0	-9.058349E+0	1.618686E-1	2.389760E+3	-1.879454E+3	4.671863E+3	-2.902314E+3	7.024826E+3	-1.069271E+4	8.280359E+3	-1.721670E+4
2.640000E+1	-9.048245E+0	2.646701E+0	-9.047817E+0	1.619760E-1	2.389760E+3	-1.879840E+3	4.671090E+3	-2.902700E+3	7.024440E+3	-1.069234E+4	8.279199E+3	-1.721670E+4
2.641000E+1	-9.038681E+0	2.796786E+0	-9.038252E+0	1.620736E-1	2.389760E+3	-1.880227E+3	4.670317E+3	-2.903087E+3	7.024053E+3	-1.069196E+4	8.278040E+3	-1.721670E+4
2.642000E+1	-9.028751E+0	2.766757E+0	-9.028322E+0	1.621750E-1	2.389760E+3	-1.880613E+3	4.669544E+3	-2.903473E+3	7.023667E+3	-1.069158E+4	8.276881E+3	-1.721670E+4
2.643000E+1	-9.018651E+0	2.714724E+0	-9.018222E+0	1.622780E-1	2.389760E+3	-1.881000E+3	4.668771E+3	-2.903860E+3	7.023280E+3	-1.069121E+4	8.275721E+3	-1.721670E+4
2.644000E+1	-9.008979E+0	2.598354E+0	-9.008550E+0	1.623767E-1	2.390312E+3	-1.881110E+3	4.668274E+3	-2.904522E+3	7.022618E+3	-1.069110E+4	8.274010E+3	-1.721670E+4
2.645000E+1	-8.999685E+0	2.693551E+0	-8.999257E+0	1.624715E-1	2.391085E+3	-1.881110E+3	4.667888E+3	-2.905295E+3	7.021845E+3	-1.069110E+4	8.272078E+3	-1.721670E+4
2.646000E+1	-8.990815E+0	2.872669E+0	-8.990386E+0	1.625621E-1	2.391858E+3	-1.881110E+3	4.667501E+3	-2.906068E+3	7.021072E+3	-1.069110E+4	8.270146E+3	-1.721670E+4
2.647000E+1	-8.982441E+0	2.713752E+0	-8.982013E+0	1.626475E-1	2.392631E+3	-1.881110E+3	4.667115E+3	-2.906841E+3	7.020299E+3	-1.069110E+4	8.268213E+3	-1.721670E+4
2.648000E+1	-8.973753E+0	2.695411E+0	-8.973325E+0	1.627362E-1	2.393404E+3	-1.881110E+3	4.666728E+3	-2.907614E+3	7.019526E+3	-1.069110E+4	8.266281E+3	-1.721670E+4
2.649000E+1	-8.964549E+0	2.668759E+0	-8.964121E+0	1.628301E-1	2.393460E+3	-1.880589E+3	4.667221E+3	-2.907149E+3	7.019991E+3	-1.069056E+4	8.267182E+3	-1.721670E+4
2.650000E+1	-8.954613E+0	2.805255E+0	-8.954185E+0	1.629315E-1	2.393460E+3	-1.880027E+3	4.667783E+3	-2.906587E+3	7.020553E+3	-1.068999E+4	8.268306E+3	-1.721670E+4
2.651000E+1	-8.944731E+0	2.802450E+0	-8.944303E+0	1.630323E-1	2.393460E+3	-1.879465E+3	4.668345E+3	-2.906025E+3	7.021115E+3	-1.068941E+4	8.269431E+3	-1.721670E+4
2.652000E+1	-8.935627E+0	2.680825E+0	-8.935199E+0	1.631252E-1	2.393460E+3	-1.879053E+3	4.668550E+3	-2.905820E+3	7.021527E+3	-1.068900E+4	8.270461E+3	-1.721649E+4
2.653000E+1	-8.927467E+0	2.666295E+0	-8.927039E+0	1.632085E-1	2.393460E+3	-1.878728E+3	4.668550E+3	-2.905820E+3	7.021852E+3	-1.068868E+4	8.271437E+3	-1.721615E+4
2.654000E+1	-8.917588E+0	2.821909E+0	-8.917160E+0	1.633093E-1	2.393460E+3	-1.878402E+3	4.668550E+3	-2.905820E+3	7.022178E+3	-1.068837E+4	8.272413E+3	-1.721582E+4
2.655000E+1	-8.907210E+0	2.792079E+0	-8.906782E+0	1.634152E-1	2.393460E+3	-1.878077E+3	4.668550E+3	-2.905820E+3	7.022503E+3	-1.068805E+4	8.273390E+3	-1.721548E+4
2.656000E+1	-8.897623E+0	2.733937E+0	-8.897195E+0	1.635130E-1	2.393460E+3	-1.877751E+3	4.668550E+3	-2.905820E+3	7.022829E+3	-1.068773E+4	8.274366E+3	-1.721515E+4
2.657000E+1	-8.888165E+0	2.591373E+0	-8.887737E+0	1.636095E-1	2.393460E+3	-1.877426E+3	4.668550E+3	-2.905820E+3	7.023154E+3	-1.068742E+4	8.275342E+3	-1.721482E+4
2.658000E+1	-8.878455E+0	2.812489E+0	-8.878027E+0	1.637086E-1	2.393460E+3	-1.876308E+3	4.669101E+3	-2.904718E+3	7.022068E+3	-1.068904E+4	8.273736E+3	-1.721480E+4
2.659000E+1	-8.868554E+0	2.812511E+0	-8.868126E+0	1.638096E-1	2.393460E+3	-1.875148E+3	4.669681E+3	-2.903558E+3	7.020908E+3	-1.069076E+4	8.271997E+3	-1.721480E+4
2.660000E+1	-8.858565E+0	2.689007E+0	-8.858137E+0	1.639115E-1	2.393460E+3	-1.873989E+3	4.670261E+3	-2.902399E+3	7.019749E+3	-1.069249E+4	8.270258E+3	-1.721480E+4
2.661000E+1	-8.848631E+0	2.650984E+0	-8.848203E+0	1.640129E-1	2.393303E+3	-1.873867E+3	4.670243E+3	-2.902277E+3	7.019000E+3	-1.069290E+4	8.269683E+3	-1.721511E+4
2.662000E+1	-8.839266E+0	2.656908E+0	-8.838838E+0	1.641085E-1	2.393097E+3	-1.874073E+3	4.670037E+3	-2.902483E+3	7.018382E+3	-1.069290E+4	8.269477E+3	-1.721553E+4
2.663000E+1	-8.830194E+0	2.838391E+0	-8.829766E+0	1.642010E-1	2.392891E+3	-1.874279E+3	4.669831E+3	-2.902689E+3	7.017764E+3	-1.069290E+4	8.269271E+3	-1.721594E+4
2.664000E+1	-8.820149E+0	2.767588E+0	-8.819721E+0	1.643035E-1	2.392685E+3	-1.874485E+3	4.669625E+3	-2.902895E+3	7.017145E+3	-1.069290E+4	8.269065E+3	-1.721635E+4
2.665000E+1	-8.810139E+0	2.688054E+0	-8.809710E+0	1.644057E-1	2.392479E+3	-1.874691E+3	4.669419E+3	-2.903101E+3	7.016527E+3	-1.069290E+4	8.268859E+3	-1.721676E+4
2.666000E+1	-8.800641E+0	2.702176E+0	-8.800213E+0	1.645026E-1	2.392273E+3	-1.874897E+3	4.669213E+3	-2.903307E+3	7.015909E+3	-1.069290E+4	8.268653E+3	-1.721717E+4
2.667000E+1	-8.790702E+0	2.809445E+0	-8.790274E+0	1.646040E-1	2.392067E+3	-1.875103E+3	4.669007E+3	-2.903513E+3	7.015290E+3	-1.069290E+4	8.268447E+3	-1.721759E+4
2.668000E+1	-8.781150E+0	2.790232E+0	-8.780722E+0	1.647015E-1	2.391861E+3	-1.875309E+3	4.668801E+3	-2.903719E+3	7.014672E+3	-1.069290E+4	8.268241E+3	-1.721800E+4
2.669000E+1	-8.771090E+0	2.661929E+0	-8.770661E+0	1.648041E-1	2.391655E+3	-1.875515E+3	4.668595E+3	-2.903925E+3	7.014054E+3	-1.069290E+4	8.268035E+3	-1.721841E+4
2.670000E+1	-8.760746E+0	2.624474E+0	-8.760318E+0	1.649097E-1	2.391170E+3	-1.881550E+3	4.666700E+3	-2.908110E+3	7.011100E+3	-1.069153E+4	8.259720E+3	-1.721952E+4
2.671000E+1	-8.750144E+0	2.863941E+0	-8.749716E+0	1.650179E-1	2.390608E+3	-1.882112E+3	4.666700E+3	-2.908672E+3	7.012223E+3	-1.069207E+4	8.258597E+3	-1.721840E+4
2.672000E+1	-8.740424E+0	2.807881E+0	-8.739996E+0	1.651171E-1	2.390047E+3	-1.882673E+3	4.666700E+3	-2.909233E+3	7.013346E+3	-1.069262E+4	8.257474E+3	-1.721727E+4
2.673000E+1	-8.731142E+0	2.720897E+0	-8.730714E+0	1.652118E-1	2.389904E+3	-1.882960E+3	4.666700E+3	-2.909520E+3	7.013920E+3	-1.069261E+4	8.257188E+3	-1.721670E+4
2.674000E+1	-8.722202E+0	2.678457E+0	-8.721774E+0	1.653030E-1	2.390199E+3	-1.882960E+3	4.666700E+3	-2.909520E+3	7.013920E+3	-1.069202E+4	8.257777E+3	-1.721670E+4
2.675000E+1	-8.712324E+0	2.730466E+0	-8.711896E+0	1.654038E-1	2.390493E+3	-1.882960E+3	4.666700E+3	-2.909520E+3	7.013920E+3	-1.069143E+4	8.258366E+3	-1.721670E+4
2.676000E+1	-8.702826E+0	2.787499E+0	-8.702398E+0	1.655007E-1	2.390788E+3	-1.882960E+3	4.666700E+3	-2.909520E+3	7.013920E+3	-1.069084E+4	8.258956E+3	-1.721670E+4
2.677000E+1	-8.693035E+0	2.634474E+0	-8.692607E+0	1.656006E-1	2.391082E+3	-1.882960E+3	4.666700E+3	-2.909520E+3	7.013920E+3	-1.069026E+4	8.259545E+3	-1.721670E+4
2.678000E+1	-8.682533E+0	2.602316E+0	-8.682105E+0	1.657078E-1	2.391377E+3	-1.882960E+3	4.666700E+3	-2.909520E+3	7.013920E+3	-1.068967E+4	8.260134E+3	-1.721670E+4
2.679000E+1	-8.672200E+0	2.606178E+0	-8.671772E+0	1.658132E-1	2.391726E+3	-1.882729E+3	4.666700E+3	-2.909462E+3	7.013804E+3	-1.068926E+4	8.260542E+3	-1.721676E+4
2.680000E+1	-8.662017E+0	2.770467E+0	-8.661589E+0	1.659171E-1	2.392279E+3	-1.881621E+3	4.666700E+3	-2.909185E+3	7.013251E+3	-1.068954E+4	8.260265E+3	-1.721703E+4
2.681000E+1	-8.651799E+0	2.796962E+0	-8.651371E+0	1.660214E-1	2.392833E+3	-1.880514E+3	4.666700E+3	-2.908908E+3	7.012697E+3	-1.068983E+4	8.259988E+3	-1.721730E+4
2.682000E+1	-8.642355E+0	2.647019E+0	-8.641927E+0	1.661178E-1	2.393387E+3	-1.879406E+3	4.666700E+3	-2.908632E+3	7.012143E+3	-1.069011E+4	8.259712E+3	-1.721756E+4
2.683000E+1	-8.632147E+0	2.693182E+0	-8.631719E+0	1.662219E-1	2.393941E+3	-1.878299E+3	4.666700E+3	-2.908355E+3	7.011589E+3	-1.069040E+4	8.259435E+3	-1.721783E+4
2.684000E+1	-8.622065E+0	2.778877E+0	-8.621637E+0	1.663248E-1	2.394494E+3	-1.877191E+3	4.666700E+3	-2.908078E+3	7.011036E+3	-1.069068E+4	8.259158E+3	-1.721810E+4
2.685000E+1	-8.611408E+0	2.811236E+0	-8.610979E+0	1.664336E-1	2.395048E+3	-1.876084E+3	4.666700E+3	-2.907801E+3	7.010482E+3	-1.069097E+4	8.258881E+3	-1.721837E+4
2.686000E+1	-8.601192E+0	2.710890E+0	-8.600764E+0	1.665378E-1	2.391610E+3	-1.874086E+3	4.666512E+3	-2.906008E+3	7.004294E+3	-1.069442E+4	8.251726E+3	-1.722239E+4
2.687000E+1	-8.592160E+0	2.619496E+0	-8.591732E+0	1.666300E-1	2.391610E+3	-1.874799E+3	4.666155E+3	-2.906365E+3	7.003581E+3	-1.069371E+4	8.252439E+3	-1.722276E+4
2.688000E+1	-8.582793E+0	2.784093E+0	-8.582365E+0	1.667255E-1	2.391610E+3	-1.875513E+3	4.665799E+3	-2.906721E+3	7.002867E+3	-1.069300E+4	8.253153E+3	-1.722313E+4
2.689000E+1	-8.572959E+0	2.747951E+0	-8.572531E+0	1.668259E-1	2.391610E+3	-1.876226E+3	4.665442E+3	-2.907078E+3	7.002154E+3	-1.069228E+4	8.253866E+3	-1.722349E+4
2.690000E+1	-8.562703E+0	2.650443E+0	-8.562275E+0	1.669305E-1	2.391610E+3	-1.876940E+3	4.665085E+3	-2.907435E+3	7.001440E+3	-1.069157E+4	8.254580E+3	-1.722386E+4
2.691000E+1	-8.552085E+0	2.684146E+0	-8.551657E+0	1.670389E-1	2.391377E+3	-1.877527E+3	4.664733E+3	-2.907670E+3	7.001087E+3	-1.069098E+4	8.254699E+3	-1.722398E+4
2.692000E+1	-8.541635E+0	2.649095E+0	-8.541207E+0	1.671455E-1	2.390691E+3	-1.877871E+3	4.664389E+3	-2.907670E+3	7.001431E+3	-1.069063E+4	8.253668E+3	-1.722363E+4
2.693000E+1	-8.531865E+0	2.816293E+0	-8.531437E+0	1.672452E-1	2.390006E+3	-1.878214E+3	4.664046E+3	-2.907670E+3	7.001774E+3	-1.069027E+4	8.252638E+3	-1.722327E+4
2.694000E+1	-8.522610E+0	2.693961E+0	-8.522182E+0	1.673397E-1	2.389321E+3	-1.878558E+3	4.663702E+3	-2.907670E+3	7.002118E+3	-1.068992E+4	8.251607E+3	-1.722292E+4
2.695000E+1	-8.513591E+0	2.636598E+0	-8.513163E+0	1.674317E-1	2.388636E+3	-1.878901E+3	4.663359E+3	-2.907670E+3	7.002461E+3	-1.068957E+4	8.250577E+3	-1.722257E+4
2.696000E+1	-8.503470E+0	2.672228E+0	-8.503042E+0	1.675350E-1	2.387951E+3	-1.879245E+3	4.663015E+3	-2.907670E+3	7.002805E+3	-1.068922E+4	8.249546E+3	-1.722222E+4
2.697000E+1	-8.494248E+0	2.818177E+0	-8.493820E+0	1.676291E-1	2.387920E+3	-1.881110E+3	4.666700E+3	-2.911039E+3	7.002820E+3	-1.068888E+4	8.246792E+3	-1.722040E+4
2.698000E+1	-8.484420E+0	2.743685E+0	-8.483992E+0	1.677294E-1	2.387920E+3	-1.881110E+3	4.666700E+3	-2.910653E+3	7.002820E+3	-1.068850E+4	8.247951E+3	-1.722040E+4
2.699000E+1	-8.474684E+0	2.710200E+0	-8.474256E+0	1.678287E-1	2.387920E+3	-1.881110E+3	4.666700E+3	-2.910267E+3	7.002820E+3	-1.068813E+4	8.249110E+3	-1.722040E+4
2.700000E+1	-8.465234E+0	2.712149E+0	-8.464806E+0	1.679251E-1	2.387920E+3	-1.881110E+3	4.666700E+3	-2.909880E+3	7.002820E+3	-1.068775E+4	8.250270E+3	-1.722040E+4
2.701000E+1	-8.455151E+0	2.874736E+0	-8.454723E+0	1.680280E-1	2.387946E+3	-1.881057E+3	4.666700E+3	-2.909494E+3	7.002820E+3	-1.068743E+4	8.251376E+3	-1.722037E+4
2.702000E+1	-8.444140E+0	2.762139E+0	-8.443712E+0	1.681404E-1	2.388331E+3	-1.880284E+3	4.666700E+3	-2.909107E+3	7.002820E+3	-1.068780E+4	8.251763E+3	-1.721998E+4
2.703000E+1	-8.433851E+0	2.744368E+0	-8.433423E+0	1.682454E-1	2.388715E+3	-1.879511E+3	4.666700E+3	-2.908721E+3	7.002820E+3	-1.068818E+4	8.252149E+3	-1.721958E+4
2.704000E+1	-8.422401E+0	2.730333E+0	-8.421973E+0	1.683622E-1	2.389099E+3	-1.878738E+3	4.666700E+3	-2.908334E+3	7.002820E+3	-1.068855E+4	8.252536E+3	-1.721918E+4
2.705000E+1	-8.411819E+0	2.737451E+0	-8.411391E+0	1.684702E-1	2.389484E+3	-1.877966E+3	4.666700E+3	-2.907948E+3	7.002820E+3	-1.068893E+4	8.252922E+3	-1.721879E+4
2.706000E+1	-8.401487E+0	2.807874E+0	-8.401059E+0	1.685756E-1	2.389760E+3	-1.877247E+3	4.666700E+3	-2.907507E+3	7.002495E+3	-1.068953E+4	8.252711E+3	-1.721883E+4
2.707000E+1	-8.391156E+0	2.700665E+0	-8.390728E+0	1.686810E-1	2.389760E+3	-1.876667E+3	4.666700E+3	-2.906927E+3	7.001339E+3	-1.069069E+4	8.250972E+3	-1.721999E+4
2.708000E+1	-8.380694E+0	2.704154E+0	-8.380266E+0	1.687878E-1	2.389760E+3	-1.876088E+3	4.666700E+3	-2.906348E+3	7.000183E+3	-1.069184E+4	8.249233E+3	-1.722114E+4
2.709000E+1	-8.370320E+0	2.706022E+0	-8.369892E+0	1.688936E-1	2.389760E+3	-1.875577E+3	4.666683E+3	-2.905820E+3	6.999113E+3	-1.069287E+4	8.247650E+3	-1.722220E+4
2.710000E+1	-8.359502E+0	2.806651E+0	-8.359074E+0	1.690040E-1	2.389760E+3	-1.875766E+3	4.666494E+3	-2.905820E+3	6.998924E+3	-1.069249E+4	8.247650E+3	-1.722220E+4
2.711000E+1	-8.349996E+0	2.767388E+0	-8.349568E+0	1.691010E-1	2.389760E+3	-1.875956E+3	4.666304E+3	-2.905820E+3	6.998734E+3	-1.069211E+4	8.247650E+3	-1.722220E+4
2.712000E+1	-8.340533E+0	2.634677E+0	-8.340105E+0	1.691976E-1	2.389760E+3	-1.876145E+3	4.666115E+3	-2.905820E+3	6.998545E+3	-1.069173E+4	8.247650E+3	-1.722220E+4
2.713000E+1	-8.330120E+0	2.686857E+0	-8.329692E+0	1.693038E-1	2.389760E+3	-1.876334E+3	4.665926E+3	-2.905820E+3	6.998356E+3	-1.069135E+4	8.247650E+3	-1.722220E+4
2.714000E+1	-8.320147E+0	2.798757E+0	-8.319719E+0	1.694056E-1	2.389760E+3	-1.876523E+3	4.665737E+3	-2.905820E+3	6.998167E+3	-1.069097E+4	8.247650E+3	-1.722220E+4
2.715000E+1	-8.309589E+0	2.723537E+0	-8.309161E+0	1.695133E-1	2.389760E+3	-1.876713E+3	4.665547E+3	-2.905820E+3	6.997977E+3	-1.069059E+4	8.247650E+3	-1.722220E+4
2.716000E+1	-8.298709E+0	2.709558E+0	-8.298281E+0	1.696244E-1	2.389760E+3	-1.876902E+3	4.665358E+3	-2.905820E+3	6.997788E+3	-1.069022E+4	8.247650E+3	-1.722220E+4
2.717000E+1	-8.288006E+0	2.664969E+0	-8.287578E+0	1.697336E-1	2.389760E+3	-1.877091E+3	4.665169E+3	-2.905820E+3	6.997599E+3	-1.068984E+4	8.247650E+3	-1.722220E+4
2.718000E+1	-8.278013E+0	2.748671E+0	-8.277585E+0	1.698355E-1	2.389760E+3	-1.877280E+3	4.664980E+3	-2.905820E+3	6.997410E+3	-1.068946E+4	8.247650E+3	-1.722220E+4
2.719000E+1	-8.268819E+0	2.780642E+0	-8.268391E+0	1.699294E-1	2.389800E+3	-1.879260E+3	4.664890E+3	-2.909520E+3	6.999169E+3	-1.068740E+4	8.243950E+3	-1.722036E+4
2.720000E+1	-8.259223E+0	2.721097E+0	-8.258795E+0	1.700273E-1	2.389925E+3	-1.879260E+3	4.665015E+3	-2.909520E+3	6.999294E+3	-1.068740E+4	8.243950E+3	-1.722023E+4
2.721000E+1	-8.249675E+0	2.670960E+0	-8.249247E+0	1.701247E-1	2.390050E+3	-1.879260E+3	4.665140E+3	-2.909520E+3	6.999419E+3	-1.068740E+4	8.243950E+3	-1.722010E+4
2.722000E+1	-8.240695E+0	2.750290E+0	-8.240267E+0	1.702163E-1	2.390176E+3	-1.879260E+3	4.665266E+3	-2.909520E+3	6.999543E+3	-1.068740E+4	8.243950E+3	-1.721997E+4
2.723000E+1	-8.232314E+0	2.894854E+0	-8.231886E+0	1.703019E-1	2.390301E+3	-1.879260E+3	4.665391E+3	-2.909520E+3	6.999668E+3	-1.068740E+4	8.243950E+3	-1.721984E+4
2.724000E+1	-8.222401E+0	2.716437E+0	-8.221973E+0	1.704030E-1	2.390426E+3	-1.879260E+3	4.665516E+3	-2.909520E+3	6.999793E+3	-1.068740E+4	8.243950E+3	-1.721972E+4
2.725000E+1	-8.212484E+0	2.656673E+0	-8.212056E+0	1.705042E-1	2.390552E+3	-1.879260E+3	4.665642E+3	-2.909520E+3	6.999917E+3	-1.068740E+4	8.243950E+3	-1.721959E+4
2.726000E+1	-8.202762E+0	2.759012E+0	-8.202334E+0	1.706034E-1	2.390677E+3	-1.879260E+3	4.665767E+3	-2.909520E+3	7.000042E+3	-1.068740E+4	8.243950E+3	-1.721946E+4
2.727000E+1	-8.192819E+0	2.846206E+0	-8.192391E+0	1.707049E-1	2.390802E+3	-1.879260E+3	4.665892E+3	-2.909520E+3	7.000167E+3	-1.068740E+4	8.243950E+3	-1.721933E+4
2.728000E+1	-8.181884E+0	2.747715E+0	-8.181456E+0	1.708165E-1	2.390928E+3	-1.879260E+3	4.666018E+3	-2.909520E+3	7.000291E+3	-1.068740E+4	8.243950E+3	-1.721920E+4
2.729000E+1	-8.170825E+0	2.701451E+0	-8.170397E+0	1.709293E-1	2.391053E+3	-1.879260E+3	4.666143E+3	-2.909520E+3	7.000416E+3	-1.068740E+4	8.243950E+3	-1.721907E+4
2.730000E+1	-8.160244E+0	2.663504E+0	-8.159816E+0	1.710373E-1	2.391178E+3	-1.879260E+3	4.666268E+3	-2.909520E+3	7.000541E+3	-1.068740E+4	8.243950E+3	-1.721894E+4
2.731000E+1	-8.149788E+0	2.823243E+0	-8.149360E+0	1.711440E-1	2.391304E+3	-1.879260E+3	4.666394E+3	-2.909520E+3	7.000665E+3	-1.068740E+4	8.243950E+3	-1.721881E+4
2.732000E+1	-8.139824E+0	2.776120E+0	-8.139396E+0	1.712456E-1	2.391429E+3	-1.879260E+3	4.666519E+3	-2.909520E+3	7.000790E+3	-1.068740E+4	8.243950E+3	-1.721869E+4
2.733000E+1	-8.129500E+0	2.717588E+0	-8.129072E+0	1.713510E-1	2.391554E+3	-1.879260E+3	4.666644E+3	-2.909520E+3	7.000915E+3	-1.068740E+4	8.243950E+3	-1.721856E+4
2.734000E+1	-8.119235E+0	2.710430E+0	-8.118807E+0	1.714557E-1	2.391339E+3	-1.871860E+3	4.664850E+3	-2.909249E+3	6.993309E+3	-1.068948E+4	8.241829E+3	-1.722248E+4
2.735000E+1	-8.109140E+0	2.800629E+0	-8.108712E+0	1.715587E-1	2.390851E+3	-1.871860E+3	4.664850E+3	-2.908761E+3	6.992821E+3	-1.068998E+4	8.241341E+3	-1.722298E+4
2.736000E+1	-8.100130E+0	2.825187E+0	-8.099702E+0	1.716507E-1	2.390363E+3	-1.871860E+3	4.664850E+3	-2.908273E+3	6.992333E+3	-1.069048E+4	8.240853E+3	-1.722348E+4
2.737000E+1	-8.092642E+0	2.754212E+0	-8.092214E+0	1.717271E-1	2.389875E+3	-1.871860E+3	4.664850E+3	-2.907785E+3	6.991845E+3	-1.069098E+4	8.240365E+3	-1.722398E+4
2.738000E+1	-8.084786E+0	2.721324E+0	-8.084358E+0	1.718072E-1	2.389923E+3	-1.872186E+3	4.665176E+3	-2.907670E+3	6.991893E+3	-1.069077E+4	8.240576E+3	-1.722393E+4
2.739000E+1	-8.076364E+0	2.658151E+0	-8.075936E+0	1.718932E-1	2.390136E+3	-1.872613E+3	4.665603E+3	-2.907670E+3	6.992106E+3	-1.069035E+4	8.241003E+3	-1.722371E+4
2.740000E+1	-8.067056E+0	2.849007E+0	-8.066628E+0	1.719882E-1	2.390350E+3	-1.873039E+3	4.666029E+3	-2.907670E+3	6.992320E+3	-1.068992E+4	8.241429E+3	-1.722349E+4
2.741000E+1	-8.057328E+0	2.841013E+0	-8.056900E+0	1.720874E-1	2.390563E+3	-1.873466E+3	4.666456E+3	-2.907670E+3	6.992533E+3	-1.068949E+4	8.241856E+3	-1.722328E+4
2.742000E+1	-8.047965E+0	2.703699E+0	-8.047537E+0	1.721830E-1	2.390776E+3	-1.873892E+3	4.666882E+3	-2.907670E+3	6.992746E+3	-1.068907E+4	8.242282E+3	-1.722306E+4
2.743000E+1	-8.037915E+0	2.714204E+0	-8.037487E+0	1.722855E-1	2.390989E+3	-1.874319E+3	4.667309E+3	-2.907670E+3	6.992959E+3	-1.068864E+4	8.242709E+3	-1.722284E+4
2.744000E+1	-8.027250E+0	2.867152E+0	-8.026822E+0	1.723943E-1	2.391202E+3	-1.874745E+3	4.667735E+3	-2.907670E+3	6.993172E+3	-1.068822E+4	8.243135E+3	-1.722262E+4
2.745000E+1	-8.017294E+0	2.847427E+0	-8.016866E+0	1.724959E-1	2.391416E+3	-1.875171E+3	4.668161E+3	-2.907670E+3	6.993386E+3	-1.068779E+4	8.243561E+3	-1.722240E+4
2.746000E+1	-8.006683E+0	2.744513E+0	-8.006255E+0	1.726042E-1	2.389772E+3	-1.881098E+3	4.664862E+3	-2.911358E+3	6.993580E+3	-1.068738E+4	8.234735E+3	-1.722040E+4
2.747000E+1	-7.996487E+0	2.662415E+0	-7.996059E+0	1.727083E-1	2.389904E+3	-1.880966E+3	4.664994E+3	-2.911226E+3	6.993580E+3	-1.068711E+4	8.235133E+3	-1.722040E+4
2.748000E+1	-7.987132E+0	2.789865E+0	-7.986704E+0	1.728037E-1	2.390037E+3	-1.880833E+3	4.665127E+3	-2.911093E+3	6.993580E+3	-1.068685E+4	8.235530E+3	-1.722040E+4
2.749000E+1	-7.976443E+0	2.854335E+0	-7.976015E+0	1.729128E-1	2.390169E+3	-1.880701E+3	4.665259E+3	-2.910961E+3	6.993580E+3	-1.068658E+4	8.235928E+3	-1.722040E+4
2.750000E+1	-7.965941E+0	2.798469E+0	-7.965513E+0	1.730200E-1	2.390302E+3	-1.880568E+3	4.665392E+3	-2.910828E+3	6.993580E+3	-1.068632E+4	8.236325E+3	-1.722040E+4
2.751000E+1	-7.955614E+0	2.746528E+0	-7.955186E+0	1.731253E-1	2.390434E+3	-1.880436E+3	4.665524E+3	-2.910696E+3	6.993580E+3	-1.068605E+4	8.236723E+3	-1.722040E+4
2.752000E+1	-7.946050E+0	2.750561E+0	-7.945622E+0	1.732229E-1	2.390567E+3	-1.880303E+3	4.665657E+3	-2.910563E+3	6.993580E+3	-1.068579E+4	8.237120E+3	-1.722040E+4
2.753000E+1	-7.936539E+0	2.903077E+0	-7.936111E+0	1.733200E-1	2.390699E+3	-1.880171E+3	4.665789E+3	-2.910431E+3	6.993580E+3	-1.068552E+4	8.237518E+3	-1.722040E+4
2.754000E+1	-7.927673E+0	2.786891E+0	-7.927245E+0	1.734104E-1	2.390832E+3	-1.880038E+3	4.665922E+3	-2.910298E+3	6.993580E+3	-1.068526E+4	8.237915E+3	-1.722040E+4
2.755000E+1	-7.918312E+0	2.647944E+0	-7.917884E+0	1.735060E-1	2.390964E+3	-1.879906E+3	4.666054E+3	-2.910166E+3	6.993580E+3	-1.068499E+4	8.238313E+3	-1.722040E+4
2.756000E+1	-7.908540E+0	2.682071E+0	-7.908112E+0	1.736057E-1	2.391097E+3	-1.879773E+3	4.666187E+3	-2.910033E+3	6.993580E+3	-1.068473E+4	8.238710E+3	-1.722040E+4
2.757000E+1	-7.899004E+0	2.833992E+0	-7.898575E+0	1.737030E-1	2.391229E+3	-1.879641E+3	4.666319E+3	-2.909901E+3	6.993580E+3	-1.068446E+4	8.239108E+3	-1.722040E+4
2.758000E+1	-7.890417E+0	2.854798E+0	-7.889989E+0	1.737906E-1	2.391362E+3	-1.879508E+3	4.666452E+3	-2.909768E+3	6.993580E+3	-1.068420E+4	8.239505E+3	-1.722040E+4
2.759000E+1	-7.880751E+0	2.704203E+0	-7.880323E+0	1.738892E-1	2.391494E+3	-1.879376E+3	4.666584E+3	-2.909636E+3	6.993580E+3	-1.068393E+4	8.239903E+3	-1.722040E+4
2.760000E+1	-7.870110E+0	2.711020E+0	-7.869682E+0	1.739978E-1	2.393431E+3	-1.879260E+3	4.666686E+3	-2.907670E+3	6.991701E+3	-1.068739E+4	8.238386E+3	-1.722041E+4
2.761000E+1	-7.859452E+0	2.837172E+0	-7.859024E+0	1.741066E-1	2.392340E+3	-1.879260E+3	4.666140E+3	-2.907670E+3	6.990610E+3	-1.068683E+4	8.237840E+3	-1.722094E+4
2.762000E+1	-7.850145E+0	2.828475E+0	-7.849717E+0	1.742015E-1	2.391249E+3	-1.879260E+3	4.665595E+3	-2.907670E+3	6.989519E+3	-1.068626E+4	8.237295E+3	-1.722148E+4
2.763000E+1	-7.840577E+0	2.808542E+0	-7.840149E+0	1.742992E-1	2.390158E+3	-1.879260E+3	4.665049E+3	-2.907670E+3	6.988428E+3	-1.068570E+4	8.236749E+3	-1.722201E+4
2.764000E+1	-7.831960E+0	2.736055E+0	-7.831532E+0	1.743871E-1	2.389443E+3	-1.878623E+3	4.664532E+3	-2.907988E+3	6.987075E+3	-1.068583E+4	8.234639E+3	-1.722253E+4
2.765000E+1	-7.822516E+0	2.739436E+0	-7.822088E+0	1.744835E-1	2.388945E+3	-1.877620E+3	4.664030E+3	-2.908490E+3	6.985571E+3	-1.068634E+4	8.231631E+3	-1.722304E+4
2.766000E+1	-7.812576E+0	2.861647E+0	-7.812148E+0	1.745849E-1	2.388446E+3	-1.876618E+3	4.663529E+3	-2.908991E+3	6.984066E+3	-1.068686E+4	8.228623E+3	-1.722356E+4
2.767000E+1	-7.801270E+0	2.714475E+0	-7.800842E+0	1.747003E-1	2.387947E+3	-1.875615E+3	4.663027E+3	-2.909493E+3	6.982562E+3	-1.068737E+4	8.225615E+3	-1.722407E+4
2.768000E+1	-7.790139E+0	2.752909E+0	-7.789711E+0	1.748138E-1	2.387920E+3	-1.875560E+3	4.663408E+3	-2.909928E+3	6.982480E+3	-1.068698E+4	8.225042E+3	-1.722368E+4
2.769000E+1	-7.779165E+0	2.774300E+0	-7.778737E+0	1.749258E-1	2.387920E+3	-1.875560E+3	4.663839E+3	-2.910359E+3	6.982480E+3	-1.068654E+4	8.224611E+3	-1.722324E+4
2.770000E+1	-7.768538E+0	2.902774E+0	-7.768110E+0	1.750343E-1	2.387920E+3	-1.875560E+3	4.664270E+3	-2.910790E+3	6.982480E+3	-1.068610E+4	8.224180E+3	-1.722280E+4
2.771000E+1	-7.758321E+0	2.800812E+0	-7.757893E+0	1.751385E-1	2.387920E+3	-1.875560E+3	4.664702E+3	-2.911222E+3	6.982480E+3	-1.068565E+4	8.223748E+3	-1.722235E+4
2.772000E+1	-7.748844E+0	2.711457E+0	-7.748415E+0	1.752352E-1	2.387920E+3	-1.875560E+3	4.664469E+3	-2.910989E+3	6.982861E+3	-1.068513E+4	8.225122E+3	-1.722220E+4
2.773000E+1	-7.738935E+0	2.673065E+0	-7.738507E+0	1.753363E-1	2.387920E+3	-1.875560E+3	4.663890E+3	-2.910410E+3	6.983440E+3	-1.068457E+4	8.227441E+3	-1.722220E+4
2.774000E+1	-7.728635E+0	2.829444E+0	-7.728207E+0	1.754414E-1	2.387920E+3	-1.875560E+3	4.663310E+3	-2.909830E+3	6.984020E+3	-1.068400E+4	8.229760E+3	-1.722220E+4
2.775000E+1	-7.719294E+0	2.804646E+0	-7.718865E+0	1.755368E-1	2.387920E+3	-1.875724E+3	4.663000E+3	-2.909438E+3	6.984083E+3	-1.068394E+4	8.230753E+3	-1.722236E+4
2.776000E+1	-7.710980E+0	2.718497E+0	-7.710552E+0	1.756216E-1	2.387920E+3	-1.876078E+3	4.663000E+3	-2.909261E+3	6.983553E+3	-1.068447E+4	8.230223E+3	-1.722272E+4
2.777000E+1	-7.701479E+0	2.674306E+0	-7.701051E+0	1.757185E-1	2.387920E+3	-1.876431E+3	4.663000E+3	-2.909084E+3	6.983023E+3	-1.068499E+4	8.229693E+3	-1.722307E+4
2.778000E+1	-7.691902E+0	2.873053E+0	-7.691474E+0	1.758163E-1	2.387920E+3	-1.876784E+3	4.663000E+3	-2.908908E+3	6.982493E+3	-1.068552E+4	8.229163E+3	-1.722342E+4
2.779000E+1	-7.681789E+0	2.901945E+0	-7.681361E+0	1.759195E-1	2.387920E+3	-1.877138E+3	4.663000E+3	-2.908731E+3	6.981964E+3	-1.068605E+4	8.228634E+3	-1.722378E+4
2.780000E+1	-7.670847E+0	2.750466E+0	-7.670419E+0	1.760311E-1	2.387920E+3	-1.877491E+3	4.663000E+3	-2.908555E+3	6.981434E+3	-1.068657E+4	8.228104E+3	-1.722413E+4
2.781000E+1	-7.659055E+0	2.717807E+0	-7.658626E+0	1.761514E-1	2.387920E+3	-1.877844E+3	4.663000E+3	-2.908378E+3	6.980904E+3	-1.068710E+4	8.227574E+3	-1.722448E+4
2.782000E+1	-7.648237E+0	2.740256E+0	-7.647809E+0	1.762618E-1	2.387920E+3	-1.878198E+3	4.663000E+3	-2.908201E+3	6.980374E+3	-1.068762E+4	8.227044E+3	-1.722484E+4
2.783000E+1	-7.638185E+0	2.864546E+0	-7.637757E+0	1.763644E-1	2.387920E+3	-1.878551E+3	4.663000E+3	-2.908025E+3	6.979844E+3	-1.068815E+4	8.226514E+3	-1.722519E+4
2.784000E+1	-7.629217E+0	2.754746E+0	-7.628789E+0	1.764559E-1	2.387920E+3	-1.878904E+3	4.663000E+3	-2.907848E+3	6.979314E+3	-1.068867E+4	8.225984E+3	-1.722554E+4
2.785000E+1	-7.620447E+0	2.728446E+0	-7.620019E+0	1.765454E-1	2.387920E+3	-1.879258E+3	4.663000E+3	-2.907671E+3	6.978784E+3	-1.068920E+4	8.225454E+3	-1.722590E+4
2.786000E+1	-7.612487E+0	2.786327E+0	-7.612059E+0	1.766266E-1	2.387749E+3	-1.878919E+3	4.663000E+3	-2.907670E+3	6.978609E+3	-1.068920E+4	8.225450E+3	-1.722590E+4
2.787000E+1	-7.603655E+0	2.873626E+0	-7.603227E+0	1.767167E-1	2.387578E+3	-1.878575E+3	4.663000E+3	-2.907670E+3	6.978438E+3	-1.068920E+4	8.225450E+3	-1.722590E+4
2.788000E+1	-7.594484E+0	2.791012E+0	-7.594056E+0	1.768103E-1	2.387406E+3	-1.878232E+3	4.663000E+3	-2.907670E+3	6.978266E+3	-1.068920E+4	8.225450E+3	-1.722590E+4
2.789000E+1	-7.586347E+0	2.730547E+0	-7.585919E+0	1.768934E-1	2.387234E+3	-1.877888E+3	4.663000E+3	-2.907670E+3	6.978094E+3	-1.068920E+4	8.225450E+3	-1.722590E+4
2.790000E+1	-7.578453E+0	2.715289E+0	-7.578025E+0	1.769739E-1	2.387062E+3	-1.877545E+3	4.663000E+3	-2.907670E+3	6.977922E+3	-1.068920E+4	8.225450E+3	-1.722590E+4
2.791000E+1	-7.568084E+0	2.840653E+0	-7.567656E+0	1.770797E-1	2.386891E+3	-1.877201E+3	4.663000E+3	-2.907670E+3	6.977751E+3	-1.068920E+4	8.225450E+3	-1.722590E+4
2.792000E+1	-7.556987E+0	2.785953E+0	-7.556559E+0	1.771929E-1	2.386719E+3	-1.876858E+3	4.663000E+3	-2.907670E+3	6.977579E+3	-1.068920E+4	8.225450E+3	-1.722590E+4
2.793000E+1	-7.546098E+0	2.804555E+0	-7.545670E+0	1.773041E-1	2.386547E+3	-1.876514E+3	4.663000E+3	-2.907670E+3	6.977407E+3	-1.068920E+4	8.225450E+3	-1.722590E+4
2.794000E+1	-7.535351E+0	2.743492E+0	-7.534923E+0	1.774137E-1	2.386375E+3	-1.876171E+3	4.663000E+3	-2.907670E+3	6.977235E+3	-1.068920E+4	8.225450E+3	-1.722590E+4
2.795000E+1	-7.525352E+0	2.733513E+0	-7.524924E+0	1.775158E-1	2.386204E+3	-1.875827E+3	4.663000E+3	-2.907670E+3	6.977064E+3	-1.068920E+4	8.225450E+3	-1.722590E+4
2.796000E+1	-7.516445E+0	2.862516E+0	-7.516017E+0	1.776066E-1	2.386327E+3	-1.875560E+3	4.662871E+3	-2.907927E+3	6.976930E+3	-1.068894E+4	8.225193E+3	-1.722590E+4
2.797000E+1	-7.507117E+0	2.802847E+0	-7.506689E+0	1.777018E-1	2.387483E+3	-1.875560E+3	4.662292E+3	-2.909087E+3	6.976930E+3	-1.068778E+4	8.224033E+3	-1.722590E+4
2.798000E+1	-7.498317E+0	2.729188E+0	-7.497889E+0	1.777916E-1	2.388639E+3	-1.875560E+3	4.661712E+3	-2.910246E+3	6.976930E+3	-1.068662E+4	8.222874E+3	-1.722590E+4
2.799000E+1	-7.488891E+0	2.679662E+0	-7.488463E+0	1.778878E-1	2.389743E+3	-1.881093E+3	4.663000E+3	-2.913220E+3	6.976896E+3	-1.068370E+4	8.218084E+3	-1.722410E+4
2.800000E+1	-7.479663E+0	2.932028E+0	-7.479235E+0	1.779820E-1	2.389184E+3	-1.880531E+3	4.663000E+3	-2.913220E+3	6.975772E+3	-1.068370E+4	8.219208E+3	-1.722410E+4
2.801000E+1	-7.469448E+0	2.883268E+0	-7.469020E+0	1.780862E-1	2.388625E+3	-1.879969E+3	4.663000E+3	-2.913220E+3	6.974647E+3	-1.068370E+4	8.220333E+3	-1.722410E+4
2.802000E+1	-7.459044E+0	2.677099E+0	-7.458616E+0	1.781924E-1	2.388066E+3	-1.879407E+3	4.663000E+3	-2.913220E+3	6.973523E+3	-1.068370E+4	8.221457E+3	-1.722410E+4
2.803000E+1	-7.449475E+0	2.738429E+0	-7.449047E+0	1.782900E-1	2.387740E+3	-1.879080E+3	4.663000E+3	-2.913040E+3	6.973050E+3	-1.068442E+4	8.221029E+3	-1.722428E+4
2.804000E+1	-7.439919E+0	2.830017E+0	-7.439491E+0	1.783875E-1	2.387496E+3	-1.878836E+3	4.663000E+3	-2.912796E+3	6.972806E+3	-1.068540E+4	8.220053E+3	-1.722451E+4
2.805000E+1	-7.429536E+0	2.846315E+0	-7.429108E+0	1.784935E-1	2.387252E+3	-1.878592E+3	4.663000E+3	-2.912552E+3	6.972562E+3	-1.068637E+4	8.219077E+3	-1.722475E+4
2.806000E+1	-7.420538E+0	2.713717E+0	-7.420110E+0	1.785853E-1	2.387008E+3	-1.878348E+3	4.663000E+3	-2.912308E+3	6.972318E+3	-1.068735E+4	8.218101E+3	-1.722499E+4
2.807000E+1	-7.410451E+0	2.622755E+0	-7.410023E+0	1.786882E-1	2.386764E+3	-1.878104E+3	4.663000E+3	-2.912064E+3	6.972074E+3	-1.068832E+4	8.217125E+3	-1.722522E+4
2.808000E+1	-7.399735E+0	2.786966E+0	-7.399307E+0	1.787976E-1	2.386520E+3	-1.877860E+3	4.663000E+3	-2.911820E+3	6.971830E+3	-1.068930E+4	8.216149E+3	-1.722546E+4
2.809000E+1	-7.390209E+0	2.814888E+0	-7.389781E+0	1.788948E-1	2.386276E+3	-1.877616E+3	4.663000E+3	-2.911576E+3	6.971586E+3	-1.069028E+4	8.215173E+3	-1.722570E+4
2.810000E+1	-7.380121E+0	2.725884E+0	-7.379693E+0	1.789977E-1	2.385889E+3	-1.877229E+3	4.662637E+3	-2.911370E+3	6.970836E+3	-1.069091E+4	8.213987E+3	-1.722626E+4
2.811000E+1	-7.370953E+0	2.692368E+0	-7.370525E+0	1.790913E-1	2.384730E+3	-1.876070E+3	4.660319E+3	-2.911370E+3	6.967359E+3	-1.068972E+4	8.211669E+3	-1.722858E+4
2.812000E+1	-7.360494E+0	2.754021E+0	-7.360066E+0	1.791980E-1	2.384441E+3	-1.875560E+3	4.659521E+3	-2.911813E+3	6.966051E+3	-1.068876E+4	8.210429E+3	-1.722938E+4
2.813000E+1	-7.349663E+0	2.895397E+0	-7.349235E+0	1.793085E-1	2.384836E+3	-1.875560E+3	4.659916E+3	-2.912603E+3	6.966446E+3	-1.068797E+4	8.210034E+3	-1.722900E+4
2.814000E+1	-7.339897E+0	2.724606E+0	-7.339469E+0	1.794082E-1	2.385231E+3	-1.875560E+3	4.660311E+3	-2.913393E+3	6.966841E+3	-1.068718E+4	8.209639E+3	-1.722862E+4
2.815000E+1	-7.330131E+0	2.704608E+0	-7.329703E+0	1.795078E-1	2.385626E+3	-1.875560E+3	4.660706E+3	-2.914183E+3	6.967236E+3	-1.068639E+4	8.209244E+3	-1.722823E+4
2.816000E+1	-7.320174E+0	2.804130E+0	-7.319746E+0	1.796094E-1	2.386021E+3	-1.875560E+3	4.661101E+3	-2.914972E+3	6.967631E+3	-1.068560E+4	8.208849E+3	-1.722785E+4
2.817000E+1	-7.309965E+0	2.912838E+0	-7.309537E+0	1.797136E-1	2.386070E+3	-1.877239E+3	4.660979E+3	-2.914899E+3	6.967680E+3	-1.068516E+4	8.207130E+3	-1.722780E+4
2.818000E+1	-7.299803E+0	2.836439E+0	-7.299375E+0	1.798173E-1	2.386070E+3	-1.877019E+3	4.660759E+3	-2.914679E+3	6.967680E+3	-1.068472E+4	8.207349E+3	-1.722780E+4
2.819000E+1	-7.289580E+0	2.760100E+0	-7.289152E+0	1.799216E-1	2.386070E+3	-1.876799E+3	4.660539E+3	-2.914459E+3	6.967680E+3	-1.068428E+4	8.207568E+3	-1.722780E+4
2.820000E+1	-7.279512E+0	2.775585E+0	-7.279084E+0	1.800243E-1	2.386070E+3	-1.876578E+3	4.660318E+3	-2.914238E+3	6.967680E+3	-1.068384E+4	8.207787E+3	-1.722780E+4
2.821000E+1	-7.269180E+0	2.876265E+0	-7.268752E+0	1.801298E-1	2.386070E+3	-1.876358E+3	4.660098E+3	-2.914018E+3	6.967680E+3	-1.068340E+4	8.208006E+3	-1.722780E+4
2.822000E+1	-7.259219E+0	2.781885E+0	-7.258791E+0	1.802314E-1	2.386070E+3	-1.876138E+3	4.659878E+3	-2.913798E+3	6.967680E+3	-1.068296E+4	8.208225E+3	-1.722780E+4
2.823000E+1	-7.248489E+0	2.853223E+0	-7.248060E+0	1.803409E-1	2.386070E+3	-1.875918E+3	4.659658E+3	-2.913578E+3	6.967680E+3	-1.068252E+4	8.208444E+3	-1.722780E+4
2.824000E+1	-7.238530E+0	2.780281E+0	-7.238102E+0	1.804425E-1	2.386070E+3	-1.875697E+3	4.659437E+3	-2.913357E+3	6.967680E+3	-1.068207E+4	8.208663E+3	-1.722780E+4
2.825000E+1	-7.227894E+0	2.726430E+0	-7.227466E+0	1.805510E-1	2.389464E+3	-1.875412E+3	4.661150E+3	-2.911222E+3	6.965682E+3	-1.068400E+4	8.212056E+3	-1.722794E+4
2.826000E+1	-7.216799E+0	2.830863E+0	-7.216371E+0	1.806643E-1	2.388677E+3	-1.875017E+3	4.661150E+3	-2.910827E+3	6.965287E+3	-1.068479E+4	8.210874E+3	-1.722833E+4
2.827000E+1	-7.206564E+0	2.772682E+0	-7.206136E+0	1.807687E-1	2.387890E+3	-1.874622E+3	4.661150E+3	-2.910432E+3	6.964892E+3	-1.068558E+4	8.209692E+3	-1.722871E+4
2.828000E+1	-7.196303E+0	2.713284E+0	-7.195875E+0	1.808734E-1	2.387103E+3	-1.874228E+3	4.661150E+3	-2.910038E+3	6.964498E+3	-1.068636E+4	8.208510E+3	-1.722910E+4
2.829000E+1	-7.185708E+0	2.735736E+0	-7.185280E+0	1.809815E-1	2.386316E+3	-1.873833E+3	4.661150E+3	-2.909643E+3	6.964103E+3	-1.068715E+4	8.207329E+3	-1.722948E+4
2.830000E+1	-7.176110E+0	2.808677E+0	-7.175682E+0	1.810794E-1	2.386495E+3	-1.874135E+3	4.660725E+3	-2.909945E+3	6.963555E+3	-1.068655E+4	8.207809E+3	-1.722960E+4
2.831000E+1	-7.166346E+0	2.793597E+0	-7.165918E+0	1.811791E-1	2.387114E+3	-1.874754E+3	4.660106E+3	-2.910564E+3	6.962936E+3	-1.068531E+4	8.209042E+3	-1.722960E+4
2.832000E+1	-7.156234E+0	2.748522E+0	-7.155806E+0	1.812823E-1	2.387732E+3	-1.875372E+3	4.659488E+3	-2.911182E+3	6.962318E+3	-1.068408E+4	8.210275E+3	-1.722960E+4
2.833000E+1	-7.147097E+0	2.728898E+0	-7.146668E+0	1.813755E-1	2.387359E+3	-1.875841E+3	4.659300E+3	-2.912212E+3	6.961849E+3	-1.068370E+4	8.209248E+3	-1.722960E+4
2.834000E+1	-7.137055E+0	2.824240E+0	-7.136627E+0	1.814780E-1	2.386552E+3	-1.876244E+3	4.659300E+3	-2.913422E+3	6.961446E+3	-1.068370E+4	8.207234E+3	-1.722960E+4
2.835000E+1	-7.126538E+0	2.799751E+0	-7.126110E+0	1.815853E-1	2.385746E+3	-1.876647E+3	4.659300E+3	-2.914632E+3	6.961043E+3	-1.068370E+4	8.205220E+3	-1.722960E+4
2.836000E+1	-7.115794E+0	2.778084E+0	-7.115366E+0	1.816949E-1	2.384939E+3	-1.877051E+3	4.659300E+3	-2.915842E+3	6.960639E+3	-1.068370E+4	8.203206E+3	-1.722960E+4
2.837000E+1	-7.106073E+0	2.704585E+0	-7.105645E+0	1.817941E-1	2.384220E+3	-1.877400E+3	4.659300E+3	-2.916920E+3	6.960270E+3	-1.068371E+4	8.201379E+3	-1.722960E+4
2.838000E+1	-7.097153E+0	2.735915E+0	-7.096725E+0	1.818851E-1	2.384220E+3	-1.877303E+3	4.659300E+3	-2.916920E+3	6.960173E+3	-1.068380E+4	8.201090E+3	-1.722960E+4
2.839000E+1	-7.088990E+0	2.865893E+0	-7.088562E+0	1.819684E-1	2.384220E+3	-1.877207E+3	4.659300E+3	-2.916920E+3	6.960077E+3	-1.068390E+4	8.200802E+3	-1.722960E+4
2.840000E+1	-7.081239E+0	2.808116E+0	-7.080811E+0	1.820475E-1	2.384220E+3	-1.877111E+3	4.659300E+3	-2.916920E+3	6.959981E+3	-1.068399E+4	8.200514E+3	-1.722960E+4
2.841000E+1	-7.072531E+0	2.712333E+0	-7.072103E+0	1.821364E-1	2.384220E+3	-1.877015E+3	4.659300E+3	-2.916920E+3	6.959885E+3	-1.068408E+4	8.200225E+3	-1.722960E+4
2.842000E+1	-7.063644E+0	2.630203E+0	-7.063216E+0	1.822271E-1	2.384220E+3	-1.876919E+3	4.659300E+3	-2.916920E+3	6.959789E+3	-1.068418E+4	8.199937E+3	-1.722960E+4
2.843000E+1	-7.054532E+0	2.939106E+0	-7.054104E+0	1.823200E-1	2.384220E+3	-1.876823E+3	4.659300E+3	-2.916920E+3	6.959693E+3	-1.068427E+4	8.199649E+3	-1.722960E+4
2.844000E+1	-7.044678E+0	2.851615E+0	-7.044250E+0	1.824206E-1	2.384220E+3	-1.876727E+3	4.659300E+3	-2.916920E+3	6.959597E+3	-1.068436E+4	8.199360E+3	-1.722960E+4
2.845000E+1	-7.034818E+0	2.735075E+0	-7.034390E+0	1.825212E-1	2.384220E+3	-1.876631E+3	4.659300E+3	-2.916920E+3	6.959501E+3	-1.068446E+4	8.199072E+3	-1.722960E+4
2.846000E+1	-7.025443E+0	2.697180E+0	-7.025015E+0	1.826169E-1	2.384220E+3	-1.876535E+3	4.659300E+3	-2.916920E+3	6.959405E+3	-1.068455E+4	8.198784E+3	-1.722960E+4
2.847000E+1	-7.016499E+0	2.847319E+0	-7.016071E+0	1.827081E-1	2.384220E+3	-1.876438E+3	4.659300E+3	-2.916920E+3	6.959308E+3	-1.068465E+4	8.198495E+3	-1.722960E+4
2.848000E+1	-7.007290E+0	2.838300E+0	-7.006861E+0	1.828021E-1	2.384220E+3	-1.876342E+3	4.659300E+3	-2.916920E+3	6.959212E+3	-1.068474E+4	8.198207E+3	-1.722960E+4
2.849000E+1	-6.997071E+0	2.723028E+0	-6.996643E+0	1.829064E-1	2.384220E+3	-1.876246E+3	4.659300E+3	-2.916920E+3	6.959116E+3	-1.068483E+4	8.197919E+3	-1.722960E+4
2.850000E+1	-6.986596E+0	2.688843E+0	-6.986168E+0	1.830133E-1	2.384220E+3	-1.876150E+3	4.659300E+3	-2.916920E+3	6.959020E+3	-1.068493E+4	8.197630E+3	-1.722960E+4
2.851000E+1	-6.976497E+0	2.842931E+0	-6.976069E+0	1.831163E-1	2.384220E+3	-1.876054E+3	4.659300E+3	-2.916920E+3	6.958924E+3	-1.068502E+4	8.197342E+3	-1.722960E+4
2.852000E+1	-6.966201E+0	2.860641E+0	-6.965773E+0	1.832214E-1	2.384220E+3	-1.875958E+3	4.659300E+3	-2.916920E+3	6.958828E+3	-1.068511E+4	8.197054E+3	-1.722960E+4
2.853000E+1	-6.955111E+0	2.783682E+0	-6.954683E+0	1.833345E-1	2.384220E+3	-1.875862E+3	4.659300E+3	-2.916920E+3	6.958732E+3	-1.068521E+4	8.196765E+3	-1.722960E+4
2.854000E+1	-6.944547E+0	2.695705E+0	-6.944118E+0	1.834423E-1	2.384220E+3	-1.875766E+3	4.659300E+3	-2.916920E+3	6.958636E+3	-1.068530E+4	8.196477E+3	-1.722960E+4
2.855000E+1	-6.934681E+0	2.758937E+0	-6.934253E+0	1.835430E-1	2.384220E+3	-1.875670E+3	4.659300E+3	-2.916920E+3	6.958540E+3	-1.068539E+4	8.196189E+3	-1.722960E+4
2.856000E+1	-6.924815E+0	2.903822E+0	-6.924387E+0	1.836437E-1	2.384220E+3	-1.875573E+3	4.659300E+3	-2.916920E+3	6.958443E+3	-1.068549E+4	8.195900E+3	-1.722960E+4
2.857000E+1	-6.915016E+0	2.727211E+0	-6.914588E+0	1.837437E-1	2.384500E+3	-1.875840E+3	4.659580E+3	-2.916920E+3	6.958150E+3	-1.068494E+4	8.196140E+3	-1.722960E+4
2.858000E+1	-6.905103E+0	2.728124E+0	-6.904675E+0	1.838448E-1	2.384825E+3	-1.876165E+3	4.659905E+3	-2.916920E+3	6.957825E+3	-1.068429E+4	8.196465E+3	-1.722960E+4
2.859000E+1	-6.894622E+0	2.793200E+0	-6.894194E+0	1.839518E-1	2.385151E+3	-1.876491E+3	4.660231E+3	-2.916920E+3	6.957499E+3	-1.068364E+4	8.196791E+3	-1.722960E+4
2.860000E+1	-6.884015E+0	2.901804E+0	-6.883587E+0	1.840600E-1	2.385476E+3	-1.876816E+3	4.660556E+3	-2.916920E+3	6.957174E+3	-1.068299E+4	8.197116E+3	-1.722960E+4
2.861000E+1	-6.875164E+0	2.826979E+0	-6.874736E+0	1.841503E-1	2.385802E+3	-1.877142E+3	4.660882E+3	-2.916920E+3	6.956848E+3	-1.068234E+4	8.197442E+3	-1.722960E+4
2.862000E+1	-6.866325E+0	2.678272E+0	-6.865897E+0	1.842405E-1	2.384190E+3	-1.870040E+3	4.657450E+3	-2.915100E+3	6.950969E+3	-1.068917E+4	8.192160E+3	-1.723520E+4
2.863000E+1	-6.856167E+0	2.719491E+0	-6.855739E+0	1.843442E-1	2.384016E+3	-1.870214E+3	4.657450E+3	-2.915274E+3	6.950623E+3	-1.068900E+4	8.192160E+3	-1.723520E+4
2.864000E+1	-6.846215E+0	2.887522E+0	-6.845787E+0	1.844457E-1	2.383843E+3	-1.870387E+3	4.657450E+3	-2.915447E+3	6.950276E+3	-1.068883E+4	8.192160E+3	-1.723520E+4
2.865000E+1	-6.836627E+0	2.926033E+0	-6.836199E+0	1.845436E-1	2.383670E+3	-1.870560E+3	4.657450E+3	-2.915620E+3	6.949929E+3	-1.068866E+4	8.192160E+3	-1.723520E+4
2.866000E+1	-6.826481E+0	2.763290E+0	-6.826053E+0	1.846471E-1	2.383496E+3	-1.870734E+3	4.657450E+3	-2.915794E+3	6.949582E+3	-1.068850E+4	8.192160E+3	-1.723520E+4
2.867000E+1	-6.816184E+0	2.678745E+0	-6.815756E+0	1.847522E-1	2.383323E+3	-1.870907E+3	4.657450E+3	-2.915967E+3	6.949236E+3	-1.068833E+4	8.192160E+3	-1.723520E+4
2.868000E+1	-6.805887E+0	2.809760E+0	-6.805459E+0	1.848572E-1	2.383149E+3	-1.871081E+3	4.657450E+3	-2.916141E+3	6.948889E+3	-1.068816E+4	8.192160E+3	-1.723520E+4
2.869000E+1	-6.794897E+0	2.863868E+0	-6.794468E+0	1.849694E-1	2.382976E+3	-1.871254E+3	4.657450E+3	-2.916314E+3	6.948542E+3	-1.068799E+4	8.192160E+3	-1.723520E+4
2.870000E+1	-6.784725E+0	2.687052E+0	-6.784297E+0	1.850732E-1	2.382803E+3	-1.871427E+3	4.657450E+3	-2.916487E+3	6.948196E+3	-1.068782E+4	8.192160E+3	-1.723520E+4
2.871000E+1	-6.775766E+0	2.678856E+0	-6.775338E+0	1.851646E-1	2.382629E+3	-1.871601E+3	4.657450E+3	-2.916661E+3	6.947849E+3	-1.068765E+4	8.192160E+3	-1.723520E+4
2.872000E+1	-6.767905E+0	2.711524E+0	-6.767477E+0	1.852448E-1	2.382456E+3	-1.871774E+3	4.657450E+3	-2.916834E+3	6.947502E+3	-1.068748E+4	8.192160E+3	-1.723520E+4
2.873000E+1	-6.758516E+0	2.967165E+0	-6.758088E+0	1.853406E-1	2.386070E+3	-1.875402E+3	4.657529E+3	-2.915070E+3	6.950872E+3	-1.068024E+4	8.192081E+3	-1.723150E+4
2.874000E+1	-6.749050E+0	2.848811E+0	-6.748622E+0	1.854372E-1	2.386070E+3	-1.875087E+3	4.657686E+3	-2.915070E+3	6.950557E+3	-1.068070E+4	8.191924E+3	-1.723150E+4
2.875000E+1	-6.738879E+0	2.747260E+0	-6.738451E+0	1.855410E-1	2.386070E+3	-1.874773E+3	4.657844E+3	-2.915070E+3	6.950243E+3	-1.068117E+4	8.191766E+3	-1.723150E+4
2.876000E+1	-6.728446E+0	2.742537E+0	-6.728018E+0	1.856475E-1	2.386070E+3	-1.874458E+3	4.658001E+3	-2.915070E+3	6.949928E+3	-1.068164E+4	8.191609E+3	-1.723150E+4
2.877000E+1	-6.718850E+0	2.940669E+0	-6.718422E+0	1.857454E-1	2.386070E+3	-1.874144E+3	4.658158E+3	-2.915070E+3	6.949614E+3	-1.068210E+4	8.191452E+3	-1.723150E+4
2.878000E+1	-6.709220E+0	2.874982E+0	-6.708792E+0	1.858436E-1	2.386070E+3	-1.873830E+3	4.658315E+3	-2.915070E+3	6.949300E+3	-1.068257E+4	8.191295E+3	-1.723150E+4
2.879000E+1	-6.699803E+0	2.708759E+0	-6.699375E+0	1.859397E-1	2.386070E+3	-1.873515E+3	4.658472E+3	-2.915070E+3	6.948985E+3	-1.068304E+4	8.191138E+3	-1.723150E+4
2.880000E+1	-6.690240E+0	2.692499E+0	-6.689812E+0	1.860373E-1	2.386070E+3	-1.873201E+3	4.658630E+3	-2.915070E+3	6.948671E+3	-1.068351E+4	8.190980E+3	-1.723150E+4
2.881000E+1	-6.680424E+0	2.851590E+0	-6.679996E+0	1.861375E-1	2.386070E+3	-1.872886E+3	4.658787E+3	-2.915070E+3	6.948356E+3	-1.068397E+4	8.190823E+3	-1.723150E+4
2.882000E+1	-6.671102E+0	2.873272E+0	-6.670674E+0	1.862326E-1	2.386070E+3	-1.872572E+3	4.658944E+3	-2.915070E+3	6.948042E+3	-1.068444E+4	8.190666E+3	-1.723150E+4
2.883000E+1	-6.661446E+0	2.818308E+0	-6.661018E+0	1.863311E-1	2.386070E+3	-1.872258E+3	4.659101E+3	-2.915070E+3	6.947728E+3	-1.068491E+4	8.190509E+3	-1.723150E+4
2.884000E+1	-6.652299E+0	2.778482E+0	-6.651871E+0	1.864245E-1	2.386070E+3	-1.871943E+3	4.659258E+3	-2.915070E+3	6.947413E+3	-1.068538E+4	8.190352E+3	-1.723150E+4
2.885000E+1	-6.643302E+0	2.810151E+0	-6.642874E+0	1.865163E-1	2.385509E+3	-1.875726E+3	4.657450E+3	-2.916193E+3	6.945480E+3	-1.068370E+4	8.184926E+3	-1.723275E+4
2.886000E+1	-6.634039E+0	2.933304E+0	-6.633611E+0	1.866108E-1	2.384625E+3	-1.873076E+3	4.657450E+3	-2.917959E+3	6.945480E+3	-1.068370E+4	8.182276E+3	-1.723189E+4
2.887000E+1	-6.624506E+0	2.802162E+0	-6.624078E+0	1.867081E-1	2.384220E+3	-1.872124E+3	4.657714E+3	-2.918770E+3	6.945744E+3	-1.068343E+4	8.180796E+3	-1.723176E+4
2.888000E+1	-6.614147E+0	2.800804E+0	-6.613719E+0	1.868138E-1	2.384220E+3	-1.872612E+3	4.658202E+3	-2.918770E+3	6.946232E+3	-1.068293E+4	8.180308E+3	-1.723223E+4
2.889000E+1	-6.603894E+0	2.759309E+0	-6.603466E+0	1.869184E-1	2.384220E+3	-1.873100E+3	4.658690E+3	-2.918770E+3	6.946720E+3	-1.068243E+4	8.179820E+3	-1.723271E+4
2.890000E+1	-6.595360E+0	2.839160E+0	-6.594932E+0	1.870055E-1	2.384220E+3	-1.873589E+3	4.659179E+3	-2.918770E+3	6.947209E+3	-1.068192E+4	8.179331E+3	-1.723318E+4
2.891000E+1	-6.586733E+0	2.862924E+0	-6.586305E+0	1.870935E-1	2.384868E+3	-1.873710E+3	4.659624E+3	-2.918446E+3	6.947330E+3	-1.068148E+4	8.180830E+3	-1.723298E+4
2.892000E+1	-6.577409E+0	2.841319E+0	-6.576981E+0	1.871886E-1	2.385731E+3	-1.873710E+3	4.660055E+3	-2.918015E+3	6.947330E+3	-1.068106E+4	8.182987E+3	-1.723256E+4
2.893000E+1	-6.567681E+0	2.790597E+0	-6.567253E+0	1.872879E-1	2.386594E+3	-1.873710E+3	4.660487E+3	-2.917583E+3	6.947330E+3	-1.068065E+4	8.185144E+3	-1.723215E+4
2.894000E+1	-6.557969E+0	2.815146E+0	-6.557541E+0	1.873870E-1	2.387456E+3	-1.873710E+3	4.660918E+3	-2.917152E+3	6.947330E+3	-1.068023E+4	8.187301E+3	-1.723173E+4
2.895000E+1	-6.547977E+0	2.885077E+0	-6.547549E+0	1.874890E-1	2.387652E+3	-1.873442E+3	4.660614E+3	-2.916652E+3	6.946527E+3	-1.068080E+4	8.187656E+3	-1.723176E+4
2.896000E+1	-6.538340E+0	2.835733E+0	-6.537912E+0	1.875873E-1	2.387072E+3	-1.872862E+3	4.659454E+3	-2.916072E+3	6.944791E+3	-1.068252E+4	8.185916E+3	-1.723232E+4
2.897000E+1	-6.529439E+0	2.669614E+0	-6.529011E+0	1.876781E-1	2.386492E+3	-1.872282E+3	4.658295E+3	-2.915492E+3	6.943055E+3	-1.068424E+4	8.184177E+3	-1.723289E+4
2.898000E+1	-6.519901E+0	2.819343E+0	-6.519473E+0	1.877755E-1	2.385869E+3	-1.871961E+3	4.657450E+3	-2.915070E+3	6.941589E+3	-1.068550E+4	8.182709E+3	-1.723350E+4
2.899000E+1	-6.510812E+0	2.928041E+0	-6.510384E+0	1.878682E-1	2.385127E+3	-1.872332E+3	4.657450E+3	-2.915070E+3	6.940847E+3	-1.068550E+4	8.181967E+3	-1.723424E+4
2.900000E+1	-6.501148E+0	2.834085E+0	-6.500720E+0	1.879668E-1	2.384385E+3	-1.872703E+3	4.657450E+3	-2.915070E+3	6.940105E+3	-1.068550E+4	8.181225E+3	-1.723499E+4
2.901000E+1	-6.490325E+0	2.744289E+0	-6.489897E+0	1.880773E-1	2.383643E+3	-1.873074E+3	4.657450E+3	-2.915070E+3	6.939363E+3	-1.068550E+4	8.180483E+3	-1.723573E+4
2.902000E+1	-6.480376E+0	2.755369E+0	-6.479948E+0	1.881788E-1	2.382901E+3	-1.873445E+3	4.657450E+3	-2.915070E+3	6.938621E+3	-1.068550E+4	8.179741E+3	-1.723647E+4
2.903000E+1	-6.470206E+0	2.887756E+0	-6.469778E+0	1.882825E-1	2.382326E+3	-1.873710E+3	4.657406E+3	-2.915158E+3	6.938046E+3	-1.068541E+4	8.179122E+3	-1.723700E+4
2.904000E+1	-6.460134E+0	2.765498E+0	-6.459706E+0	1.883853E-1	2.382171E+3	-1.873710E+3	4.657251E+3	-2.915467E+3	6.937891E+3	-1.068510E+4	8.178813E+3	-1.723700E+4
2.905000E+1	-6.450830E+0	2.720252E+0	-6.450402E+0	1.884803E-1	2.382017E+3	-1.873710E+3	4.657097E+3	-2.915776E+3	6.937737E+3	-1.068479E+4	8.178504E+3	-1.723700E+4
2.906000E+1	-6.440860E+0	2.717519E+0	-6.440432E+0	1.885820E-1	2.381862E+3	-1.873710E+3	4.656942E+3	-2.916085E+3	6.937582E+3	-1.068448E+4	8.178195E+3	-1.723700E+4
2.907000E+1	-6.431648E+0	2.867015E+0	-6.431220E+0	1.886760E-1	2.381708E+3	-1.873710E+3	4.656788E+3	-2.916395E+3	6.937428E+3	-1.068418E+4	8.177885E+3	-1.723700E+4
2.908000E+1	-6.422268E+0	2.918743E+0	-6.421840E+0	1.887717E-1	2.381553E+3	-1.873710E+3	4.656633E+3	-2.916704E+3	6.937273E+3	-1.068387E+4	8.177576E+3	-1.723700E+4
2.909000E+1	-6.412045E+0	2.814796E+0	-6.411616E+0	1.888760E-1	2.381399E+3	-1.873710E+3	4.656479E+3	-2.917013E+3	6.937119E+3	-1.068356E+4	8.177267E+3	-1.723700E+4
2.910000E+1	-6.402106E+0	2.743111E+0	-6.401678E+0	1.889774E-1	2.381244E+3	-1.873710E+3	4.656324E+3	-2.917322E+3	6.936964E+3	-1.068325E+4	8.176958E+3	-1.723700E+4
2.911000E+1	-6.393041E+0	2.762048E+0	-6.392613E+0	1.890699E-1	2.381089E+3	-1.873710E+3	4.656169E+3	-2.917631E+3	6.936809E+3	-1.068294E+4	8.176649E+3	-1.723700E+4
2.912000E+1	-6.383473E+0	2.854626E+0	-6.383045E+0	1.891676E-1	2.380935E+3	-1.873710E+3	4.656015E+3	-2.917940E+3	6.936655E+3	-1.068263E+4	8.176340E+3	-1.723700E+4
2.913000E+1	-6.373447E+0	2.887927E+0	-6.373019E+0	1.892699E-1	2.380780E+3	-1.873710E+3	4.655860E+3	-2.918250E+3	6.936500E+3	-1.068232E+4	8.176030E+3	-1.723700E+4
2.914000E+1	-6.362486E+0	2.771585E+0	-6.362058E+0	1.893817E-1	2.380626E+3	-1.873710E+3	4.655706E+3	-2.918559E+3	6.936346E+3	-1.068201E+4	8.175721E+3	-1.723700E+4
2.915000E+1	-6.351526E+0	2.742201E+0	-6.351098E+0	1.894936E-1	2.380520E+3	-1.873762E+3	4.655600E+3	-2.918822E+3	6.936240E+3	-1.068185E+4	8.175405E+3	-1.723700E+4
2.916000E+1	-6.341382E+0	2.900890E+0	-6.340954E+0	1.895971E-1	2.380520E+3	-1.873928E+3	4.655600E+3	-2.918988E+3	6.936240E+3	-1.068202E+4	8.175074E+3	-1.723700E+4
2.917000E+1	-6.330798E+0	2.807290E+0	-6.330370E+0	1.897051E-1	2.380520E+3	-1.874094E+3	4.655600E+3	-2.919154E+3	6.936240E+3	-1.068219E+4	8.174743E+3	-1.723700E+4
2.918000E+1	-6.320127E+0	2.844116E+0	-6.319699E+0	1.898140E-1	2.380520E+3	-1.874259E+3	4.655600E+3	-2.919319E+3	6.936240E+3	-1.068236E+4	8.174411E+3	-1.723700E+4
2.919000E+1	-6.309791E+0	2.747388E+0	-6.309363E+0	1.899194E-1	2.380520E+3	-1.874425E+3	4.655600E+3	-2.919485E+3	6.936240E+3	-1.068253E+4	8.174080E+3	-1.723700E+4
2.920000E+1	-6.299558E+0	2.923574E+0	-6.299130E+0	1.900239E-1	2.380520E+3	-1.874591E+3	4.655600E+3	-2.919651E+3	6.936240E+3	-1.068270E+4	8.173749E+3	-1.723700E+4
2.921000E+1	-6.290263E+0	2.910879E+0	-6.289835E+0	1.901187E-1	2.380520E+3	-1.874756E+3	4.655600E+3	-2.919816E+3	6.936240E+3	-1.068287E+4	8.173418E+3	-1.723700E+4
2.922000E+1	-6.281017E+0	2.779233E+0	-6.280589E+0	1.902131E-1	2.380520E+3	-1.874922E+3	4.655600E+3	-2.919982E+3	6.936240E+3	-1.068304E+4	8.173086E+3	-1.723700E+4
2.923000E+1	-6.272332E+0	2.747168E+0	-6.271904E+0	1.903017E-1	2.380520E+3	-1.875087E+3	4.655600E+3	-2.920147E+3	6.936240E+3	-1.068321E+4	8.172755E+3	-1.723700E+4
2.924000E+1	-6.262650E+0	2.915294E+0	-6.262221E+0	1.904005E-1	2.380520E+3	-1.875253E+3	4.655600E+3	-2.920313E+3	6.936240E+3	-1.068338E+4	8.172424E+3	-1.723700E+4
2.925000E+1	-6.252614E+0	2.895274E+0	-6.252186E+0	1.905029E-1	2.380520E+3	-1.875419E+3	4.655600E+3	-2.920479E+3	6.936240E+3	-1.068355E+4	8.172093E+3	-1.723700E+4
2.926000E+1	-6.242443E+0	2.822227E+0	-6.242015E+0	1.906067E-1	2.380520E+3	-1.878276E+3	4.656958E+3	-2.920620E+3	6.937598E+3	-1.068231E+4	8.171810E+3	-1.723568E+4
2.927000E+1	-6.232811E+0	2.729602E+0	-6.232383E+0	1.907050E-1	2.382965E+3	-1.870010E+3	4.655600E+3	-2.916261E+3	6.931285E+3	-1.068428E+4	8.171215E+3	-1.723829E+4
2.928000E+1	-6.223841E+0	2.871385E+0	-6.223413E+0	1.907965E-1	2.382370E+3	-1.870384E+3	4.655600E+3	-2.915195E+3	6.930690E+3	-1.068345E+4	8.171685E+3	-1.723877E+4
2.929000E+1	-6.214371E+0	2.937644E+0	-6.213943E+0	1.908931E-1	2.382370E+3	-1.871062E+3	4.655600E+3	-2.915421E+3	6.930690E+3	-1.068300E+4	8.171459E+3	-1.723854E+4
2.930000E+1	-6.204649E+0	2.878265E+0	-6.204221E+0	1.909923E-1	2.382370E+3	-1.871741E+3	4.655600E+3	-2.915647E+3	6.930690E+3	-1.068255E+4	8.171233E+3	-1.723831E+4
2.931000E+1	-6.195009E+0	2.837750E+0	-6.194581E+0	1.910907E-1	2.382370E+3	-1.872420E+3	4.655600E+3	-2.915873E+3	6.930690E+3	-1.068209E+4	8.171007E+3	-1.723808E+4
2.932000E+1	-6.185090E+0	2.739378E+0	-6.184662E+0	1.911919E-1	2.382370E+3	-1.873098E+3	4.655600E+3	-2.916099E+3	6.930690E+3	-1.068164E+4	8.170781E+3	-1.723784E+4
2.933000E+1	-6.174974E+0	2.844273E+0	-6.174546E+0	1.912951E-1	2.382370E+3	-1.873777E+3	4.655600E+3	-2.916326E+3	6.930690E+3	-1.068119E+4	8.170554E+3	-1.723761E+4
2.934000E+1	-6.164874E+0	2.791232E+0	-6.164446E+0	1.913982E-1	2.382370E+3	-1.874456E+3	4.655600E+3	-2.916552E+3	6.930690E+3	-1.068074E+4	8.170328E+3	-1.723738E+4
2.935000E+1	-6.154742E+0	2.728423E+0	-6.154314E+0	1.915016E-1	2.382370E+3	-1.875134E+3	4.655600E+3	-2.916778E+3	6.930690E+3	-1.068028E+4	8.170102E+3	-1.723715E+4
2.936000E+1	-6.144796E+0	2.752386E+0	-6.144368E+0	1.916031E-1	2.382370E+3	-1.875560E+3	4.655139E+3	-2.917841E+3	6.930229E+3	-1.068045E+4	8.168117E+3	-1.723700E+4
2.937000E+1	-6.135202E+0	2.857279E+0	-6.134774E+0	1.917010E-1	2.382370E+3	-1.875560E+3	4.653903E+3	-2.920315E+3	6.928993E+3	-1.068165E+4	8.163171E+3	-1.723700E+4
2.938000E+1	-6.125823E+0	2.875709E+0	-6.125395E+0	1.917967E-1	2.382370E+3	-1.875095E+3	4.654679E+3	-2.920620E+3	6.929769E+3	-1.068135E+4	8.163489E+3	-1.723655E+4
2.939000E+1	-6.116395E+0	2.754256E+0	-6.115967E+0	1.918929E-1	2.382370E+3	-1.874565E+3	4.655739E+3	-2.920620E+3	6.930829E+3	-1.068083E+4	8.164549E+3	-1.723603E+4
2.940000E+1	-6.107560E+0	2.787124E+0	-6.107132E+0	1.919830E-1	2.382370E+3	-1.874035E+3	4.656799E+3	-2.920620E+3	6.931889E+3	-1.068032E+4	8.165609E+3	-1.723552E+4
2.941000E+1	-6.098586E+0	2.827763E+0	-6.098158E+0	1.920746E-1	2.382554E+3	-1.873710E+3	4.657450E+3	-2.920528E+3	6.932632E+3	-1.067991E+4	8.166627E+3	-1.723511E+4
2.942000E+1	-6.089168E+0	2.886069E+0	-6.088740E+0	1.921707E-1	2.383029E+3	-1.873710E+3	4.657450E+3	-2.920290E+3	6.932870E+3	-1.067966E+4	8.167578E+3	-1.723486E+4
2.943000E+1	-6.080185E+0	2.784575E+0	-6.079757E+0	1.922624E-1	2.383505E+3	-1.873710E+3	4.657450E+3	-2.920053E+3	6.933107E+3	-1.067942E+4	8.168530E+3	-1.723462E+4
2.944000E+1	-6.070479E+0	2.803971E+0	-6.070051E+0	1.923614E-1	2.383980E+3	-1.873710E+3	4.657450E+3	-2.919815E+3	6.933345E+3	-1.067917E+4	8.169481E+3	-1.723437E+4
2.945000E+1	-6.060744E+0	2.805395E+0	-6.060316E+0	1.924607E-1	2.384456E+3	-1.873710E+3	4.657450E+3	-2.919577E+3	6.933583E+3	-1.067893E+4	8.170432E+3	-1.723413E+4
2.946000E+1	-6.050870E+0	2.844866E+0	-6.050442E+0	1.925615E-1	2.384932E+3	-1.873710E+3	4.657450E+3	-2.919339E+3	6.933821E+3	-1.067868E+4	8.171383E+3	-1.723388E+4
2.947000E+1	-6.040981E+0	2.755685E+0	-6.040553E+0	1.926624E-1	2.385407E+3	-1.873710E+3	4.657450E+3	-2.919101E+3	6.934059E+3	-1.067844E+4	8.172335E+3	-1.723364E+4
2.948000E+1	-6.031805E+0	2.795395E+0	-6.031377E+0	1.927560E-1	2.385883E+3	-1.873710E+3	4.657450E+3	-2.918864E+3	6.934296E+3	-1.067820E+4	8.173286E+3	-1.723340E+4
2.949000E+1	-6.022409E+0	2.717975E+0	-6.021981E+0	1.928519E-1	2.382109E+3	-1.868421E+3	4.655600E+3	-2.916920E+3	6.930168E+3	-1.068343E+4	8.167849E+3	-1.723727E+4
2.950000E+1	-6.012992E+0	2.943938E+0	-6.012564E+0	1.929480E-1	2.381594E+3	-1.868936E+3	4.655600E+3	-2.916920E+3	6.929137E+3	-1.068290E+4	8.167334E+3	-1.723780E+4
2.951000E+1	-6.003653E+0	2.876256E+0	-6.003225E+0	1.930433E-1	2.381078E+3	-1.869452E+3	4.655600E+3	-2.916920E+3	6.928107E+3	-1.068237E+4	8.166818E+3	-1.723833E+4
2.952000E+1	-5.994440E+0	2.749306E+0	-5.994012E+0	1.931373E-1	2.380563E+3	-1.869967E+3	4.655600E+3	-2.916920E+3	6.927076E+3	-1.068184E+4	8.166303E+3	-1.723886E+4
2.953000E+1	-5.985922E+0	2.659631E+0	-5.985494E+0	1.932242E-1	2.380945E+3	-1.870010E+3	4.655600E+3	-2.917770E+3	6.926990E+3	-1.068139E+4	8.165835E+3	-1.723846E+4
2.954000E+1	-5.975310E+0	2.852239E+0	-5.974882E+0	1.933325E-1	2.381409E+3	-1.870010E+3	4.655600E+3	-2.918698E+3	6.926990E+3	-1.068094E+4	8.165371E+3	-1.723799E+4
2.955000E+1	-5.965040E+0	2.891658E+0	-5.964612E+0	1.934373E-1	2.381873E+3	-1.870010E+3	4.655600E+3	-2.919625E+3	6.926990E+3	-1.068048E+4	8.164907E+3	-1.723751E+4
2.956000E+1	-5.954742E+0	2.831235E+0	-5.954314E+0	1.935424E-1	2.382336E+3	-1.870010E+3	4.655600E+3	-2.920552E+3	6.926990E+3	-1.068003E+4	8.164444E+3	-1.723703E+4
2.957000E+1	-5.944370E+0	2.737013E+0	-5.943942E+0	1.936482E-1	2.382728E+3	-1.870010E+3	4.655600E+3	-2.920620E+3	6.926990E+3	-1.068000E+4	8.163335E+3	-1.723665E+4
2.958000E+1	-5.933820E+0	2.831479E+0	-5.933392E+0	1.937559E-1	2.383115E+3	-1.870010E+3	4.655600E+3	-2.920620E+3	6.926990E+3	-1.068000E+4	8.162176E+3	-1.723628E+4
2.959000E+1	-5.923690E+0	2.913733E+0	-5.923262E+0	1.938592E-1	2.383501E+3	-1.870010E+3	4.655600E+3	-2.920620E+3	6.926990E+3	-1.068000E+4	8.161016E+3	-1.723590E+4
2.960000E+1	-5.913926E+0	2.869762E+0	-5.913498E+0	1.939589E-1	2.383888E+3	-1.870010E+3	4.655600E+3	-2.920620E+3	6.926990E+3	-1.068000E+4	8.159857E+3	-1.723552E+4
2.961000E+1	-5.904552E+0	2.780569E+0	-5.904124E+0	1.940545E-1	2.384220E+3	-1.870125E+3	4.655658E+3	-2.920620E+3	6.927105E+3	-1.067988E+4	8.159091E+3	-1.723514E+4
2.962000E+1	-5.895301E+0	2.750217E+0	-5.894873E+0	1.941489E-1	2.384220E+3	-1.870950E+3	4.656070E+3	-2.920620E+3	6.927930E+3	-1.067906E+4	8.160740E+3	-1.723472E+4
2.963000E+1	-5.886201E+0	2.945520E+0	-5.885773E+0	1.942418E-1	2.384220E+3	-1.871774E+3	4.656482E+3	-2.920620E+3	6.928754E+3	-1.067824E+4	8.162389E+3	-1.723429E+4
2.964000E+1	-5.876882E+0	2.878483E+0	-5.876454E+0	1.943369E-1	2.384220E+3	-1.872599E+3	4.656894E+3	-2.920620E+3	6.929579E+3	-1.067741E+4	8.164037E+3	-1.723387E+4
2.965000E+1	-5.866867E+0	2.749681E+0	-5.866439E+0	1.944391E-1	2.384220E+3	-1.873423E+3	4.657307E+3	-2.920620E+3	6.930403E+3	-1.067659E+4	8.165686E+3	-1.723345E+4
2.966000E+1	-5.856713E+0	2.759508E+0	-5.856285E+0	1.945427E-1	2.384326E+3	-1.873604E+3	4.657450E+3	-2.920408E+3	6.930584E+3	-1.067640E+4	8.166260E+3	-1.723330E+4
2.967000E+1	-5.847504E+0	2.909506E+0	-5.847076E+0	1.946367E-1	2.384489E+3	-1.873441E+3	4.657450E+3	-2.920082E+3	6.930421E+3	-1.067656E+4	8.166260E+3	-1.723330E+4
2.968000E+1	-5.837666E+0	3.002259E+0	-5.837238E+0	1.947370E-1	2.384652E+3	-1.873278E+3	4.657450E+3	-2.919757E+3	6.930258E+3	-1.067672E+4	8.166260E+3	-1.723330E+4
2.969000E+1	-5.826822E+0	2.813151E+0	-5.826394E+0	1.948477E-1	2.384814E+3	-1.873116E+3	4.657450E+3	-2.919432E+3	6.930096E+3	-1.067688E+4	8.166260E+3	-1.723330E+4
2.970000E+1	-5.816504E+0	2.702755E+0	-5.816076E+0	1.949530E-1	2.384977E+3	-1.872953E+3	4.657450E+3	-2.919106E+3	6.929933E+3	-1.067704E+4	8.166260E+3	-1.723330E+4
2.971000E+1	-5.807114E+0	2.792229E+0	-5.806686E+0	1.950488E-1	2.385140E+3	-1.872790E+3	4.657450E+3	-2.918781E+3	6.929770E+3	-1.067719E+4	8.166260E+3	-1.723330E+4
2.972000E+1	-5.796680E+0	2.969044E+0	-5.796252E+0	1.951553E-1	2.385302E+3	-1.872628E+3	4.657450E+3	-2.918455E+3	6.929608E+3	-1.067735E+4	8.166260E+3	-1.723330E+4
2.973000E+1	-5.786225E+0	2.909158E+0	-5.785797E+0	1.952620E-1	2.385465E+3	-1.872465E+3	4.657450E+3	-2.918130E+3	6.929445E+3	-1.067751E+4	8.166260E+3	-1.723330E+4
2.974000E+1	-5.776203E+0	2.728773E+0	-5.775775E+0	1.953642E-1	2.385628E+3	-1.872302E+3	4.657450E+3	-2.917804E+3	6.929282E+3	-1.067767E+4	8.166260E+3	-1.723330E+4
2.975000E+1	-5.766539E+0	2.840018E+0	-5.766111E+0	1.954628E-1	2.385791E+3	-1.872139E+3	4.657450E+3	-2.917479E+3	6.929119E+3	-1.067783E+4	8.166260E+3	-1.723330E+4
2.976000E+1	-5.756762E+0	2.982876E+0	-5.756334E+0	1.955626E-1	2.385953E+3	-1.871977E+3	4.657450E+3	-2.917154E+3	6.928957E+3	-1.067799E+4	8.166260E+3	-1.723330E+4
2.977000E+1	-5.746967E+0	2.841487E+0	-5.746539E+0	1.956625E-1	2.382346E+3	-1.870034E+3	4.657426E+3	-2.918794E+3	6.921416E+3	-1.067813E+4	8.160588E+3	-1.723698E+4
2.978000E+1	-5.736972E+0	2.772572E+0	-5.736544E+0	1.957645E-1	2.382259E+3	-1.870121E+3	4.657339E+3	-2.918881E+3	6.921329E+3	-1.067821E+4	8.160155E+3	-1.723689E+4
2.979000E+1	-5.727647E+0	2.767821E+0	-5.727219E+0	1.958597E-1	2.382172E+3	-1.870208E+3	4.657252E+3	-2.918968E+3	6.921242E+3	-1.067830E+4	8.159722E+3	-1.723681E+4
2.980000E+1	-5.718006E+0	2.995594E+0	-5.717578E+0	1.959581E-1	2.382085E+3	-1.870295E+3	4.657165E+3	-2.919055E+3	6.921155E+3	-1.067839E+4	8.159289E+3	-1.723672E+4
2.981000E+1	-5.708449E+0	2.946663E+0	-5.708021E+0	1.960556E-1	2.381999E+3	-1.870381E+3	4.657079E+3	-2.919141E+3	6.921069E+3	-1.067848E+4	8.158856E+3	-1.723664E+4
2.982000E+1	-5.698736E+0	2.763533E+0	-5.698308E+0	1.961547E-1	2.381912E+3	-1.870468E+3	4.656992E+3	-2.919228E+3	6.920982E+3	-1.067857E+4	8.158423E+3	-1.723655E+4
2.983000E+1	-5.688674E+0	2.748366E+0	-5.688246E+0	1.962574E-1	2.381825E+3	-1.870555E+3	4.656905E+3	-2.919315E+3	6.920895E+3	-1.067866E+4	8.157990E+3	-1.723647E+4
2.984000E+1	-5.678720E+0	2.867376E+0	-5.678291E+0	1.963589E-1	2.381739E+3	-1.870641E+3	4.656819E+3	-2.919401E+3	6.920809E+3	-1.067875E+4	8.157557E+3	-1.723639E+4
2.985000E+1	-5.668562E+0	2.950442E+0	-5.668134E+0	1.964626E-1	2.381652E+3	-1.870728E+3	4.656732E+3	-2.919488E+3	6.920722E+3	-1.067884E+4	8.157124E+3	-1.723630E+4
2.986000E+1	-5.658858E+0	2.889314E+0	-5.658430E+0	1.965616E-1	2.381565E+3	-1.870815E+3	4.656645E+3	-2.919575E+3	6.920635E+3	-1.067893E+4	8.156691E+3	-1.723622E+4
2.987000E+1	-5.649329E+0	2.785080E+0	-5.648901E+0	1.966589E-1	2.381479E+3	-1.870901E+3	4.656559E+3	-2.919661E+3	6.920549E+3	-1.067902E+4	8.156258E+3	-1.723613E+4
2.988000E+1	-5.638928E+0	2.838407E+0	-5.638500E+0	1.967650E-1	2.381392E+3	-1.870988E+3	4.656472E+3	-2.919748E+3	6.920462E+3	-1.067910E+4	8.155826E+3	-1.723605E+4
2.989000E+1	-5.629126E+0	2.996639E+0	-5.628698E+0	1.968650E-1	2.381305E+3	-1.871075E+3	4.656385E+3	-2.919835E+3	6.920375E+3	-1.067919E+4	8.155393E+3	-1.723596E+4
2.990000E+1	-5.619249E+0	2.898508E+0	-5.618820E+0	1.969658E-1	2.381219E+3	-1.871161E+3	4.656299E+3	-2.919921E+3	6.920289E+3	-1.067928E+4	8.154960E+3	-1.723588E+4
2.991000E+1	-5.609547E+0	2.803147E+0	-5.609119E+0	1.970648E-1	2.381132E+3	-1.871248E+3	4.656212E+3	-2.920008E+3	6.920202E+3	-1.067937E+4	8.154527E+3	-1.723580E+4
2.992000E+1	-5.599915E+0	2.837660E+0	-5.599487E+0	1.971631E-1	2.381045E+3	-1.871335E+3	4.656125E+3	-2.920095E+3	6.920115E+3	-1.067946E+4	8.154094E+3	-1.723571E+4
2.993000E+1	-5.590412E+0	3.044167E+0	-5.589984E+0	1.972600E-1	2.380959E+3	-1.871421E+3	4.656039E+3	-2.920181E+3	6.920029E+3	-1.067955E+4	8.153661E+3	-1.723563E+4
2.994000E+1	-5.580885E+0	2.854444E+0	-5.580457E+0	1.973573E-1	2.380872E+3	-1.871508E+3	4.655952E+3	-2.920268E+3	6.919942E+3	-1.067964E+4	8.153228E+3	-1.723554E+4
2.995000E+1	-5.571806E+0	2.793076E+0	-5.571378E+0	1.974499E-1	2.380785E+3	-1.871595E+3	4.655865E+3	-2.920355E+3	6.919855E+3	-1.067973E+4	8.152795E+3	-1.723546E+4
2.996000E+1	-5.563184E+0	2.835358E+0	-5.562756E+0	1.975379E-1	2.380699E+3	-1.871681E+3	4.655779E+3	-2.920441E+3	6.919769E+3	-1.067982E+4	8.152362E+3	-1.723537E+4
2.997000E+1	-5.554815E+0	2.890076E+0	-5.554387E+0	1.976233E-1	2.380612E+3	-1.871768E+3	4.655692E+3	-2.920528E+3	6.919682E+3	-1.067991E+4	8.151929E+3	-1.723529E+4
2.998000E+1	-5.546107E+0	2.950904E+0	-5.545679E+0	1.977121E-1	2.380525E+3	-1.871855E+3	4.655605E+3	-2.920615E+3	6.919595E+3	-1.067999E+4	8.151496E+3	-1.723521E+4
2.999000E+1	-5.536906E+0	2.871192E+0	-5.536478E+0	1.978060E-1	2.382478E+3	-1.874979E+3	4.656181E+3	-2.916920E+3	6.920278E+3	-1.068057E+4	8.155848E+3	-1.723577E+4
3.000000E+1	-5.527201E+0	2.799281E+0	-5.526773E+0	1.979051E-1	2.380622E+3	-1.874361E+3	4.656799E+3	-2.916920E+3	6.919042E+3	-1.068117E+4	8.154612E+3	-1.723637E+4
3.001000E+1	-5.516917E+0	2.880432E+0	-5.516488E+0	1.980100E-1	2.378767E+3	-1.873742E+3	4.657418E+3	-2.916920E+3	6.917805E+3	-1.068177E+4	8.153375E+3	-1.723697E+4
3.002000E+1	-5.507612E+0	2.836775E+0	-5.507184E+0	1.981049E-1	2.378823E+3	-1.873710E+3	4.657297E+3	-2.917073E+3	6.917434E+3	-1.068149E+4	8.153158E+3	-1.723716E+4
3.003000E+1	-5.498783E+0	2.815708E+0	-5.498355E+0	1.981950E-1	2.378984E+3	-1.873710E+3	4.657136E+3	-2.917234E+3	6.917112E+3	-1.068117E+4	8.152998E+3	-1.723732E+4
3.004000E+1	-5.488959E+0	2.793919E+0	-5.488531E+0	1.982953E-1	2.379145E+3	-1.873710E+3	4.656975E+3	-2.917395E+3	6.916789E+3	-1.068085E+4	8.152837E+3	-1.723749E+4
3.005000E+1	-5.479008E+0	2.812902E+0	-5.478580E+0	1.983968E-1	2.379307E+3	-1.873710E+3	4.656813E+3	-2.917557E+3	6.916467E+3	-1.068053E+4	8.152677E+3	-1.723765E+4
3.006000E+1	-5.469809E+0	2.892569E+0	-5.469381E+0	1.984907E-1	2.379468E+3	-1.873710E+3	4.656652E+3	-2.917718E+3	6.916144E+3	-1.068020E+4	8.152516E+3	-1.723782E+4
3.007000E+1	-5.460754E+0	2.868772E+0	-5.460326E+0	1.985831E-1	2.379629E+3	-1.873710E+3	4.656491E+3	-2.917879E+3	6.915821E+3	-1.067988E+4	8.152356E+3	-1.723799E+4
3.008000E+1	-5.450984E+0	2.833489E+0	-5.450556E+0	1.986828E-1	2.379791E+3	-1.873710E+3	4.656329E+3	-2.918041E+3	6.915499E+3	-1.067956E+4	8.152195E+3	-1.723815E+4
3.009000E+1	-5.441083E+0	2.745391E+0	-5.440655E+0	1.987838E-1	2.379952E+3	-1.873710E+3	4.656168E+3	-2.918202E+3	6.915176E+3	-1.067924E+4	8.152035E+3	-1.723832E+4
3.010000E+1	-5.431837E+0	2.880784E+0	-5.431409E+0	1.988782E-1	2.380113E+3	-1.873710E+3	4.656007E+3	-2.918363E+3	6.914854E+3	-1.067891E+4	8.151875E+3	-1.723848E+4
3.011000E+1	-5.422057E+0	2.937034E+0	-5.421629E+0	1.989780E-1	2.380275E+3	-1.873710E+3	4.655845E+3	-2.918525E+3	6.914531E+3	-1.067859E+4	8.151714E+3	-1.723865E+4
3.012000E+1	-5.412702E+0	2.826072E+0	-5.412274E+0	1.990734E-1	2.380436E+3	-1.873710E+3	4.655684E+3	-2.918686E+3	6.914208E+3	-1.067827E+4	8.151554E+3	-1.723881E+4
3.013000E+1	-5.403520E+0	2.808360E+0	-5.403092E+0	1.991671E-1	2.380444E+3	-1.873634E+3	4.653674E+3	-2.924244E+3	6.912266E+3	-1.067637E+4	8.145769E+3	-1.723700E+4
3.014000E+1	-5.393539E+0	2.840626E+0	-5.393111E+0	1.992690E-1	2.380133E+3	-1.872550E+3	4.653750E+3	-2.923547E+3	6.911803E+3	-1.067745E+4	8.145147E+3	-1.723740E+4
3.015000E+1	-5.382612E+0	2.990543E+0	-5.382184E+0	1.993805E-1	2.379739E+3	-1.871366E+3	4.653750E+3	-2.922757E+3	6.911409E+3	-1.067862E+4	8.144357E+3	-1.723780E+4
3.016000E+1	-5.372660E+0	2.882987E+0	-5.372232E+0	1.994820E-1	2.379344E+3	-1.870182E+3	4.653750E+3	-2.921968E+3	6.911014E+3	-1.067980E+4	8.143568E+3	-1.723821E+4
3.017000E+1	-5.361471E+0	2.771709E+0	-5.361043E+0	1.995962E-1	2.378949E+3	-1.868998E+3	4.653750E+3	-2.921179E+3	6.910619E+3	-1.068097E+4	8.142779E+3	-1.723861E+4
3.018000E+1	-5.351153E+0	2.921605E+0	-5.350725E+0	1.997015E-1	2.378783E+3	-1.868273E+3	4.653863E+3	-2.920620E+3	6.910114E+3	-1.068180E+4	8.142107E+3	-1.723901E+4
3.019000E+1	-5.341904E+0	2.981706E+0	-5.341476E+0	1.997958E-1	2.379169E+3	-1.868659E+3	4.654249E+3	-2.920620E+3	6.909341E+3	-1.068180E+4	8.141721E+3	-1.723939E+4
3.020000E+1	-5.332441E+0	2.855355E+0	-5.332013E+0	1.998924E-1	2.379556E+3	-1.869046E+3	4.654636E+3	-2.920620E+3	6.908568E+3	-1.068180E+4	8.141334E+3	-1.723976E+4
3.021000E+1	-5.322822E+0	2.895895E+0	-5.322394E+0	1.999906E-1	2.379942E+3	-1.869432E+3	4.655022E+3	-2.920620E+3	6.907796E+3	-1.068180E+4	8.140948E+3	-1.724014E+4
3.022000E+1	-5.313356E+0	2.823285E+0	-5.312928E+0	2.000871E-1	2.380329E+3	-1.869819E+3	4.655409E+3	-2.920620E+3	6.907023E+3	-1.068180E+4	8.140561E+3	-1.724051E+4
3.023000E+1	-5.302885E+0	2.908734E+0	-5.302457E+0	2.001940E-1	2.380520E+3	-1.870888E+3	4.655307E+3	-2.920913E+3	6.906640E+3	-1.068152E+4	8.140077E+3	-1.724042E+4
3.024000E+1	-5.291764E+0	2.890857E+0	-5.291336E+0	2.003075E-1	2.380520E+3	-1.872627E+3	4.654728E+3	-2.921492E+3	6.906640E+3	-1.068095E+4	8.139498E+3	-1.723985E+4
3.025000E+1	-5.281295E+0	2.860312E+0	-5.280867E+0	2.004143E-1	2.380520E+3	-1.874366E+3	4.654148E+3	-2.922072E+3	6.906640E+3	-1.068039E+4	8.138918E+3	-1.723929E+4
3.026000E+1	-5.273290E+0	2.747366E+0	-5.272862E+0	2.004960E-1	2.380399E+3	-1.875439E+3	4.653508E+3	-2.922591E+3	6.906519E+3	-1.068000E+4	8.138036E+3	-1.723890E+4
3.027000E+1	-5.267367E+0	2.853001E+0	-5.266939E+0	2.005564E-1	2.380012E+3	-1.875052E+3	4.652735E+3	-2.922978E+3	6.906132E+3	-1.068000E+4	8.136490E+3	-1.723890E+4
3.028000E+1	-5.263366E+0	2.956969E+0	-5.262938E+0	2.005973E-1	2.379626E+3	-1.874666E+3	4.651962E+3	-2.923364E+3	6.905746E+3	-1.068000E+4	8.134944E+3	-1.723890E+4
3.029000E+1	-5.260552E+0	2.831084E+0	-5.260124E+0	2.006260E-1	2.379240E+3	-1.874280E+3	4.651189E+3	-2.923750E+3	6.905360E+3	-1.068000E+4	8.133398E+3	-1.723890E+4
3.030000E+1	-5.258796E+0	2.783626E+0	-5.258368E+0	2.006439E-1	2.378853E+3	-1.873893E+3	4.650416E+3	-2.924137E+3	6.904973E+3	-1.068000E+4	8.131852E+3	-1.723890E+4
3.031000E+1	-5.258104E+0	2.823867E+0	-5.257676E+0	2.006509E-1	2.378670E+3	-1.873710E+3	4.650105E+3	-2.924320E+3	6.904735E+3	-1.068000E+4	8.131120E+3	-1.723895E+4
3.032000E+1	-5.257659E+0	2.774606E+0	-5.257231E+0	2.006555E-1	2.378670E+3	-1.873710E+3	4.650210E+3	-2.924320E+3	6.904630E+3	-1.068000E+4	8.131120E+3	-1.723906E+4
3.033000E+1	-5.257191E+0	3.144837E+0	-5.256763E+0	2.006603E-1	2.378670E+3	-1.873710E+3	4.650315E+3	-2.924320E+3	6.904525E+3	-1.068000E+4	8.131120E+3	-1.723916E+4
3.034000E+1	-5.256863E+0	2.855909E+0	-5.256435E+0	2.006636E-1	2.378670E+3	-1.873710E+3	4.650420E+3	-2.924320E+3	6.904420E+3	-1.068000E+4	8.131120E+3	-1.723926E+4
3.035000E+1	-5.256279E+0	2.695670E+0	-5.255851E+0	2.006696E-1	2.378670E+3	-1.873710E+3	4.650524E+3	-2.924320E+3	6.904316E+3	-1.068000E+4	8.131120E+3	-1.723936E+4
3.036000E+1	-5.255853E+0	2.777398E+0	-5.255425E+0	2.006739E-1	2.378670E+3	-1.873710E+3	4.650629E+3	-2.924320E+3	6.904211E+3	-1.068000E+4	8.131120E+3	-1.723946E+4
3.037000E+1	-5.255657E+0	3.014055E+0	-5.255229E+0	2.006759E-1	2.378670E+3	-1.873710E+3	4.650734E+3	-2.924320E+3	6.904106E+3	-1.068000E+4	8.131120E+3	-1.723957E+4
3.038000E+1	-5.255529E+0	2.896855E+0	-5.255101E+0	2.006772E-1	2.378670E+3	-1.873710E+3	4.650839E+3	-2.924320E+3	6.904001E+3	-1.068000E+4	8.131120E+3	-1.723967E+4
3.039000E+1	-5.255199E+0	2.694299E+0	-5.254771E+0	2.006806E-1	2.378670E+3	-1.873710E+3	4.650944E+3	-2.924320E+3	6.903896E+3	-1.068000E+4	8.131120E+3	-1.723977E+4
3.040000E+1	-5.255034E+0	2.706900E+0	-5.254606E+0	2.006823E-1	2.378670E+3	-1.873710E+3	4.651048E+3	-2.924320E+3	6.903792E+3	-1.068000E+4	8.131120E+3	-1.723987E+4
3.041000E+1	-5.254884E+0	3.027489E+0	-5.254456E+0	2.006838E-1	2.378670E+3	-1.873710E+3	4.651153E+3	-2.924320E+3	6.903687E+3	-1.068000E+4	8.131120E+3	-1.723997E+4
3.042000E+1	-5.254705E+0	2.898727E+0	-5.254277E+0	2.006856E-1	2.378670E+3	-1.873710E+3	4.651258E+3	-2.924320E+3	6.903582E+3	-1.068000E+4	8.131120E+3	-1.724008E+4
3.043000E+1	-5.254502E+0	2.817776E+0	-5.254074E+0	2.006877E-1	2.378670E+3	-1.873710E+3	4.651363E+3	-2.924320E+3	6.903477E+3	-1.068000E+4	8.131120E+3	-1.724018E+4
3.044000E+1	-5.254207E+0	2.800718E+0	-5.253779E+0	2.006907E-1	2.378670E+3	-1.873710E+3	4.651468E+3	-2.924320E+3	6.903372E+3	-1.068000E+4	8.131120E+3	-1.724028E+4
3.045000E+1	-5.253856E+0	2.997329E+0	-5.253428E+0	2.006943E-1	2.378670E+3	-1.873710E+3	4.651572E+3	-2.924320E+3	6.903268E+3	-1.068000E+4	8.131120E+3	-1.724038E+4
3.046000E+1	-5.253663E+0	2.881970E+0	-5.253235E+0	2.006963E-1	2.378670E+3	-1.873710E+3	4.651677E+3	-2.924320E+3	6.903163E+3	-1.068000E+4	8.131120E+3	-1.724048E+4
3.047000E+1	-5.253400E+0	2.776778E+0	-5.252972E+0	2.006989E-1	2.378670E+3	-1.873710E+3	4.651782E+3	-2.924320E+3	6.903058E+3	-1.068000E+4	8.131120E+3	-1.724059E+4
3.048000E+1	-5.253265E+0	2.907381E+0	-5.252837E+0	2.007003E-1	2.378670E+3	-1.873710E+3	4.651887E+3	-2.924320E+3	6.902953E+3	-1.068000E+4	8.131120E+3	-1.724069E+4
3.049000E+1	-5.253109E+0	2.853081E+0	-5.252681E+0	2.007019E-1	2.377086E+3	-1.871860E+3	4.650050E+3	-2.924586E+3	6.897124E+3	-1.068154E+4	8.130589E+3	-1.724440E+4
3.050000E+1	-5.252935E+0	2.805147E+0	-5.252507E+0	2.007037E-1	2.377390E+3	-1.871860E+3	4.650050E+3	-2.924890E+3	6.896820E+3	-1.068125E+4	8.129981E+3	-1.724440E+4
3.051000E+1	-5.252818E+0	2.838404E+0	-5.252390E+0	2.007049E-1	2.377694E+3	-1.871860E+3	4.650050E+3	-2.925194E+3	6.896516E+3	-1.068095E+4	8.129373E+3	-1.724440E+4
3.052000E+1	-5.252741E+0	2.965839E+0	-5.252313E+0	2.007057E-1	2.377998E+3	-1.871860E+3	4.650050E+3	-2.925498E+3	6.896212E+3	-1.068065E+4	8.128764E+3	-1.724440E+4
3.053000E+1	-5.252589E+0	2.766657E+0	-5.252161E+0	2.007072E-1	2.378302E+3	-1.871860E+3	4.650050E+3	-2.925802E+3	6.895908E+3	-1.068036E+4	8.128156E+3	-1.724440E+4
3.054000E+1	-5.252478E+0	2.855952E+0	-5.252050E+0	2.007083E-1	2.378606E+3	-1.871860E+3	4.650050E+3	-2.926106E+3	6.895604E+3	-1.068006E+4	8.127548E+3	-1.724440E+4
3.055000E+1	-5.252379E+0	2.770359E+0	-5.251951E+0	2.007094E-1	2.378670E+3	-1.871860E+3	4.649896E+3	-2.926324E+3	6.895386E+3	-1.068015E+4	8.126803E+3	-1.724440E+4
3.056000E+1	-5.252324E+0	2.944572E+0	-5.251896E+0	2.007099E-1	2.378670E+3	-1.871860E+3	4.649701E+3	-2.926519E+3	6.895191E+3	-1.068034E+4	8.126022E+3	-1.724440E+4
3.057000E+1	-5.252217E+0	2.793988E+0	-5.251789E+0	2.007110E-1	2.378670E+3	-1.871860E+3	4.649505E+3	-2.926715E+3	6.894995E+3	-1.068053E+4	8.125241E+3	-1.724440E+4
3.058000E+1	-5.252157E+0	2.873689E+0	-5.251728E+0	2.007116E-1	2.378670E+3	-1.871860E+3	4.649310E+3	-2.926910E+3	6.894800E+3	-1.068072E+4	8.124460E+3	-1.724440E+4
3.059000E+1	-5.252114E+0	2.956101E+0	-5.251686E+0	2.007121E-1	2.378670E+3	-1.871860E+3	4.649115E+3	-2.927105E+3	6.894605E+3	-1.068091E+4	8.123679E+3	-1.724440E+4
3.060000E+1	-5.252084E+0	3.000493E+0	-5.251656E+0	2.007124E-1	2.378670E+3	-1.871860E+3	4.648920E+3	-2.927300E+3	6.894410E+3	-1.068110E+4	8.122898E+3	-1.724440E+4
3.061000E+1	-5.252103E+0	2.872265E+0	-5.251675E+0	2.007122E-1	2.378670E+3	-1.871860E+3	4.648724E+3	-2.927496E+3	6.894214E+3	-1.068129E+4	8.122117E+3	-1.724440E+4
3.062000E+1	-5.251944E+0	2.813007E+0	-5.251516E+0	2.007138E-1	2.378670E+3	-1.871860E+3	4.648529E+3	-2.927691E+3	6.894019E+3	-1.068148E+4	8.121336E+3	-1.724440E+4
3.063000E+1	-5.251936E+0	2.879976E+0	-5.251507E+0	2.007139E-1	2.378670E+3	-1.871860E+3	4.648334E+3	-2.927886E+3	6.893824E+3	-1.068167E+4	8.120555E+3	-1.724440E+4
3.064000E+1	-5.251889E+0	2.965691E+0	-5.251461E+0	2.007144E-1	2.378562E+3	-1.869902E+3	4.648200E+3	-2.926062E+3	6.891624E+3	-1.067853E+4	8.125354E+3	-1.724630E+4
3.065000E+1	-5.251869E+0	2.815150E+0	-5.251441E+0	2.007146E-1	2.378218E+3	-1.869558E+3	4.648200E+3	-2.925718E+3	6.890939E+3	-1.067991E+4	8.124667E+3	-1.724630E+4
3.066000E+1	-5.251813E+0	2.737240E+0	-5.251385E+0	2.007151E-1	2.377875E+3	-1.869215E+3	4.648200E+3	-2.925375E+3	6.890254E+3	-1.068128E+4	8.123980E+3	-1.724630E+4
3.067000E+1	-5.251719E+0	2.929694E+0	-5.251291E+0	2.007161E-1	2.377531E+3	-1.868871E+3	4.648200E+3	-2.925031E+3	6.889569E+3	-1.068265E+4	8.123293E+3	-1.724630E+4
3.068000E+1	-5.251695E+0	2.907650E+0	-5.251266E+0	2.007163E-1	2.377188E+3	-1.868528E+3	4.648200E+3	-2.924688E+3	6.888884E+3	-1.068403E+4	8.122606E+3	-1.724630E+4
3.069000E+1	-5.251744E+0	2.708671E+0	-5.251315E+0	2.007158E-1	2.376844E+3	-1.868184E+3	4.648200E+3	-2.924344E+3	6.888198E+3	-1.068540E+4	8.121919E+3	-1.724630E+4
3.070000E+1	-5.251695E+0	2.782960E+0	-5.251267E+0	2.007163E-1	2.375671E+3	-1.869309E+3	4.647051E+3	-2.925469E+3	6.887001E+3	-1.068320E+4	8.121870E+3	-1.724860E+4
3.071000E+1	-5.251699E+0	3.100823E+0	-5.251271E+0	2.007163E-1	2.374970E+3	-1.869621E+3	4.646220E+3	-2.926429E+3	6.886170E+3	-1.068180E+4	8.121481E+3	-1.725000E+4
3.072000E+1	-5.251690E+0	2.778123E+0	-5.251262E+0	2.007164E-1	2.374970E+3	-1.868723E+3	4.645921E+3	-2.927028E+3	6.885871E+3	-1.068180E+4	8.120583E+3	-1.725000E+4
3.073000E+1	-5.251671E+0	2.698932E+0	-5.251243E+0	2.007166E-1	2.374970E+3	-1.867826E+3	4.645622E+3	-2.927626E+3	6.885572E+3	-1.068180E+4	8.119686E+3	-1.725000E+4
3.074000E+1	-5.251672E+0	2.780166E+0	-5.251244E+0	2.007166E-1	2.374970E+3	-1.866928E+3	4.645323E+3	-2.928224E+3	6.885273E+3	-1.068180E+4	8.118788E+3	-1.725000E+4
3.075000E+1	-5.251670E+0	2.800989E+0	-5.251242E+0	2.007166E-1	2.374970E+3	-1.866031E+3	4.645024E+3	-2.928823E+3	6.884974E+3	-1.068180E+4	8.117891E+3	-1.725000E+4
3.076000E+1	-5.251668E+0	2.878387E+0	-5.251240E+0	2.007166E-1	2.374970E+3	-1.865133E+3	4.644724E+3	-2.929421E+3	6.884674E+3	-1.068180E+4	8.116993E+3	-1.725000E+4
3.077000E+1	-5.251669E+0	2.786604E+0	-5.251241E+0	2.007166E-1	2.374970E+3	-1.864591E+3	4.644435E+3	-2.929870E+3	6.884450E+3	-1.068187E+4	8.116124E+3	-1.724993E+4
3.078000E+1	-5.251662E+0	2.872027E+0	-5.251234E+0	2.007167E-1	2.374970E+3	-1.865113E+3	4.644173E+3	-2.929870E+3	6.884450E+3	-1.068214E+4	8.115340E+3	-1.724966E+4
3.079000E+1	-5.251675E+0	2.736006E+0	-5.251247E+0	2.007165E-1	2.374970E+3	-1.865636E+3	4.643912E+3	-2.929870E+3	6.884450E+3	-1.068240E+4	8.114557E+3	-1.724940E+4
3.080000E+1	-5.251711E+0	3.033696E+0	-5.251283E+0	2.007162E-1	2.374970E+3	-1.866158E+3	4.643651E+3	-2.929870E+3	6.884450E+3	-1.068267E+4	8.113773E+3	-1.724913E+4
3.081000E+1	-5.251708E+0	3.025767E+0	-5.251280E+0	2.007162E-1	2.374970E+3	-1.866681E+3	4.643390E+3	-2.929870E+3	6.884450E+3	-1.068294E+4	8.112989E+3	-1.724886E+4
3.082000E+1	-5.251731E+0	2.707512E+0	-5.251303E+0	2.007160E-1	2.374970E+3	-1.867203E+3	4.643128E+3	-2.929870E+3	6.884450E+3	-1.068321E+4	8.112205E+3	-1.724859E+4
3.083000E+1	-5.251727E+0	2.723868E+0	-5.251299E+0	2.007160E-1	2.374970E+3	-1.867726E+3	4.642867E+3	-2.929870E+3	6.884450E+3	-1.068348E+4	8.111421E+3	-1.724832E+4
3.084000E+1	-5.251699E+0	2.973748E+0	-5.251271E+0	2.007163E-1	2.378599E+3	-1.871647E+3	4.646350E+3	-2.931578E+3	6.884379E+3	-1.068180E+4	8.112833E+3	-1.724817E+4
3.085000E+1	-5.251693E+0	2.943018E+0	-5.251265E+0	2.007164E-1	2.378177E+3	-1.870382E+3	4.646350E+3	-2.930734E+3	6.883957E+3	-1.068180E+4	8.114098E+3	-1.724861E+4
3.086000E+1	-5.251703E+0	2.718732E+0	-5.251275E+0	2.007163E-1	2.377756E+3	-1.869117E+3	4.646350E+3	-2.929891E+3	6.883536E+3	-1.068180E+4	8.115363E+3	-1.724904E+4
3.087000E+1	-5.251692E+0	2.678999E+0	-5.251264E+0	2.007164E-1	2.377334E+3	-1.867852E+3	4.646350E+3	-2.929048E+3	6.883114E+3	-1.068180E+4	8.116628E+3	-1.724947E+4
3.088000E+1	-5.251774E+0	2.974462E+0	-5.251346E+0	2.007155E-1	2.376912E+3	-1.866587E+3	4.646350E+3	-2.928205E+3	6.882692E+3	-1.068180E+4	8.117893E+3	-1.724991E+4
3.089000E+1	-5.251814E+0	3.070449E+0	-5.251386E+0	2.007151E-1	2.376406E+3	-1.866310E+3	4.646350E+3	-2.927606E+3	6.882186E+3	-1.068305E+4	8.116929E+3	-1.725040E+4
3.090000E+1	-5.251807E+0	2.754178E+0	-5.251379E+0	2.007152E-1	2.375876E+3	-1.866310E+3	4.646350E+3	-2.927076E+3	6.881656E+3	-1.068466E+4	8.115339E+3	-1.725092E+4
3.091000E+1	-5.251822E+0	2.745973E+0	-5.251393E+0	2.007150E-1	2.375346E+3	-1.866310E+3	4.646350E+3	-2.926546E+3	6.881126E+3	-1.068626E+4	8.113749E+3	-1.725143E+4
3.092000E+1	-5.251896E+0	2.753291E+0	-5.251468E+0	2.007143E-1	2.375090E+3	-1.866430E+3	4.646111E+3	-2.926170E+3	6.880750E+3	-1.068716E+4	8.112740E+3	-1.725180E+4
3.093000E+1	-5.251902E+0	2.947352E+0	-5.251474E+0	2.007142E-1	2.375502E+3	-1.866842E+3	4.645287E+3	-2.926170E+3	6.880750E+3	-1.068634E+4	8.113152E+3	-1.725180E+4
3.094000E+1	-5.251947E+0	2.887440E+0	-5.251519E+0	2.007138E-1	2.375914E+3	-1.867254E+3	4.644462E+3	-2.926170E+3	6.880750E+3	-1.068551E+4	8.113564E+3	-1.725180E+4
3.095000E+1	-5.251949E+0	2.700704E+0	-5.251521E+0	2.007138E-1	2.376326E+3	-1.867666E+3	4.643638E+3	-2.926170E+3	6.880750E+3	-1.068469E+4	8.113976E+3	-1.725180E+4
3.096000E+1	-5.251984E+0	2.881809E+0	-5.251556E+0	2.007134E-1	2.376738E+3	-1.868078E+3	4.642813E+3	-2.926170E+3	6.880750E+3	-1.068386E+4	8.114388E+3	-1.725180E+4
3.097000E+1	-5.251986E+0	2.953981E+0	-5.251558E+0	2.007134E-1	2.376340E+3	-1.868160E+3	4.643610E+3	-2.926650E+3	6.880270E+3	-1.068370E+4	8.113030E+3	-1.725180E+4
3.098000E+1	-5.251985E+0	2.822591E+0	-5.251557E+0	2.007134E-1	2.375742E+3	-1.868160E+3	4.644806E+3	-2.927248E+3	6.879672E+3	-1.068370E+4	8.111235E+3	-1.725180E+4
3.099000E+1	-5.251956E+0	2.885192E+0	-5.251528E+0	2.007137E-1	2.375143E+3	-1.868160E+3	4.646003E+3	-2.927847E+3	6.879073E+3	-1.068370E+4	8.109440E+3	-1.725180E+4
3.100000E+1	-5.251978E+0	2.758519E+0	-5.251550E+0	2.007135E-1	2.374443E+3	-1.868687E+3	4.646086E+3	-2.928811E+3	6.878900E+3	-1.068370E+4	8.108129E+3	-1.725180E+4
3.101000E+1	-5.251983E+0	2.941172E+0	-5.251555E+0	2.007134E-1	2.373701E+3	-1.869429E+3	4.645716E+3	-2.929923E+3	6.878900E+3	-1.068370E+4	8.107017E+3	-1.725180E+4
3.102000E+1	-5.251978E+0	2.912289E+0	-5.251550E+0	2.007135E-1	2.372959E+3	-1.870171E+3	4.645345E+3	-2.931036E+3	6.878900E+3	-1.068370E+4	8.105904E+3	-1.725180E+4
3.103000E+1	-5.252007E+0	3.025983E+0	-5.251579E+0	2.007132E-1	2.372217E+3	-1.870913E+3	4.644974E+3	-2.932149E+3	6.878900E+3	-1.068370E+4	8.104791E+3	-1.725180E+4
3.104000E+1	-5.252044E+0	2.797979E+0	-5.251616E+0	2.007128E-1	2.371475E+3	-1.871655E+3	4.644603E+3	-2.933262E+3	6.878900E+3	-1.068370E+4	8.103678E+3	-1.725180E+4
3.105000E+1	-5.252034E+0	2.730407E+0	-5.251606E+0	2.007129E-1	2.371318E+3	-1.871764E+3	4.644500E+3	-2.933570E+3	6.878900E+3	-1.068365E+4	8.103514E+3	-1.725180E+4
3.106000E+1	-5.252093E+0	2.842404E+0	-5.251665E+0	2.007123E-1	2.371385E+3	-1.871631E+3	4.644500E+3	-2.933570E+3	6.878900E+3	-1.068358E+4	8.103714E+3	-1.725180E+4
3.107000E+1	-5.252115E+0	2.949385E+0	-5.251687E+0	2.007120E-1	2.371451E+3	-1.871498E+3	4.644500E+3	-2.933570E+3	6.878900E+3	-1.068351E+4	8.103913E+3	-1.725180E+4
3.108000E+1	-5.252147E+0	2.801777E+0	-5.251719E+0	2.007117E-1	2.371518E+3	-1.871365E+3	4.644500E+3	-2.933570E+3	6.878900E+3	-1.068345E+4	8.104113E+3	-1.725180E+4
3.109000E+1	-5.252172E+0	2.648117E+0	-5.251744E+0	2.007115E-1	2.371584E+3	-1.871232E+3	4.644500E+3	-2.933570E+3	6.878900E+3	-1.068338E+4	8.104312E+3	-1.725180E+4
3.110000E+1	-5.252204E+0	2.967220E+0	-5.251776E+0	2.007111E-1	2.371651E+3	-1.871099E+3	4.644500E+3	-2.933570E+3	6.878900E+3	-1.068331E+4	8.104512E+3	-1.725180E+4
3.111000E+1	-5.252189E+0	3.018335E+0	-5.251761E+0	2.007113E-1	2.371717E+3	-1.870966E+3	4.644500E+3	-2.933570E+3	6.878900E+3	-1.068324E+4	8.104711E+3	-1.725180E+4
3.112000E+1	-5.252209E+0	2.760673E+0	-5.251781E+0	2.007111E-1	2.371784E+3	-1.870833E+3	4.644500E+3	-2.933570E+3	6.878900E+3	-1.068317E+4	8.104911E+3	-1.725180E+4
3.113000E+1	-5.252329E+0	2.783419E+0	-5.251901E+0	2.007099E-1	2.371850E+3	-1.870700E+3	4.644500E+3	-2.933570E+3	6.878900E+3	-1.068310E+4	8.105110E+3	-1.725180E+4
3.114000E+1	-5.252339E+0	3.048493E+0	-5.251911E+0	2.007098E-1	2.371916E+3	-1.870567E+3	4.644500E+3	-2.933570E+3	6.878900E+3	-1.068304E+4	8.105309E+3	-1.725180E+4
3.115000E+1	-5.252338E+0	2.966680E+0	-5.251910E+0	2.007098E-1	2.371983E+3	-1.870434E+3	4.644500E+3	-2.933570E+3	6.878900E+3	-1.068297E+4	8.105509E+3	-1.725180E+4
3.116000E+1	-5.252390E+0	2.723652E+0	-5.251962E+0	2.007092E-1	2.372049E+3	-1.870301E+3	4.644500E+3	-2.933570E+3	6.878900E+3	-1.068290E+4	8.105708E+3	-1.725180E+4
3.117000E+1	-5.252396E+0	2.799769E+0	-5.251968E+0	2.007092E-1	2.372116E+3	-1.870168E+3	4.644500E+3	-2.933570E+3	6.878900E+3	-1.068283E+4	8.105908E+3	-1.725180E+4
3.118000E+1	-5.252407E+0	3.056327E+0	-5.251979E+0	2.007091E-1	2.372182E+3	-1.870035E+3	4.644500E+3	-2.933570E+3	6.878900E+3	-1.068276E+4	8.106107E+3	-1.725180E+4
3.119000E+1	-5.252421E+0	2.949507E+0	-5.251993E+0	2.007089E-1	2.372249E+3	-1.869902E+3	4.644500E+3	-2.933570E+3	6.878900E+3	-1.068269E+4	8.106307E+3	-1.725180E+4
3.120000E+1	-5.252466E+0	2.768747E+0	-5.252038E+0	2.007085E-1	2.372315E+3	-1.869769E+3	4.644500E+3	-2.933570E+3	6.878900E+3	-1.068263E+4	8.106506E+3	-1.725180E+4
3.121000E+1	-5.252412E+0	2.877304E+0	-5.251984E+0	2.007090E-1	2.372382E+3	-1.869636E+3	4.644500E+3	-2.933570E+3	6.878900E+3	-1.068256E+4	8.106706E+3	-1.725180E+4
3.122000E+1	-5.252524E+0	2.829852E+0	-5.252096E+0	2.007079E-1	2.372448E+3	-1.869503E+3	4.644500E+3	-2.933570E+3	6.878900E+3	-1.068249E+4	8.106905E+3	-1.725180E+4
3.123000E+1	-5.252530E+0	2.884815E+0	-5.252102E+0	2.007078E-1	2.372515E+3	-1.869370E+3	4.644500E+3	-2.933570E+3	6.878900E+3	-1.068242E+4	8.107105E+3	-1.725180E+4
3.124000E+1	-5.252563E+0	2.788665E+0	-5.252135E+0	2.007075E-1	2.372581E+3	-1.869237E+3	4.644500E+3	-2.933570E+3	6.878900E+3	-1.068235E+4	8.107304E+3	-1.725180E+4
3.125000E+1	-5.252667E+0	2.911558E+0	-5.252239E+0	2.007064E-1	2.372648E+3	-1.869104E+3	4.644500E+3	-2.933570E+3	6.878900E+3	-1.068228E+4	8.107503E+3	-1.725180E+4
3.126000E+1	-5.252784E+0	2.796791E+0	-5.252356E+0	2.007052E-1	2.372714E+3	-1.868971E+3	4.644500E+3	-2.933570E+3	6.878900E+3	-1.068222E+4	8.107703E+3	-1.725180E+4
3.127000E+1	-5.252790E+0	2.742778E+0	-5.252362E+0	2.007052E-1	2.372781E+3	-1.868838E+3	4.644500E+3	-2.933570E+3	6.878900E+3	-1.068215E+4	8.107902E+3	-1.725180E+4
3.128000E+1	-5.252785E+0	2.835576E+0	-5.252357E+0	2.007052E-1	2.372847E+3	-1.868705E+3	4.644500E+3	-2.933570E+3	6.878900E+3	-1.068208E+4	8.108102E+3	-1.725180E+4
3.129000E+1	-5.252758E+0	2.992012E+0	-5.252330E+0	2.007055E-1	2.372914E+3	-1.868572E+3	4.644500E+3	-2.933570E+3	6.878900E+3	-1.068201E+4	8.108301E+3	-1.725180E+4
3.130000E+1	-5.252789E+0	2.804212E+0	-5.252361E+0	2.007052E-1	2.372980E+3	-1.868440E+3	4.644500E+3	-2.933570E+3	6.878900E+3	-1.068194E+4	8.108501E+3	-1.725180E+4
3.131000E+1	-5.252780E+0	2.815966E+0	-5.252352E+0	2.007053E-1	2.373047E+3	-1.868307E+3	4.644500E+3	-2.933570E+3	6.878900E+3	-1.068188E+4	8.108700E+3	-1.725180E+4
3.132000E+1	-5.252795E+0	2.905759E+0	-5.252367E+0	2.007051E-1	2.373113E+3	-1.868174E+3	4.644500E+3	-2.933570E+3	6.878900E+3	-1.068181E+4	8.108900E+3	-1.725180E+4
3.133000E+1	-5.252736E+0	2.948227E+0	-5.252308E+0	2.007057E-1	2.373120E+3	-1.870651E+3	4.641441E+3	-2.934779E+3	6.873991E+3	-1.068422E+4	8.102233E+3	-1.725488E+4
3.134000E+1	-5.252866E+0	2.886126E+0	-5.252437E+0	2.007044E-1	2.373120E+3	-1.871364E+3	4.642154E+3	-2.934066E+3	6.874704E+3	-1.068279E+4	8.105086E+3	-1.725418E+4
3.135000E+1	-5.252936E+0	2.896856E+0	-5.252508E+0	2.007037E-1	2.373156E+3	-1.871714E+3	4.642686E+3	-2.933534E+3	6.875164E+3	-1.068187E+4	8.107070E+3	-1.725374E+4
3.136000E+1	-5.252999E+0	2.805738E+0	-5.252571E+0	2.007030E-1	2.373276E+3	-1.871235E+3	4.642806E+3	-2.933414E+3	6.875044E+3	-1.068211E+4	8.107070E+3	-1.725385E+4
3.137000E+1	-5.253034E+0	2.779924E+0	-5.252606E+0	2.007027E-1	2.373396E+3	-1.870757E+3	4.642926E+3	-2.933294E+3	6.874924E+3	-1.068235E+4	8.107070E+3	-1.725397E+4
3.138000E+1	-5.253120E+0	2.825261E+0	-5.252692E+0	2.007018E-1	2.373516E+3	-1.870278E+3	4.643046E+3	-2.933174E+3	6.874804E+3	-1.068259E+4	8.107070E+3	-1.725408E+4
3.139000E+1	-5.253154E+0	2.893883E+0	-5.252726E+0	2.007014E-1	2.373635E+3	-1.869799E+3	4.643165E+3	-2.933055E+3	6.874685E+3	-1.068283E+4	8.107070E+3	-1.725420E+4
3.140000E+1	-5.253320E+0	2.824933E+0	-5.252892E+0	2.006998E-1	2.373755E+3	-1.869321E+3	4.643285E+3	-2.932935E+3	6.874565E+3	-1.068307E+4	8.107070E+3	-1.725432E+4
3.141000E+1	-5.253350E+0	2.891310E+0	-5.252922E+0	2.006995E-1	2.373875E+3	-1.868842E+3	4.643405E+3	-2.932815E+3	6.874445E+3	-1.068331E+4	8.107070E+3	-1.725443E+4
3.142000E+1	-5.253390E+0	2.845834E+0	-5.252961E+0	2.006990E-1	2.373994E+3	-1.868363E+3	4.643524E+3	-2.932696E+3	6.874326E+3	-1.068355E+4	8.107070E+3	-1.725455E+4
3.143000E+1	-5.253468E+0	2.813400E+0	-5.253040E+0	2.006982E-1	2.374114E+3	-1.867884E+3	4.643644E+3	-2.932576E+3	6.874206E+3	-1.068379E+4	8.107070E+3	-1.725467E+4
3.144000E+1	-5.253529E+0	2.864867E+0	-5.253101E+0	2.006976E-1	2.374234E+3	-1.867406E+3	4.643764E+3	-2.932456E+3	6.874086E+3	-1.068403E+4	8.107070E+3	-1.725478E+4
3.145000E+1	-5.253548E+0	2.771710E+0	-5.253120E+0	2.006974E-1	2.374353E+3	-1.866927E+3	4.643883E+3	-2.932337E+3	6.873967E+3	-1.068427E+4	8.107070E+3	-1.725490E+4
3.146000E+1	-5.253648E+0	2.775477E+0	-5.253220E+0	2.006964E-1	2.374473E+3	-1.866448E+3	4.644003E+3	-2.932217E+3	6.873847E+3	-1.068451E+4	8.107070E+3	-1.725502E+4
3.147000E+1	-5.253694E+0	2.857410E+0	-5.253266E+0	2.006959E-1	2.374593E+3	-1.865970E+3	4.644123E+3	-2.932097E+3	6.873727E+3	-1.068475E+4	8.107070E+3	-1.725513E+4
3.148000E+1	-5.253687E+0	3.005884E+0	-5.253259E+0	2.006960E-1	2.374712E+3	-1.865491E+3	4.644242E+3	-2.931978E+3	6.873608E+3	-1.068498E+4	8.107070E+3	-1.725525E+4
3.149000E+1	-5.253802E+0	2.767880E+0	-5.253374E+0	2.006948E-1	2.374832E+3	-1.865012E+3	4.644362E+3	-2.931858E+3	6.873488E+3	-1.068522E+4	8.107070E+3	-1.725537E+4
3.150000E+1	-5.253961E+0	2.751566E+0	-5.253533E+0	2.006932E-1	2.374952E+3	-1.864534E+3	4.644482E+3	-2.931738E+3	6.873368E+3	-1.068546E+4	8.107070E+3	-1.725548E+4
3.151000E+1	-5.253939E+0	2.848320E+0	-5.253511E+0	2.006934E-1	2.373556E+3	-1.870988E+3	4.645914E+3	-2.933570E+3	6.875636E+3	-1.068550E+4	8.102934E+3	-1.725370E+4
3.152000E+1	-5.253964E+0	2.940970E+0	-5.253536E+0	2.006932E-1	2.374071E+3	-1.869957E+3	4.645399E+3	-2.933570E+3	6.876151E+3	-1.068550E+4	8.102419E+3	-1.725370E+4
3.153000E+1	-5.253941E+0	2.885688E+0	-5.253513E+0	2.006934E-1	2.374587E+3	-1.868927E+3	4.644883E+3	-2.933570E+3	6.876667E+3	-1.068550E+4	8.101903E+3	-1.725370E+4
3.154000E+1	-5.253919E+0	2.694828E+0	-5.253491E+0	2.006936E-1	2.375098E+3	-1.868160E+3	4.644500E+3	-2.933442E+3	6.876922E+3	-1.068524E+4	8.101905E+3	-1.725370E+4
3.155000E+1	-5.254049E+0	2.828353E+0	-5.253621E+0	2.006923E-1	2.375600E+3	-1.868160E+3	4.644500E+3	-2.932940E+3	6.876420E+3	-1.068424E+4	8.103409E+3	-1.725370E+4
3.156000E+1	-5.254069E+0	2.946466E+0	-5.253640E+0	2.006921E-1	2.376101E+3	-1.868160E+3	4.644500E+3	-2.932439E+3	6.875919E+3	-1.068324E+4	8.104913E+3	-1.725370E+4
3.157000E+1	-5.254105E+0	2.949390E+0	-5.253677E+0	2.006917E-1	2.376602E+3	-1.868160E+3	4.644500E+3	-2.931938E+3	6.875418E+3	-1.068224E+4	8.106417E+3	-1.725370E+4
3.158000E+1	-5.254308E+0	2.749616E+0	-5.253880E+0	2.006897E-1	2.376820E+3	-1.868404E+3	4.644256E+3	-2.931476E+3	6.874956E+3	-1.068254E+4	8.106826E+3	-1.725394E+4
3.159000E+1	-5.254302E+0	2.889466E+0	-5.253874E+0	2.006897E-1	2.376820E+3	-1.868835E+3	4.643825E+3	-2.931045E+3	6.874525E+3	-1.068384E+4	8.106395E+3	-1.725436E+4
3.160000E+1	-5.254298E+0	2.663267E+0	-5.253870E+0	2.006898E-1	2.376820E+3	-1.869267E+3	4.643393E+3	-2.930613E+3	6.874093E+3	-1.068515E+4	8.105963E+3	-1.725478E+4
3.161000E+1	-5.254346E+0	2.852936E+0	-5.253918E+0	2.006893E-1	2.376820E+3	-1.869698E+3	4.642962E+3	-2.930182E+3	6.873662E+3	-1.068646E+4	8.105532E+3	-1.725520E+4
3.162000E+1	-5.254403E+0	2.883516E+0	-5.253975E+0	2.006887E-1	2.376338E+3	-1.869849E+3	4.642650E+3	-2.929870E+3	6.873350E+3	-1.068740E+4	8.105220E+3	-1.725567E+4
3.163000E+1	-5.254464E+0	2.877595E+0	-5.254036E+0	2.006881E-1	2.374599E+3	-1.869270E+3	4.642650E+3	-2.929870E+3	6.873350E+3	-1.068740E+4	8.105220E+3	-1.725626E+4
3.164000E+1	-5.254652E+0	2.613081E+0	-5.254224E+0	2.006862E-1	2.372860E+3	-1.868690E+3	4.642650E+3	-2.929870E+3	6.873350E+3	-1.068740E+4	8.105220E+3	-1.725686E+4
3.165000E+1	-5.254853E+0	2.841917E+0	-5.254425E+0	2.006841E-1	2.371292E+3	-1.868160E+3	4.642650E+3	-2.929892E+3	6.873328E+3	-1.068736E+4	8.105220E+3	-1.725738E+4
3.166000E+1	-5.254888E+0	2.957306E+0	-5.254460E+0	2.006838E-1	2.371542E+3	-1.868160E+3	4.642650E+3	-2.930142E+3	6.873078E+3	-1.068686E+4	8.105220E+3	-1.725712E+4
3.167000E+1	-5.254939E+0	2.851248E+0	-5.254511E+0	2.006832E-1	2.371793E+3	-1.868160E+3	4.642650E+3	-2.930393E+3	6.872827E+3	-1.068635E+4	8.105220E+3	-1.725686E+4
3.168000E+1	-5.254983E+0	2.738862E+0	-5.254555E+0	2.006828E-1	2.372044E+3	-1.868160E+3	4.642650E+3	-2.930644E+3	6.872576E+3	-1.068585E+4	8.105220E+3	-1.725661E+4
3.169000E+1	-5.254992E+0	2.805091E+0	-5.254564E+0	2.006827E-1	2.372294E+3	-1.868160E+3	4.642650E+3	-2.930894E+3	6.872326E+3	-1.068535E+4	8.105220E+3	-1.725635E+4
3.170000E+1	-5.254983E+0	3.006128E+0	-5.254555E+0	2.006828E-1	2.372545E+3	-1.868160E+3	4.642650E+3	-2.931145E+3	6.872075E+3	-1.068485E+4	8.105220E+3	-1.725609E+4
3.171000E+1	-5.255040E+0	2.829801E+0	-5.254612E+0	2.006822E-1	2.372796E+3	-1.868160E+3	4.642650E+3	-2.931396E+3	6.871824E+3	-1.068435E+4	8.105220E+3	-1.725583E+4
3.172000E+1	-5.255147E+0	2.610049E+0	-5.254719E+0	2.006811E-1	2.373046E+3	-1.868160E+3	4.642650E+3	-2.931646E+3	6.871574E+3	-1.068385E+4	8.105220E+3	-1.725558E+4
3.173000E+1	-5.255165E+0	2.823615E+0	-5.254736E+0	2.006809E-1	2.372653E+3	-1.867693E+3	4.642650E+3	-2.932655E+3	6.871967E+3	-1.068415E+4	8.103350E+3	-1.725550E+4
3.174000E+1	-5.255184E+0	3.071041E+0	-5.254755E+0	2.006807E-1	2.371990E+3	-1.867030E+3	4.642650E+3	-2.933980E+3	6.872630E+3	-1.068480E+4	8.100701E+3	-1.725550E+4
3.175000E+1	-5.255174E+0	2.802984E+0	-5.254746E+0	2.006808E-1	2.371328E+3	-1.866368E+3	4.642650E+3	-2.935305E+3	6.873292E+3	-1.068544E+4	8.098051E+3	-1.725550E+4
3.176000E+1	-5.255240E+0	2.835888E+0	-5.254812E+0	2.006802E-1	2.371107E+3	-1.866636E+3	4.642650E+3	-2.935257E+3	6.873350E+3	-1.068534E+4	8.098146E+3	-1.725550E+4
3.177000E+1	-5.255304E+0	2.843598E+0	-5.254876E+0	2.006795E-1	2.370929E+3	-1.866992E+3	4.642650E+3	-2.935079E+3	6.873350E+3	-1.068517E+4	8.098502E+3	-1.725550E+4
3.178000E+1	-5.255352E+0	2.997861E+0	-5.254924E+0	2.006790E-1	2.370750E+3	-1.867349E+3	4.642650E+3	-2.934900E+3	6.873350E+3	-1.068499E+4	8.098859E+3	-1.725550E+4
3.179000E+1	-5.255361E+0	2.791169E+0	-5.254933E+0	2.006789E-1	2.370572E+3	-1.867706E+3	4.642650E+3	-2.934722E+3	6.873350E+3	-1.068482E+4	8.099216E+3	-1.725550E+4
3.180000E+1	-5.255367E+0	2.861711E+0	-5.254939E+0	2.006789E-1	2.370394E+3	-1.868063E+3	4.642650E+3	-2.934544E+3	6.873350E+3	-1.068465E+4	8.099573E+3	-1.725550E+4
3.181000E+1	-5.255406E+0	2.733006E+0	-5.254978E+0	2.006785E-1	2.370215E+3	-1.868419E+3	4.642650E+3	-2.934365E+3	6.873350E+3	-1.068447E+4	8.099929E+3	-1.725550E+4
3.182000E+1	-5.255500E+0	2.830741E+0	-5.255072E+0	2.006775E-1	2.370037E+3	-1.868776E+3	4.642650E+3	-2.934187E+3	6.873350E+3	-1.068430E+4	8.100286E+3	-1.725550E+4
3.183000E+1	-5.255493E+0	3.038983E+0	-5.255065E+0	2.006776E-1	2.369859E+3	-1.869133E+3	4.642650E+3	-2.934009E+3	6.873350E+3	-1.068413E+4	8.100643E+3	-1.725550E+4
3.184000E+1	-5.255465E+0	2.906186E+0	-5.255037E+0	2.006779E-1	2.369680E+3	-1.869489E+3	4.642650E+3	-2.933830E+3	6.873350E+3	-1.068395E+4	8.100999E+3	-1.725550E+4
3.185000E+1	-5.255496E+0	2.685111E+0	-5.255068E+0	2.006776E-1	2.369502E+3	-1.869846E+3	4.642650E+3	-2.933652E+3	6.873350E+3	-1.068378E+4	8.101356E+3	-1.725550E+4
3.186000E+1	-5.255611E+0	2.816445E+0	-5.255183E+0	2.006764E-1	2.373032E+3	-1.862698E+3	4.642650E+3	-2.929870E+3	6.871456E+3	-1.068916E+4	8.101564E+3	-1.725744E+4
3.187000E+1	-5.255607E+0	2.928445E+0	-5.255179E+0	2.006764E-1	2.372414E+3	-1.863316E+3	4.642650E+3	-2.929870E+3	6.871147E+3	-1.068886E+4	8.101873E+3	-1.725774E+4
3.188000E+1	-5.255623E+0	2.932003E+0	-5.255195E+0	2.006763E-1	2.371796E+3	-1.863934E+3	4.642650E+3	-2.929870E+3	6.870838E+3	-1.068856E+4	8.102182E+3	-1.725804E+4
3.189000E+1	-5.255674E+0	2.686344E+0	-5.255246E+0	2.006757E-1	2.371177E+3	-1.864553E+3	4.642650E+3	-2.929870E+3	6.870529E+3	-1.068825E+4	8.102491E+3	-1.725835E+4
3.190000E+1	-5.255705E+0	2.795073E+0	-5.255277E+0	2.006754E-1	2.370559E+3	-1.865171E+3	4.642650E+3	-2.929870E+3	6.870220E+3	-1.068795E+4	8.102800E+3	-1.725865E+4
3.191000E+1	-5.255723E+0	2.995925E+0	-5.255295E+0	2.006752E-1	2.369941E+3	-1.865789E+3	4.642650E+3	-2.929870E+3	6.869910E+3	-1.068765E+4	8.103110E+3	-1.725895E+4
3.192000E+1	-5.255723E+0	2.740791E+0	-5.255295E+0	2.006752E-1	2.369451E+3	-1.866341E+3	4.642650E+3	-2.929870E+3	6.869681E+3	-1.068737E+4	8.103339E+3	-1.725917E+4
3.193000E+1	-5.255769E+0	2.784170E+0	-5.255341E+0	2.006748E-1	2.369648E+3	-1.866538E+3	4.642650E+3	-2.929870E+3	6.869878E+3	-1.068717E+4	8.103142E+3	-1.725898E+4
3.194000E+1	-5.255787E+0	2.717995E+0	-5.255359E+0	2.006746E-1	2.369846E+3	-1.866736E+3	4.642650E+3	-2.929870E+3	6.870076E+3	-1.068696E+4	8.102944E+3	-1.725879E+4
3.195000E+1	-5.255777E+0	3.128841E+0	-5.255349E+0	2.006747E-1	2.370043E+3	-1.866933E+3	4.642650E+3	-2.929870E+3	6.870273E+3	-1.068676E+4	8.102747E+3	-1.725859E+4
3.196000E+1	-5.255834E+0	2.985403E+0	-5.255406E+0	2.006741E-1	2.370240E+3	-1.867130E+3	4.642650E+3	-2.929870E+3	6.870470E+3	-1.068656E+4	8.102550E+3	-1.725840E+4
3.197000E+1	-5.255913E+0	2.716797E+0	-5.255485E+0	2.006733E-1	2.370438E+3	-1.867328E+3	4.642650E+3	-2.929870E+3	6.870668E+3	-1.068635E+4	8.102352E+3	-1.725821E+4
3.198000E+1	-5.255902E+0	2.678180E+0	-5.255474E+0	2.006734E-1	2.370635E+3	-1.867525E+3	4.642650E+3	-2.929870E+3	6.870865E+3	-1.068615E+4	8.102155E+3	-1.725802E+4
3.199000E+1	-5.255985E+0	3.027941E+0	-5.255557E+0	2.006726E-1	2.370832E+3	-1.867722E+3	4.642650E+3	-2.929870E+3	6.871062E+3	-1.068595E+4	8.101958E+3	-1.725783E+4
3.200000E+1	-5.256034E+0	2.916125E+0	-5.255606E+0	2.006721E-1	2.371030E+3	-1.867920E+3	4.642650E+3	-2.929870E+3	6.871260E+3	-1.068575E+4	8.101760E+3	-1.725763E+4
3.201000E+1	-5.256050E+0	2.776000E+0	-5.255622E+0	2.006719E-1	2.371227E+3	-1.868117E+3	4.642650E+3	-2.929870E+3	6.871457E+3	-1.068554E+4	8.101563E+3	-1.725744E+4
3.202000E+1	-5.255992E+0	2.759846E+0	-5.255564E+0	2.006725E-1	2.374898E+3	-1.870082E+3	4.640872E+3	-2.931792E+3	6.871572E+3	-1.068543E+4	8.096123E+3	-1.725550E+4
3.203000E+1	-5.256025E+0	2.899887E+0	-5.255597E+0	2.006722E-1	2.374503E+3	-1.870477E+3	4.641267E+3	-2.932187E+3	6.871967E+3	-1.068505E+4	8.096911E+3	-1.725550E+4
3.204000E+1	-5.256083E+0	2.960564E+0	-5.255655E+0	2.006716E-1	2.374108E+3	-1.870872E+3	4.641662E+3	-2.932582E+3	6.872362E+3	-1.068466E+4	8.097698E+3	-1.725550E+4
3.205000E+1	-5.256122E+0	2.795712E+0	-5.255694E+0	2.006712E-1	2.373714E+3	-1.871266E+3	4.642056E+3	-2.932976E+3	6.872756E+3	-1.068428E+4	8.098486E+3	-1.725550E+4
3.206000E+1	-5.256097E+0	2.788067E+0	-5.255669E+0	2.006714E-1	2.373319E+3	-1.871661E+3	4.642451E+3	-2.933371E+3	6.873151E+3	-1.068389E+4	8.099274E+3	-1.725550E+4
3.207000E+1	-5.256216E+0	2.857728E+0	-5.255788E+0	2.006702E-1	2.374834E+3	-1.866174E+3	4.640936E+3	-2.933299E+3	6.871364E+3	-1.068577E+4	8.102963E+3	-1.725564E+4
3.208000E+1	-5.256323E+0	3.005191E+0	-5.255895E+0	2.006691E-1	2.374562E+3	-1.865902E+3	4.641208E+3	-2.932753E+3	6.871092E+3	-1.068632E+4	8.102145E+3	-1.725592E+4
3.209000E+1	-5.256337E+0	2.703973E+0	-5.255909E+0	2.006690E-1	2.374289E+3	-1.865629E+3	4.641481E+3	-2.932208E+3	6.870819E+3	-1.068686E+4	8.101327E+3	-1.725620E+4
3.210000E+1	-5.256357E+0	2.826322E+0	-5.255929E+0	2.006688E-1	2.374016E+3	-1.865356E+3	4.641754E+3	-2.931662E+3	6.870546E+3	-1.068741E+4	8.100508E+3	-1.725648E+4
3.211000E+1	-5.256337E+0	2.905096E+0	-5.255909E+0	2.006690E-1	2.373743E+3	-1.865083E+3	4.642027E+3	-2.931117E+3	6.870273E+3	-1.068795E+4	8.099690E+3	-1.725676E+4
3.212000E+1	-5.256337E+0	2.833510E+0	-5.255909E+0	2.006690E-1	2.373470E+3	-1.864810E+3	4.642300E+3	-2.930571E+3	6.870000E+3	-1.068850E+4	8.098871E+3	-1.725704E+4
3.213000E+1	-5.256369E+0	2.836342E+0	-5.255941E+0	2.006686E-1	2.373198E+3	-1.864538E+3	4.642572E+3	-2.930025E+3	6.869728E+3	-1.068904E+4	8.098053E+3	-1.725732E+4
3.214000E+1	-5.256392E+0	2.942056E+0	-5.255964E+0	2.006684E-1	2.372014E+3	-1.865566E+3	4.642650E+3	-2.930976E+3	6.868544E+3	-1.068812E+4	8.098926E+3	-1.725848E+4
3.215000E+1	-5.256397E+0	2.722135E+0	-5.255969E+0	2.006684E-1	2.371445E+3	-1.866310E+3	4.642475E+3	-2.931895E+3	6.867625E+3	-1.068740E+4	8.099321E+3	-1.725903E+4
3.216000E+1	-5.256418E+0	2.745575E+0	-5.255990E+0	2.006681E-1	2.371782E+3	-1.866310E+3	4.642138E+3	-2.932232E+3	6.867288E+3	-1.068740E+4	8.098649E+3	-1.725870E+4
3.217000E+1	-5.256486E+0	2.972336E+0	-5.256058E+0	2.006675E-1	2.372119E+3	-1.866310E+3	4.641801E+3	-2.932569E+3	6.866951E+3	-1.068740E+4	8.097976E+3	-1.725837E+4
3.218000E+1	-5.256576E+0	2.901877E+0	-5.256148E+0	2.006665E-1	2.372457E+3	-1.866310E+3	4.641463E+3	-2.932907E+3	6.866613E+3	-1.068740E+4	8.097303E+3	-1.725805E+4
3.219000E+1	-5.256497E+0	2.689042E+0	-5.256069E+0	2.006673E-1	2.372794E+3	-1.866310E+3	4.641126E+3	-2.933244E+3	6.866276E+3	-1.068740E+4	8.096630E+3	-1.725772E+4
3.220000E+1	-5.256510E+0	2.670573E+0	-5.256082E+0	2.006672E-1	2.373096E+3	-1.866357E+3	4.640800E+3	-2.933570E+3	6.865974E+3	-1.068740E+4	8.095933E+3	-1.725740E+4
3.221000E+1	-5.256533E+0	3.025544E+0	-5.256105E+0	2.006670E-1	2.372383E+3	-1.867784E+3	4.640800E+3	-2.933570E+3	6.866687E+3	-1.068740E+4	8.094506E+3	-1.725740E+4
3.222000E+1	-5.256573E+0	2.851144E+0	-5.256145E+0	2.006666E-1	2.371670E+3	-1.869211E+3	4.640800E+3	-2.933570E+3	6.867400E+3	-1.068740E+4	8.093079E+3	-1.725740E+4
3.223000E+1	-5.256592E+0	2.742114E+0	-5.256164E+0	2.006664E-1	2.371270E+3	-1.870010E+3	4.640800E+3	-2.933400E+3	6.867970E+3	-1.068706E+4	8.092789E+3	-1.725723E+4
3.224000E+1	-5.256665E+0	2.749494E+0	-5.256237E+0	2.006656E-1	2.371270E+3	-1.870010E+3	4.640800E+3	-2.933014E+3	6.868356E+3	-1.068629E+4	8.093946E+3	-1.725683E+4
3.225000E+1	-5.256713E+0	3.040605E+0	-5.256285E+0	2.006651E-1	2.371270E+3	-1.870010E+3	4.640800E+3	-2.932627E+3	6.868743E+3	-1.068551E+4	8.095104E+3	-1.725643E+4
3.226000E+1	-5.256807E+0	2.840865E+0	-5.256379E+0	2.006642E-1	2.371270E+3	-1.870010E+3	4.640800E+3	-2.932241E+3	6.869129E+3	-1.068474E+4	8.096261E+3	-1.725603E+4
3.227000E+1	-5.256764E+0	2.909266E+0	-5.256336E+0	2.006646E-1	2.371270E+3	-1.870010E+3	4.640800E+3	-2.931854E+3	6.869516E+3	-1.068397E+4	8.097418E+3	-1.725564E+4
3.228000E+1	-5.256778E+0	2.748776E+0	-5.256350E+0	2.006645E-1	2.371326E+3	-1.869898E+3	4.640800E+3	-2.931776E+3	6.869650E+3	-1.068381E+4	8.097876E+3	-1.725550E+4
3.229000E+1	-5.256806E+0	2.792138E+0	-5.256378E+0	2.006642E-1	2.371411E+3	-1.869727E+3	4.640800E+3	-2.931861E+3	6.869650E+3	-1.068398E+4	8.097961E+3	-1.725550E+4
3.230000E+1	-5.256827E+0	2.819185E+0	-5.256399E+0	2.006640E-1	2.371497E+3	-1.869556E+3	4.640800E+3	-2.931947E+3	6.869650E+3	-1.068415E+4	8.098047E+3	-1.725550E+4
3.231000E+1	-5.256851E+0	3.001650E+0	-5.256423E+0	2.006637E-1	2.371582E+3	-1.869385E+3	4.640800E+3	-2.932032E+3	6.869650E+3	-1.068432E+4	8.098132E+3	-1.725550E+4
3.232000E+1	-5.256859E+0	2.888582E+0	-5.256431E+0	2.006636E-1	2.371668E+3	-1.869215E+3	4.640800E+3	-2.932118E+3	6.869650E+3	-1.068450E+4	8.098218E+3	-1.725550E+4
3.233000E+1	-5.256890E+0	2.836044E+0	-5.256462E+0	2.006633E-1	2.371753E+3	-1.869044E+3	4.640800E+3	-2.932203E+3	6.869650E+3	-1.068467E+4	8.098303E+3	-1.725550E+4
3.234000E+1	-5.256917E+0	2.832006E+0	-5.256489E+0	2.006631E-1	2.371839E+3	-1.868873E+3	4.640800E+3	-2.932289E+3	6.869650E+3	-1.068484E+4	8.098389E+3	-1.725550E+4
3.235000E+1	-5.256900E+0	2.884913E+0	-5.256472E+0	2.006632E-1	2.371924E+3	-1.868702E+3	4.640800E+3	-2.932374E+3	6.869650E+3	-1.068501E+4	8.098474E+3	-1.725550E+4
3.236000E+1	-5.256961E+0	2.870847E+0	-5.256533E+0	2.006626E-1	2.372010E+3	-1.868531E+3	4.640800E+3	-2.932460E+3	6.869650E+3	-1.068518E+4	8.098560E+3	-1.725550E+4
3.237000E+1	-5.257010E+0	2.664060E+0	-5.256582E+0	2.006621E-1	2.372095E+3	-1.868360E+3	4.640800E+3	-2.932545E+3	6.869650E+3	-1.068535E+4	8.098645E+3	-1.725550E+4
3.238000E+1	-5.257171E+0	2.893382E+0	-5.256742E+0	2.006605E-1	2.372181E+3	-1.868189E+3	4.640800E+3	-2.932631E+3	6.869650E+3	-1.068552E+4	8.098731E+3	-1.725550E+4
3.239000E+1	-5.257277E+0	2.998398E+0	-5.256849E+0	2.006594E-1	2.372266E+3	-1.868018E+3	4.640800E+3	-2.932716E+3	6.869650E+3	-1.068569E+4	8.098816E+3	-1.725550E+4
3.240000E+1	-5.257389E+0	2.873342E+0	-5.256960E+0	2.006582E-1	2.372352E+3	-1.867847E+3	4.640800E+3	-2.932802E+3	6.869650E+3	-1.068586E+4	8.098902E+3	-1.725550E+4
3.241000E+1	-5.257383E+0	2.782717E+0	-5.256955E+0	2.006583E-1	2.372437E+3	-1.867676E+3	4.640800E+3	-2.932887E+3	6.869650E+3	-1.068603E+4	8.098987E+3	-1.725550E+4
3.242000E+1	-5.257374E+0	2.807522E+0	-5.256946E+0	2.006584E-1	2.372523E+3	-1.867505E+3	4.640800E+3	-2.932973E+3	6.869650E+3	-1.068621E+4	8.099073E+3	-1.725550E+4
3.243000E+1	-5.257408E+0	2.888093E+0	-5.256980E+0	2.006580E-1	2.372608E+3	-1.867334E+3	4.640800E+3	-2.933058E+3	6.869650E+3	-1.068638E+4	8.099158E+3	-1.725550E+4
3.244000E+1	-5.257491E+0	2.870493E+0	-5.257063E+0	2.006572E-1	2.372694E+3	-1.867163E+3	4.640800E+3	-2.933144E+3	6.869650E+3	-1.068655E+4	8.099244E+3	-1.725550E+4
3.245000E+1	-5.257559E+0	2.715804E+0	-5.257131E+0	2.006565E-1	2.372779E+3	-1.866992E+3	4.640800E+3	-2.933229E+3	6.869650E+3	-1.068672E+4	8.099329E+3	-1.725550E+4
3.246000E+1	-5.257546E+0	2.707809E+0	-5.257118E+0	2.006566E-1	2.372864E+3	-1.866821E+3	4.640800E+3	-2.933314E+3	6.869650E+3	-1.068689E+4	8.099414E+3	-1.725550E+4
3.247000E+1	-5.257547E+0	2.938090E+0	-5.257119E+0	2.006566E-1	2.372950E+3	-1.866650E+3	4.640800E+3	-2.933400E+3	6.869650E+3	-1.068706E+4	8.099500E+3	-1.725550E+4
3.248000E+1	-5.257542E+0	2.934261E+0	-5.257114E+0	2.006567E-1	2.373035E+3	-1.866479E+3	4.640800E+3	-2.933485E+3	6.869650E+3	-1.068723E+4	8.099585E+3	-1.725550E+4
3.249000E+1	-5.257531E+0	2.805196E+0	-5.257102E+0	2.006568E-1	2.371270E+3	-1.866310E+3	4.640800E+3	-2.931721E+3	6.864101E+3	-1.068550E+4	8.097818E+3	-1.725920E+4
3.250000E+1	-5.257547E+0	2.711666E+0	-5.257119E+0	2.006566E-1	2.371270E+3	-1.866310E+3	4.640800E+3	-2.931828E+3	6.864208E+3	-1.068561E+4	8.097605E+3	-1.725910E+4
3.251000E+1	-5.257489E+0	2.862358E+0	-5.257061E+0	2.006572E-1	2.371270E+3	-1.866310E+3	4.640800E+3	-2.931934E+3	6.864314E+3	-1.068572E+4	8.097392E+3	-1.725899E+4
3.252000E+1	-5.257510E+0	2.796753E+0	-5.257082E+0	2.006570E-1	2.371270E+3	-1.866310E+3	4.640800E+3	-2.932041E+3	6.864421E+3	-1.068583E+4	8.097180E+3	-1.725889E+4
3.253000E+1	-5.257540E+0	2.985162E+0	-5.257112E+0	2.006567E-1	2.371270E+3	-1.866310E+3	4.640800E+3	-2.932148E+3	6.864528E+3	-1.068594E+4	8.096967E+3	-1.725878E+4
3.254000E+1	-5.257527E+0	2.702145E+0	-5.257099E+0	2.006568E-1	2.371270E+3	-1.866310E+3	4.640800E+3	-2.932254E+3	6.864634E+3	-1.068605E+4	8.096755E+3	-1.725868E+4
3.255000E+1	-5.257521E+0	2.829892E+0	-5.257093E+0	2.006569E-1	2.371270E+3	-1.866310E+3	4.640800E+3	-2.932361E+3	6.864741E+3	-1.068616E+4	8.096542E+3	-1.725858E+4
3.256000E+1	-5.257486E+0	2.878846E+0	-5.257058E+0	2.006572E-1	2.371270E+3	-1.866310E+3	4.640800E+3	-2.932467E+3	6.864847E+3	-1.068627E+4	8.096329E+3	-1.725847E+4
3.257000E+1	-5.257520E+0	2.895146E+0	-5.257092E+0	2.006569E-1	2.371270E+3	-1.866310E+3	4.640800E+3	-2.932574E+3	6.864954E+3	-1.068638E+4	8.096117E+3	-1.725837E+4
3.258000E+1	-5.257557E+0	2.766551E+0	-5.257129E+0	2.006565E-1	2.371270E+3	-1.866310E+3	4.640800E+3	-2.932681E+3	6.865061E+3	-1.068649E+4	8.095904E+3	-1.725827E+4
3.259000E+1	-5.257406E+0	2.753742E+0	-5.256978E+0	2.006581E-1	2.371270E+3	-1.866310E+3	4.640800E+3	-2.932787E+3	6.865167E+3	-1.068660E+4	8.095691E+3	-1.725816E+4
3.260000E+1	-5.257488E+0	3.067428E+0	-5.257060E+0	2.006572E-1	2.371270E+3	-1.866310E+3	4.640800E+3	-2.932894E+3	6.865274E+3	-1.068671E+4	8.095479E+3	-1.725806E+4
3.261000E+1	-5.257571E+0	2.913917E+0	-5.257142E+0	2.006564E-1	2.371270E+3	-1.866310E+3	4.640800E+3	-2.933000E+3	6.865380E+3	-1.068682E+4	8.095266E+3	-1.725795E+4
3.262000E+1	-5.257563E+0	2.631743E+0	-5.257135E+0	2.006565E-1	2.371270E+3	-1.866310E+3	4.640800E+3	-2.933107E+3	6.865487E+3	-1.068692E+4	8.095053E+3	-1.725785E+4
3.263000E+1	-5.257547E+0	2.782990E+0	-5.257119E+0	2.006566E-1	2.371270E+3	-1.866310E+3	4.640800E+3	-2.933214E+3	6.865594E+3	-1.068703E+4	8.094841E+3	-1.725775E+4
3.264000E+1	-5.257608E+0	3.000941E+0	-5.257180E+0	2.006560E-1	2.371270E+3	-1.866310E+3	4.640800E+3	-2.933320E+3	6.865700E+3	-1.068714E+4	8.094628E+3	-1.725764E+4
3.265000E+1	-5.257641E+0	2.873327E+0	-5.257213E+0	2.006557E-1	2.371270E+3	-1.866310E+3	4.640800E+3	-2.933427E+3	6.865807E+3	-1.068725E+4	8.094416E+3	-1.725754E+4
3.266000E+1	-5.257619E+0	2.714336E+0	-5.257191E+0	2.006559E-1	2.371270E+3	-1.866310E+3	4.640800E+3	-2.933533E+3	6.865913E+3	-1.068736E+4	8.094203E+3	-1.725744E+4
3.267000E+1	-5.257625E+0	2.672168E+0	-5.257197E+0	2.006558E-1	2.373120E+3	-1.868332E+3	4.640800E+3	-2.932065E+3	6.865950E+3	-1.068550E+4	8.097476E+3	-1.725903E+4
3.268000E+1	-5.257714E+0	3.004173E+0	-5.257286E+0	2.006549E-1	2.373120E+3	-1.868641E+3	4.640800E+3	-2.932683E+3	6.865950E+3	-1.068550E+4	8.096860E+3	-1.725873E+4
3.269000E+1	-5.257650E+0	2.937971E+0	-5.257222E+0	2.006556E-1	2.373120E+3	-1.868951E+3	4.640800E+3	-2.933301E+3	6.865950E+3	-1.068550E+4	8.096243E+3	-1.725843E+4
3.270000E+1	-5.257645E+0	2.727225E+0	-5.257217E+0	2.006556E-1	2.373120E+3	-1.869260E+3	4.640800E+3	-2.933920E+3	6.865950E+3	-1.068550E+4	8.095626E+3	-1.725813E+4
3.271000E+1	-5.257691E+0	2.822367E+0	-5.257263E+0	2.006552E-1	2.373120E+3	-1.869569E+3	4.640800E+3	-2.934538E+3	6.865950E+3	-1.068550E+4	8.095010E+3	-1.725783E+4
3.272000E+1	-5.257696E+0	2.952096E+0	-5.257268E+0	2.006551E-1	2.373120E+3	-1.869878E+3	4.640800E+3	-2.935156E+3	6.865950E+3	-1.068550E+4	8.094393E+3	-1.725753E+4
3.273000E+1	-5.257660E+0	2.812293E+0	-5.257232E+0	2.006555E-1	2.371270E+3	-1.867929E+3	4.642650E+3	-2.935189E+3	6.867800E+3	-1.068504E+4	8.093204E+3	-1.725740E+4
3.274000E+1	-5.257662E+0	2.921180E+0	-5.257234E+0	2.006554E-1	2.371270E+3	-1.867526E+3	4.642650E+3	-2.934786E+3	6.867800E+3	-1.068423E+4	8.094814E+3	-1.725740E+4
3.275000E+1	-5.257684E+0	2.800638E+0	-5.257256E+0	2.006552E-1	2.371270E+3	-1.867122E+3	4.642650E+3	-2.934382E+3	6.867800E+3	-1.068342E+4	8.096425E+3	-1.725740E+4
3.276000E+1	-5.257736E+0	2.741213E+0	-5.257308E+0	2.006547E-1	2.371270E+3	-1.866719E+3	4.642650E+3	-2.933979E+3	6.867800E+3	-1.068262E+4	8.098036E+3	-1.725740E+4
3.277000E+1	-5.257691E+0	2.975752E+0	-5.257263E+0	2.006552E-1	2.371270E+3	-1.866316E+3	4.642650E+3	-2.933576E+3	6.867800E+3	-1.068181E+4	8.099647E+3	-1.725740E+4
3.278000E+1	-5.257704E+0	2.920413E+0	-5.257276E+0	2.006550E-1	2.371270E+3	-1.865739E+3	4.642079E+3	-2.932999E+3	6.867229E+3	-1.068353E+4	8.099099E+3	-1.725796E+4
3.279000E+1	-5.257701E+0	2.737733E+0	-5.257272E+0	2.006551E-1	2.371270E+3	-1.865159E+3	4.641499E+3	-2.932419E+3	6.866649E+3	-1.068528E+4	8.098519E+3	-1.725852E+4
3.280000E+1	-5.257721E+0	2.649582E+0	-5.257293E+0	2.006548E-1	2.371270E+3	-1.864579E+3	4.640919E+3	-2.931839E+3	6.866069E+3	-1.068704E+4	8.097939E+3	-1.725908E+4
3.281000E+1	-5.257726E+0	2.926378E+0	-5.257298E+0	2.006548E-1	2.371270E+3	-1.864460E+3	4.641113E+3	-2.931720E+3	6.865637E+3	-1.068770E+4	8.097820E+3	-1.725952E+4
3.282000E+1	-5.257688E+0	2.931453E+0	-5.257260E+0	2.006552E-1	2.371270E+3	-1.864460E+3	4.641508E+3	-2.931720E+3	6.865242E+3	-1.068809E+4	8.097820E+3	-1.725993E+4
3.283000E+1	-5.257698E+0	2.853555E+0	-5.257270E+0	2.006551E-1	2.371270E+3	-1.864460E+3	4.641903E+3	-2.931720E+3	6.864847E+3	-1.068847E+4	8.097820E+3	-1.726033E+4
3.284000E+1	-5.257700E+0	2.579155E+0	-5.257272E+0	2.006551E-1	2.371270E+3	-1.864460E+3	4.642297E+3	-2.931720E+3	6.864453E+3	-1.068886E+4	8.097820E+3	-1.726074E+4
3.285000E+1	-5.257720E+0	2.889883E+0	-5.257292E+0	2.006549E-1	2.371270E+3	-1.864581E+3	4.642610E+3	-2.931720E+3	6.864100E+3	-1.068916E+4	8.097820E+3	-1.726106E+4
3.286000E+1	-5.257762E+0	2.941469E+0	-5.257334E+0	2.006544E-1	2.371270E+3	-1.865717E+3	4.642231E+3	-2.931720E+3	6.864100E+3	-1.068879E+4	8.097820E+3	-1.726067E+4
3.287000E+1	-5.257735E+0	2.692642E+0	-5.257307E+0	2.006547E-1	2.371270E+3	-1.866853E+3	4.641852E+3	-2.931720E+3	6.864100E+3	-1.068842E+4	8.097820E+3	-1.726028E+4
3.288000E+1	-5.257739E+0	2.769846E+0	-5.257311E+0	2.006547E-1	2.371270E+3	-1.867988E+3	4.641474E+3	-2.931720E+3	6.864100E+3	-1.068806E+4	8.097820E+3	-1.725989E+4
3.289000E+1	-5.257703E+0	2.933380E+0	-5.257275E+0	2.006550E-1	2.371270E+3	-1.869124E+3	4.641095E+3	-2.931720E+3	6.864100E+3	-1.068769E+4	8.097820E+3	-1.725950E+4
3.290000E+1	-5.257758E+0	2.833775E+0	-5.257330E+0	2.006545E-1	2.371347E+3	-1.870010E+3	4.640800E+3	-2.931797E+3	6.864177E+3	-1.068732E+4	8.097513E+3	-1.725913E+4
3.291000E+1	-5.257772E+0	2.863809E+0	-5.257344E+0	2.006543E-1	2.371697E+3	-1.870010E+3	4.640800E+3	-2.932147E+3	6.864527E+3	-1.068696E+4	8.096115E+3	-1.725878E+4
3.292000E+1	-5.257759E+0	2.895453E+0	-5.257331E+0	2.006545E-1	2.372047E+3	-1.870010E+3	4.640800E+3	-2.932497E+3	6.864877E+3	-1.068660E+4	8.094717E+3	-1.725844E+4
3.293000E+1	-5.257716E+0	2.847902E+0	-5.257288E+0	2.006549E-1	2.372397E+3	-1.870010E+3	4.640800E+3	-2.932847E+3	6.865227E+3	-1.068624E+4	8.093318E+3	-1.725810E+4
3.294000E+1	-5.257738E+0	2.852458E+0	-5.257310E+0	2.006547E-1	2.372747E+3	-1.870010E+3	4.640800E+3	-2.933197E+3	6.865577E+3	-1.068588E+4	8.091920E+3	-1.725776E+4
3.295000E+1	-5.257748E+0	2.855042E+0	-5.257320E+0	2.006546E-1	2.373097E+3	-1.870010E+3	4.640800E+3	-2.933547E+3	6.865927E+3	-1.068552E+4	8.090522E+3	-1.725742E+4
3.296000E+1	-5.257811E+0	2.854668E+0	-5.257383E+0	2.006539E-1	2.372639E+3	-1.869529E+3	4.640800E+3	-2.934051E+3	6.866431E+3	-1.068550E+4	8.091393E+3	-1.725740E+4
3.297000E+1	-5.257855E+0	2.795452E+0	-5.257427E+0	2.006535E-1	2.372123E+3	-1.869013E+3	4.640800E+3	-2.934567E+3	6.866947E+3	-1.068550E+4	8.092423E+3	-1.725740E+4
3.298000E+1	-5.257852E+0	2.985656E+0	-5.257424E+0	2.006535E-1	2.371608E+3	-1.868498E+3	4.640800E+3	-2.935082E+3	6.867462E+3	-1.068550E+4	8.093454E+3	-1.725740E+4
3.299000E+1	-5.257815E+0	2.891832E+0	-5.257387E+0	2.006539E-1	2.371328E+3	-1.868044E+3	4.640800E+3	-2.935362E+3	6.867800E+3	-1.068544E+4	8.094304E+3	-1.725740E+4
3.300000E+1	-5.257815E+0	2.733720E+0	-5.257387E+0	2.006539E-1	2.371497E+3	-1.867707E+3	4.640800E+3	-2.935193E+3	6.867800E+3	-1.068528E+4	8.094808E+3	-1.725740E+4
3.301000E+1	-5.257826E+0	2.741090E+0	-5.257398E+0	2.006538E-1	2.371665E+3	-1.867370E+3	4.640800E+3	-2.935025E+3	6.867800E+3	-1.068512E+4	8.095313E+3	-1.725740E+4
3.302000E+1	-5.257860E+0	2.849807E+0	-5.257432E+0	2.006534E-1	2.371834E+3	-1.867032E+3	4.640800E+3	-2.934856E+3	6.867800E+3	-1.068495E+4	8.095818E+3	-1.725740E+4
3.303000E+1	-5.257866E+0	3.017028E+0	-5.257438E+0	2.006534E-1	2.372002E+3	-1.866695E+3	4.640800E+3	-2.934688E+3	6.867800E+3	-1.068479E+4	8.096323E+3	-1.725740E+4
3.304000E+1	-5.257878E+0	2.954538E+0	-5.257450E+0	2.006532E-1	2.372171E+3	-1.866358E+3	4.640800E+3	-2.934519E+3	6.867800E+3	-1.068462E+4	8.096828E+3	-1.725740E+4
3.305000E+1	-5.257876E+0	2.703364E+0	-5.257448E+0	2.006533E-1	2.372340E+3	-1.866021E+3	4.640800E+3	-2.934350E+3	6.867800E+3	-1.068446E+4	8.097333E+3	-1.725740E+4
3.306000E+1	-5.257867E+0	2.730697E+0	-5.257439E+0	2.006534E-1	2.372508E+3	-1.865683E+3	4.640800E+3	-2.934182E+3	6.867800E+3	-1.068430E+4	8.097838E+3	-1.725740E+4
3.307000E+1	-5.257858E+0	2.890924E+0	-5.257430E+0	2.006534E-1	2.372677E+3	-1.865346E+3	4.640800E+3	-2.934013E+3	6.867800E+3	-1.068413E+4	8.098343E+3	-1.725740E+4
3.308000E+1	-5.257897E+0	2.941129E+0	-5.257469E+0	2.006531E-1	2.372846E+3	-1.865009E+3	4.640800E+3	-2.933844E+3	6.867800E+3	-1.068397E+4	8.098848E+3	-1.725740E+4
3.309000E+1	-5.257879E+0	2.714929E+0	-5.257451E+0	2.006532E-1	2.373014E+3	-1.864671E+3	4.640800E+3	-2.933676E+3	6.867800E+3	-1.068380E+4	8.099353E+3	-1.725740E+4
3.310000E+1	-5.257883E+0	2.627501E+0	-5.257455E+0	2.006532E-1	2.371160E+3	-1.864680E+3	4.638960E+3	-2.935310E+3	6.862250E+3	-1.068898E+4	8.094130E+3	-1.726110E+4
3.311000E+1	-5.257922E+0	3.039808E+0	-5.257494E+0	2.006528E-1	2.370757E+3	-1.865487E+3	4.638960E+3	-2.934907E+3	6.862250E+3	-1.068817E+4	8.094130E+3	-1.726110E+4
3.312000E+1	-5.257906E+0	2.942840E+0	-5.257478E+0	2.006530E-1	2.370353E+3	-1.866293E+3	4.638960E+3	-2.934503E+3	6.862250E+3	-1.068737E+4	8.094130E+3	-1.726110E+4
3.313000E+1	-5.257868E+0	2.815494E+0	-5.257440E+0	2.006533E-1	2.369950E+3	-1.867100E+3	4.638960E+3	-2.934100E+3	6.862250E+3	-1.068656E+4	8.094130E+3	-1.726110E+4
3.314000E+1	-5.257879E+0	2.602765E+0	-5.257451E+0	2.006532E-1	2.369547E+3	-1.867906E+3	4.638960E+3	-2.933697E+3	6.862250E+3	-1.068575E+4	8.094130E+3	-1.726110E+4
3.315000E+1	-5.257906E+0	2.863604E+0	-5.257478E+0	2.006530E-1	2.369347E+3	-1.868160E+3	4.639032E+3	-2.933643E+3	6.862323E+3	-1.068550E+4	8.094057E+3	-1.726103E+4
3.316000E+1	-5.257856E+0	2.930784E+0	-5.257428E+0	2.006535E-1	2.369241E+3	-1.868160E+3	4.639138E+3	-2.933749E+3	6.862429E+3	-1.068550E+4	8.093951E+3	-1.726092E+4
3.317000E+1	-5.257841E+0	2.895724E+0	-5.257413E+0	2.006536E-1	2.369135E+3	-1.868160E+3	4.639243E+3	-2.933855E+3	6.862535E+3	-1.068550E+4	8.093845E+3	-1.726081E+4
3.318000E+1	-5.257871E+0	2.682569E+0	-5.257443E+0	2.006533E-1	2.369029E+3	-1.868160E+3	4.639349E+3	-2.933961E+3	6.862641E+3	-1.068550E+4	8.093739E+3	-1.726070E+4
3.319000E+1	-5.257870E+0	2.769898E+0	-5.257442E+0	2.006533E-1	2.368923E+3	-1.868160E+3	4.639454E+3	-2.934067E+3	6.862747E+3	-1.068550E+4	8.093633E+3	-1.726059E+4
3.320000E+1	-5.257865E+0	3.022900E+0	-5.257436E+0	2.006534E-1	2.368817E+3	-1.868160E+3	4.639559E+3	-2.934173E+3	6.862853E+3	-1.068550E+4	8.093527E+3	-1.726048E+4
3.321000E+1	-5.257858E+0	2.989007E+0	-5.257430E+0	2.006535E-1	2.368711E+3	-1.868160E+3	4.639665E+3	-2.934279E+3	6.862959E+3	-1.068550E+4	8.093421E+3	-1.726037E+4
3.322000E+1	-5.257890E+0	2.705780E+0	-5.257462E+0	2.006531E-1	2.368605E+3	-1.868160E+3	4.639770E+3	-2.934385E+3	6.863065E+3	-1.068550E+4	8.093315E+3	-1.726026E+4
3.323000E+1	-5.257907E+0	2.722987E+0	-5.257479E+0	2.006529E-1	2.368499E+3	-1.868160E+3	4.639876E+3	-2.934491E+3	6.863171E+3	-1.068550E+4	8.093209E+3	-1.726015E+4
3.324000E+1	-5.257864E+0	3.041738E+0	-5.257436E+0	2.006534E-1	2.368393E+3	-1.868160E+3	4.639981E+3	-2.934597E+3	6.863277E+3	-1.068550E+4	8.093103E+3	-1.726005E+4
3.325000E+1	-5.257940E+0	2.760683E+0	-5.257512E+0	2.006526E-1	2.368287E+3	-1.868160E+3	4.640086E+3	-2.934703E+3	6.863383E+3	-1.068550E+4	8.092997E+3	-1.725994E+4
3.326000E+1	-5.257940E+0	2.731310E+0	-5.257512E+0	2.006526E-1	2.368181E+3	-1.868160E+3	4.640192E+3	-2.934809E+3	6.863489E+3	-1.068550E+4	8.092891E+3	-1.725983E+4
3.327000E+1	-5.257942E+0	2.789261E+0	-5.257514E+0	2.006526E-1	2.368075E+3	-1.868160E+3	4.640297E+3	-2.934915E+3	6.863595E+3	-1.068550E+4	8.092785E+3	-1.725972E+4
3.328000E+1	-5.257925E+0	2.939232E+0	-5.257497E+0	2.006528E-1	2.367969E+3	-1.868160E+3	4.640403E+3	-2.935021E+3	6.863701E+3	-1.068550E+4	8.092679E+3	-1.725961E+4
3.329000E+1	-5.257920E+0	2.804955E+0	-5.257492E+0	2.006528E-1	2.367863E+3	-1.868160E+3	4.640508E+3	-2.935127E+3	6.863807E+3	-1.068550E+4	8.092573E+3	-1.725950E+4
3.330000E+1	-5.257927E+0	2.826272E+0	-5.257499E+0	2.006527E-1	2.367757E+3	-1.868160E+3	4.640614E+3	-2.935233E+3	6.863913E+3	-1.068550E+4	8.092467E+3	-1.725939E+4
3.331000E+1	-5.257923E+0	2.694702E+0	-5.257495E+0	2.006528E-1	2.367651E+3	-1.868160E+3	4.640719E+3	-2.935339E+3	6.864019E+3	-1.068550E+4	8.092361E+3	-1.725928E+4
3.332000E+1	-5.257936E+0	2.789023E+0	-5.257507E+0	2.006527E-1	2.367809E+3	-1.868519E+3	4.640800E+3	-2.935420E+3	6.864220E+3	-1.068550E+4	8.092400E+3	-1.725908E+4
3.333000E+1	-5.257922E+0	2.927982E+0	-5.257494E+0	2.006528E-1	2.368840E+3	-1.870065E+3	4.640800E+3	-2.935420E+3	6.864735E+3	-1.068550E+4	8.092915E+3	-1.725858E+4
3.334000E+1	-5.257926E+0	2.858569E+0	-5.257498E+0	2.006528E-1	2.369870E+3	-1.871610E+3	4.640800E+3	-2.935420E+3	6.865250E+3	-1.068550E+4	8.093430E+3	-1.725808E+4
3.335000E+1	-5.257919E+0	2.737010E+0	-5.257491E+0	2.006528E-1	2.370901E+3	-1.873156E+3	4.640800E+3	-2.935420E+3	6.865765E+3	-1.068550E+4	8.093945E+3	-1.725758E+4
3.336000E+1	-5.257845E+0	2.806267E+0	-5.257417E+0	2.006536E-1	2.370334E+3	-1.866767E+3	4.640345E+3	-2.932634E+3	6.862250E+3	-1.068693E+4	8.095523E+3	-1.726110E+4
3.337000E+1	-5.257847E+0	2.914372E+0	-5.257419E+0	2.006536E-1	2.372020E+3	-1.867610E+3	4.639507E+3	-2.934320E+3	6.862250E+3	-1.068606E+4	8.094680E+3	-1.726110E+4
3.338000E+1	-5.257900E+0	2.768095E+0	-5.257472E+0	2.006530E-1	2.372862E+3	-1.868031E+3	4.638960E+3	-2.935548E+3	6.862379E+3	-1.068563E+4	8.093743E+3	-1.726097E+4
3.339000E+1	-5.257904E+0	2.908911E+0	-5.257476E+0	2.006530E-1	2.372120E+3	-1.867660E+3	4.638960E+3	-2.935917E+3	6.862750E+3	-1.068601E+4	8.092630E+3	-1.726059E+4
3.340000E+1	-5.257932E+0	2.703884E+0	-5.257504E+0	2.006527E-1	2.371378E+3	-1.867289E+3	4.638960E+3	-2.936286E+3	6.863121E+3	-1.068639E+4	8.091517E+3	-1.726021E+4
3.341000E+1	-5.257881E+0	2.891538E+0	-5.257453E+0	2.006532E-1	2.370636E+3	-1.866918E+3	4.638960E+3	-2.936655E+3	6.863492E+3	-1.068678E+4	8.090404E+3	-1.725982E+4
3.342000E+1	-5.257840E+0	2.861993E+0	-5.257411E+0	2.006536E-1	2.369894E+3	-1.866547E+3	4.638960E+3	-2.937024E+3	6.863863E+3	-1.068716E+4	8.089291E+3	-1.725944E+4
3.343000E+1	-5.257823E+0	2.879263E+0	-5.257395E+0	2.006538E-1	2.369420E+3	-1.866453E+3	4.638960E+3	-2.937118E+3	6.864100E+3	-1.068711E+4	8.089008E+3	-1.725920E+4
3.344000E+1	-5.257860E+0	2.839573E+0	-5.257432E+0	2.006534E-1	2.369420E+3	-1.866847E+3	4.638960E+3	-2.936726E+3	6.864100E+3	-1.068633E+4	8.090192E+3	-1.725920E+4
3.345000E+1	-5.257889E+0	2.922158E+0	-5.257461E+0	2.006531E-1	2.369420E+3	-1.867242E+3	4.638960E+3	-2.936333E+3	6.864100E+3	-1.068554E+4	8.091376E+3	-1.725920E+4
3.346000E+1	-5.257935E+0	2.954945E+0	-5.257507E+0	2.006527E-1	2.369420E+3	-1.867637E+3	4.638960E+3	-2.935941E+3	6.864100E+3	-1.068475E+4	8.092560E+3	-1.725920E+4
3.347000E+1	-5.257943E+0	2.904903E+0	-5.257515E+0	2.006526E-1	2.369420E+3	-1.868031E+3	4.638960E+3	-2.935548E+3	6.864100E+3	-1.068396E+4	8.093744E+3	-1.725920E+4
3.348000E+1	-5.257941E+0	2.836946E+0	-5.257513E+0	2.006526E-1	2.370201E+3	-1.867379E+3	4.639348E+3	-2.935029E+3	6.863709E+3	-1.068448E+4	8.094521E+3	-1.725920E+4
3.349000E+1	-5.257927E+0	2.706781E+0	-5.257499E+0	2.006527E-1	2.371360E+3	-1.866220E+3	4.639925E+3	-2.934450E+3	6.863130E+3	-1.068564E+4	8.095100E+3	-1.725920E+4
3.350000E+1	-5.257944E+0	2.828775E+0	-5.257516E+0	2.006526E-1	2.372520E+3	-1.865060E+3	4.640502E+3	-2.933870E+3	6.862550E+3	-1.068680E+4	8.095680E+3	-1.725920E+4
3.351000E+1	-5.257870E+0	2.804903E+0	-5.257442E+0	2.006533E-1	2.372962E+3	-1.864381E+3	4.640800E+3	-2.933570E+3	6.862250E+3	-1.068764E+4	8.095742E+3	-1.725928E+4
3.352000E+1	-5.257916E+0	2.782682E+0	-5.257488E+0	2.006529E-1	2.372633E+3	-1.864217E+3	4.640800E+3	-2.933570E+3	6.862250E+3	-1.068812E+4	8.095250E+3	-1.725945E+4
3.353000E+1	-5.257916E+0	2.858075E+0	-5.257488E+0	2.006529E-1	2.372305E+3	-1.864053E+3	4.640800E+3	-2.933570E+3	6.862250E+3	-1.068861E+4	8.094758E+3	-1.725962E+4
3.354000E+1	-5.257917E+0	2.986615E+0	-5.257489E+0	2.006529E-1	2.371977E+3	-1.863888E+3	4.640800E+3	-2.933570E+3	6.862250E+3	-1.068910E+4	8.094265E+3	-1.725979E+4
3.355000E+1	-5.257923E+0	2.813299E+0	-5.257495E+0	2.006528E-1	2.371648E+3	-1.863724E+3	4.640800E+3	-2.933570E+3	6.862250E+3	-1.068959E+4	8.093773E+3	-1.725996E+4
3.356000E+1	-5.257926E+0	2.794513E+0	-5.257498E+0	2.006528E-1	2.371320E+3	-1.863560E+3	4.640800E+3	-2.933570E+3	6.862250E+3	-1.069008E+4	8.093280E+3	-1.726012E+4
3.357000E+1	-5.257919E+0	2.768159E+0	-5.257491E+0	2.006528E-1	2.370992E+3	-1.863396E+3	4.640800E+3	-2.933570E+3	6.862250E+3	-1.069056E+4	8.092788E+3	-1.726029E+4
3.358000E+1	-5.257929E+0	3.012167E+0	-5.257501E+0	2.006527E-1	2.370663E+3	-1.863232E+3	4.640800E+3	-2.933570E+3	6.862250E+3	-1.069105E+4	8.092295E+3	-1.726046E+4
3.359000E+1	-5.257944E+0	2.763354E+0	-5.257516E+0	2.006526E-1	2.370335E+3	-1.863068E+3	4.640800E+3	-2.933570E+3	6.862250E+3	-1.069154E+4	8.091803E+3	-1.726063E+4
3.360000E+1	-5.257964E+0	2.679415E+0	-5.257536E+0	2.006524E-1	2.370007E+3	-1.862903E+3	4.640800E+3	-2.933570E+3	6.862250E+3	-1.069203E+4	8.091310E+3	-1.726080E+4
3.361000E+1	-5.257935E+0	2.831822E+0	-5.257507E+0	2.006527E-1	2.369679E+3	-1.862739E+3	4.640800E+3	-2.933570E+3	6.862250E+3	-1.069252E+4	8.090818E+3	-1.726097E+4
3.362000E+1	-5.257944E+0	2.928458E+0	-5.257516E+0	2.006526E-1	2.367570E+3	-1.866310E+3	4.639082E+3	-2.933693E+3	6.860400E+3	-1.068908E+4	8.092034E+3	-1.726278E+4
3.363000E+1	-5.257928E+0	2.799996E+0	-5.257500E+0	2.006527E-1	2.367570E+3	-1.866310E+3	4.639659E+3	-2.934273E+3	6.860400E+3	-1.068852E+4	8.090874E+3	-1.726222E+4
3.364000E+1	-5.257942E+0	2.822109E+0	-5.257514E+0	2.006526E-1	2.367570E+3	-1.866310E+3	4.640236E+3	-2.934852E+3	6.860400E+3	-1.068795E+4	8.089715E+3	-1.726165E+4
3.365000E+1	-5.257987E+0	2.867735E+0	-5.257559E+0	2.006521E-1	2.367576E+3	-1.866310E+3	4.640794E+3	-2.935426E+3	6.860406E+3	-1.068740E+4	8.088567E+3	-1.726110E+4
3.366000E+1	-5.258001E+0	2.786902E+0	-5.257573E+0	2.006520E-1	2.367875E+3	-1.866310E+3	4.640496E+3	-2.935724E+3	6.860705E+3	-1.068740E+4	8.087969E+3	-1.726110E+4
3.367000E+1	-5.257964E+0	2.905786E+0	-5.257536E+0	2.006524E-1	2.368175E+3	-1.866310E+3	4.640199E+3	-2.936021E+3	6.861005E+3	-1.068740E+4	8.087371E+3	-1.726110E+4
3.368000E+1	-5.257921E+0	3.021747E+0	-5.257493E+0	2.006528E-1	2.368474E+3	-1.866310E+3	4.639901E+3	-2.936319E+3	6.861304E+3	-1.068740E+4	8.086772E+3	-1.726110E+4
3.369000E+1	-5.257984E+0	2.781769E+0	-5.257556E+0	2.006522E-1	2.368773E+3	-1.866310E+3	4.639603E+3	-2.936617E+3	6.861603E+3	-1.068740E+4	8.086174E+3	-1.726110E+4
3.370000E+1	-5.257942E+0	2.641428E+0	-5.257514E+0	2.006526E-1	2.369072E+3	-1.866310E+3	4.639306E+3	-2.936914E+3	6.861902E+3	-1.068740E+4	8.085576E+3	-1.726110E+4
3.371000E+1	-5.257969E+0	3.031331E+0	-5.257541E+0	2.006523E-1	2.369371E+3	-1.866310E+3	4.639008E+3	-2.937212E+3	6.862201E+3	-1.068740E+4	8.084977E+3	-1.726110E+4
3.372000E+1	-5.257961E+0	2.937538E+0	-5.257533E+0	2.006524E-1	2.369808E+3	-1.866310E+3	4.638960E+3	-2.937648E+3	6.862250E+3	-1.068662E+4	8.086434E+3	-1.726070E+4
3.373000E+1	-5.257965E+0	2.765398E+0	-5.257537E+0	2.006524E-1	2.370272E+3	-1.866310E+3	4.638960E+3	-2.938112E+3	6.862250E+3	-1.068570E+4	8.088288E+3	-1.726022E+4
3.374000E+1	-5.257990E+0	2.691343E+0	-5.257562E+0	2.006521E-1	2.370736E+3	-1.866310E+3	4.638960E+3	-2.938576E+3	6.862250E+3	-1.068477E+4	8.090143E+3	-1.725975E+4
3.375000E+1	-5.257972E+0	2.843433E+0	-5.257544E+0	2.006523E-1	2.371200E+3	-1.866310E+3	4.638960E+3	-2.939040E+3	6.862250E+3	-1.068384E+4	8.091998E+3	-1.725927E+4
3.376000E+1	-5.257988E+0	3.008797E+0	-5.257560E+0	2.006521E-1	2.372700E+3	-1.863449E+3	4.638960E+3	-2.936257E+3	6.860820E+3	-1.068795E+4	8.092280E+3	-1.725920E+4
3.377000E+1	-5.257999E+0	2.788791E+0	-5.257571E+0	2.006520E-1	2.372748E+3	-1.862610E+3	4.639145E+3	-2.935234E+3	6.860400E+3	-1.068939E+4	8.092094E+3	-1.725957E+4
3.378000E+1	-5.257937E+0	2.795618E+0	-5.257508E+0	2.006526E-1	2.372254E+3	-1.862610E+3	4.639391E+3	-2.934987E+3	6.860400E+3	-1.068964E+4	8.091847E+3	-1.726007E+4
3.379000E+1	-5.257947E+0	2.821145E+0	-5.257519E+0	2.006525E-1	2.371759E+3	-1.862610E+3	4.639637E+3	-2.934740E+3	6.860400E+3	-1.068990E+4	8.091600E+3	-1.726056E+4
3.380000E+1	-5.257965E+0	2.933681E+0	-5.257537E+0	2.006524E-1	2.371265E+3	-1.862610E+3	4.639883E+3	-2.934492E+3	6.860400E+3	-1.069015E+4	8.091352E+3	-1.726106E+4
3.381000E+1	-5.257948E+0	2.926347E+0	-5.257520E+0	2.006525E-1	2.370770E+3	-1.862610E+3	4.640129E+3	-2.934245E+3	6.860400E+3	-1.069041E+4	8.091105E+3	-1.726155E+4
3.382000E+1	-5.257948E+0	2.814600E+0	-5.257520E+0	2.006525E-1	2.370275E+3	-1.862610E+3	4.640375E+3	-2.933998E+3	6.860400E+3	-1.069066E+4	8.090858E+3	-1.726204E+4
3.383000E+1	-5.257956E+0	2.661550E+0	-5.257528E+0	2.006524E-1	2.369781E+3	-1.862610E+3	4.640621E+3	-2.933750E+3	6.860400E+3	-1.069091E+4	8.090610E+3	-1.726254E+4
3.384000E+1	-5.257958E+0	3.060438E+0	-5.257530E+0	2.006524E-1	2.369033E+3	-1.863190E+3	4.640608E+3	-2.933763E+3	6.860207E+3	-1.069071E+4	8.090623E+3	-1.726290E+4
3.385000E+1	-5.257949E+0	2.831008E+0	-5.257521E+0	2.006525E-1	2.367606E+3	-1.865330E+3	4.639898E+3	-2.934477E+3	6.859493E+3	-1.068929E+4	8.091337E+3	-1.726290E+4
3.386000E+1	-5.257952E+0	2.760599E+0	-5.257524E+0	2.006525E-1	2.366179E+3	-1.867471E+3	4.639188E+3	-2.935190E+3	6.858780E+3	-1.068786E+4	8.092050E+3	-1.726290E+4
3.387000E+1	-5.257976E+0	2.668579E+0	-5.257548E+0	2.006522E-1	2.365900E+3	-1.868160E+3	4.638780E+3	-2.935599E+3	6.858730E+3	-1.068757E+4	8.091921E+3	-1.726254E+4
3.388000E+1	-5.257974E+0	2.991515E+0	-5.257546E+0	2.006523E-1	2.366165E+3	-1.868160E+3	4.638515E+3	-2.935862E+3	6.858995E+3	-1.068783E+4	8.091391E+3	-1.726201E+4
3.389000E+1	-5.257950E+0	2.845249E+0	-5.257522E+0	2.006525E-1	2.366430E+3	-1.868160E+3	4.638250E+3	-2.936126E+3	6.859260E+3	-1.068809E+4	8.090861E+3	-1.726148E+4
3.390000E+1	-5.257962E+0	2.732674E+0	-5.257534E+0	2.006524E-1	2.366695E+3	-1.868160E+3	4.637985E+3	-2.936389E+3	6.859525E+3	-1.068835E+4	8.090331E+3	-1.726095E+4
3.391000E+1	-5.257948E+0	2.861866E+0	-5.257520E+0	2.006525E-1	2.366960E+3	-1.868160E+3	4.637720E+3	-2.936653E+3	6.859790E+3	-1.068861E+4	8.089801E+3	-1.726042E+4
3.392000E+1	-5.257939E+0	2.872637E+0	-5.257511E+0	2.006526E-1	2.367225E+3	-1.868160E+3	4.637455E+3	-2.936917E+3	6.860055E+3	-1.068886E+4	8.089271E+3	-1.725989E+4
3.393000E+1	-5.257960E+0	2.835946E+0	-5.257532E+0	2.006524E-1	2.367490E+3	-1.868160E+3	4.637190E+3	-2.937180E+3	6.860320E+3	-1.068912E+4	8.088741E+3	-1.725936E+4
3.394000E+1	-5.257962E+0	2.787205E+0	-5.257534E+0	2.006524E-1	2.368157E+3	-1.868747E+3	4.635847E+3	-2.937938E+3	6.860987E+3	-1.068623E+4	8.088404E+3	-1.726050E+4
3.395000E+1	-5.257931E+0	2.898572E+0	-5.257502E+0	2.006527E-1	2.369001E+3	-1.869591E+3	4.636691E+3	-2.936257E+3	6.861831E+3	-1.068454E+4	8.093463E+3	-1.725963E+4
3.396000E+1	-5.257920E+0	2.862030E+0	-5.257492E+0	2.006528E-1	2.369606E+3	-1.869451E+3	4.637110E+3	-2.935234E+3	6.862250E+3	-1.068407E+4	8.095794E+3	-1.725920E+4
3.397000E+1	-5.257942E+0	2.909923E+0	-5.257514E+0	2.006526E-1	2.369977E+3	-1.868338E+3	4.637110E+3	-2.934863E+3	6.862250E+3	-1.068481E+4	8.095423E+3	-1.725920E+4
3.398000E+1	-5.257925E+0	2.717913E+0	-5.257497E+0	2.006528E-1	2.370348E+3	-1.867225E+3	4.637110E+3	-2.934492E+3	6.862250E+3	-1.068556E+4	8.095052E+3	-1.725920E+4
3.399000E+1	-5.257950E+0	2.751616E+0	-5.257522E+0	2.006525E-1	2.370719E+3	-1.866112E+3	4.637110E+3	-2.934121E+3	6.862250E+3	-1.068630E+4	8.094681E+3	-1.725920E+4
3.400000E+1	-5.257939E+0	2.786053E+0	-5.257511E+0	2.006526E-1	2.371090E+3	-1.864999E+3	4.637110E+3	-2.933750E+3	6.862250E+3	-1.068704E+4	8.094310E+3	-1.725920E+4
3.401000E+1	-5.257927E+0	2.916132E+0	-5.257499E+0	2.006527E-1	2.371053E+3	-1.864243E+3	4.637544E+3	-2.933353E+3	6.862033E+3	-1.068761E+4	8.093913E+3	-1.725942E+4
3.402000E+1	-5.257941E+0	2.740092E+0	-5.257513E+0	2.006526E-1	2.370631E+3	-1.863821E+3	4.638385E+3	-2.932931E+3	6.861611E+3	-1.068802E+4	8.093491E+3	-1.725986E+4
3.403000E+1	-5.257944E+0	2.824934E+0	-5.257516E+0	2.006526E-1	2.370209E+3	-1.863399E+3	4.639226E+3	-2.932509E+3	6.861189E+3	-1.068843E+4	8.093069E+3	-1.726029E+4
3.404000E+1	-5.257949E+0	2.776713E+0	-5.257521E+0	2.006525E-1	2.369788E+3	-1.862978E+3	4.640066E+3	-2.932088E+3	6.860768E+3	-1.068884E+4	8.092648E+3	-1.726072E+4
3.405000E+1	-5.257953E+0	2.831085E+0	-5.257525E+0	2.006525E-1	2.369346E+3	-1.862684E+3	4.640800E+3	-2.931720E+3	6.860326E+3	-1.068913E+4	8.092206E+3	-1.726117E+4
3.406000E+1	-5.257958E+0	2.832067E+0	-5.257530E+0	2.006524E-1	2.368766E+3	-1.863264E+3	4.640800E+3	-2.931720E+3	6.859746E+3	-1.068856E+4	8.091626E+3	-1.726174E+4
3.407000E+1	-5.257932E+0	2.839913E+0	-5.257504E+0	2.006527E-1	2.368187E+3	-1.863843E+3	4.640800E+3	-2.931720E+3	6.859167E+3	-1.068800E+4	8.091047E+3	-1.726230E+4
3.408000E+1	-5.257944E+0	2.762741E+0	-5.257516E+0	2.006526E-1	2.367607E+3	-1.864423E+3	4.640800E+3	-2.931720E+3	6.858587E+3	-1.068744E+4	8.090467E+3	-1.726286E+4
3.409000E+1	-5.257945E+0	2.747156E+0	-5.257517E+0	2.006526E-1	2.367642E+3	-1.864532E+3	4.640728E+3	-2.931864E+3	6.858622E+3	-1.068740E+4	8.090214E+3	-1.726283E+4
3.410000E+1	-5.257927E+0	2.865214E+0	-5.257499E+0	2.006527E-1	2.367719E+3	-1.864609E+3	4.640652E+3	-2.932018E+3	6.858699E+3	-1.068740E+4	8.089983E+3	-1.726276E+4
3.411000E+1	-5.257929E+0	2.957995E+0	-5.257501E+0	2.006527E-1	2.367796E+3	-1.864686E+3	4.640575E+3	-2.932172E+3	6.858776E+3	-1.068740E+4	8.089752E+3	-1.726268E+4
3.412000E+1	-5.257948E+0	2.684973E+0	-5.257520E+0	2.006525E-1	2.367873E+3	-1.864763E+3	4.640499E+3	-2.932326E+3	6.858853E+3	-1.068740E+4	8.089521E+3	-1.726261E+4
3.413000E+1	-5.257942E+0	2.675928E+0	-5.257514E+0	2.006526E-1	2.367950E+3	-1.864840E+3	4.640422E+3	-2.932480E+3	6.858930E+3	-1.068740E+4	8.089290E+3	-1.726253E+4
3.414000E+1	-5.257886E+0	3.036534E+0	-5.257458E+0	2.006532E-1	2.368027E+3	-1.864917E+3	4.640346E+3	-2.932634E+3	6.859007E+3	-1.068740E+4	8.089059E+3	-1.726246E+4
3.415000E+1	-5.257886E+0	2.955765E+0	-5.257458E+0	2.006532E-1	2.368104E+3	-1.864994E+3	4.640269E+3	-2.932788E+3	6.859084E+3	-1.068740E+4	8.088828E+3	-1.726238E+4
3.416000E+1	-5.257892E+0	2.745251E+0	-5.257464E+0	2.006531E-1	2.368181E+3	-1.865071E+3	4.640192E+3	-2.932942E+3	6.859161E+3	-1.068740E+4	8.088598E+3	-1.726231E+4
3.417000E+1	-5.257914E+0	2.600031E+0	-5.257486E+0	2.006529E-1	2.368258E+3	-1.865148E+3	4.640116E+3	-2.933096E+3	6.859238E+3	-1.068740E+4	8.088367E+3	-1.726223E+4
3.418000E+1	-5.257940E+0	2.868355E+0	-5.257512E+0	2.006526E-1	2.368335E+3	-1.865225E+3	4.640039E+3	-2.933250E+3	6.859315E+3	-1.068740E+4	8.088136E+3	-1.726216E+4
3.419000E+1	-5.257953E+0	2.980216E+0	-5.257525E+0	2.006525E-1	2.368412E+3	-1.865302E+3	4.639963E+3	-2.933403E+3	6.859392E+3	-1.068740E+4	8.087905E+3	-1.726208E+4
3.420000E+1	-5.257936E+0	2.803463E+0	-5.257508E+0	2.006527E-1	2.368489E+3	-1.865379E+3	4.639886E+3	-2.933557E+3	6.859469E+3	-1.068740E+4	8.087674E+3	-1.726201E+4
3.421000E+1	-5.257951E+0	2.761017E+0	-5.257523E+0	2.006525E-1	2.368566E+3	-1.865456E+3	4.639810E+3	-2.933711E+3	6.859546E+3	-1.068740E+4	8.087443E+3	-1.726193E+4
3.422000E+1	-5.257924E+0	2.861337E+0	-5.257496E+0	2.006528E-1	2.368643E+3	-1.865533E+3	4.639733E+3	-2.933865E+3	6.859623E+3	-1.068740E+4	8.087212E+3	-1.726186E+4
3.423000E+1	-5.257900E+0	2.992128E+0	-5.257472E+0	2.006530E-1	2.368720E+3	-1.865610E+3	4.639657E+3	-2.934019E+3	6.859700E+3	-1.068740E+4	8.086981E+3	-1.726178E+4
3.424000E+1	-5.257942E+0	2.766946E+0	-5.257514E+0	2.006526E-1	2.368797E+3	-1.865687E+3	4.639580E+3	-2.934173E+3	6.859777E+3	-1.068740E+4	8.086750E+3	-1.726171E+4
3.425000E+1	-5.257957E+0	2.741082E+0	-5.257529E+0	2.006524E-1	2.368874E+3	-1.865764E+3	4.639503E+3	-2.934327E+3	6.859854E+3	-1.068740E+4	8.086519E+3	-1.726163E+4
3.426000E+1	-5.257942E+0	2.837537E+0	-5.257514E+0	2.006526E-1	2.368951E+3	-1.865841E+3	4.639427E+3	-2.934481E+3	6.859931E+3	-1.068740E+4	8.086288E+3	-1.726156E+4
3.427000E+1	-5.257946E+0	2.930518E+0	-5.257518E+0	2.006525E-1	2.369027E+3	-1.865917E+3	4.639350E+3	-2.934635E+3	6.860007E+3	-1.068740E+4	8.086058E+3	-1.726148E+4
3.428000E+1	-5.257946E+0	2.833600E+0	-5.257518E+0	2.006526E-1	2.369104E+3	-1.865994E+3	4.639274E+3	-2.934789E+3	6.860084E+3	-1.068740E+4	8.085827E+3	-1.726141E+4
3.429000E+1	-5.257942E+0	2.673438E+0	-5.257514E+0	2.006526E-1	2.369181E+3	-1.866071E+3	4.639197E+3	-2.934943E+3	6.860161E+3	-1.068740E+4	8.085596E+3	-1.726133E+4
3.430000E+1	-5.257959E+0	2.727284E+0	-5.257531E+0	2.006524E-1	2.369258E+3	-1.866148E+3	4.639121E+3	-2.935097E+3	6.860238E+3	-1.068740E+4	8.085365E+3	-1.726126E+4
3.431000E+1	-5.257937E+0	2.922493E+0	-5.257509E+0	2.006526E-1	2.369335E+3	-1.866225E+3	4.639044E+3	-2.935251E+3	6.860315E+3	-1.068740E+4	8.085134E+3	-1.726118E+4
3.432000E+1	-5.257937E+0	2.783378E+0	-5.257509E+0	2.006526E-1	2.369412E+3	-1.866302E+3	4.638968E+3	-2.935405E+3	6.860392E+3	-1.068740E+4	8.084903E+3	-1.726111E+4
3.433000E+1	-5.257940E+0	2.838635E+0	-5.257512E+0	2.006526E-1	2.368130E+3	-1.863170E+3	4.638960E+3	-2.932280E+3	6.858550E+3	-1.068893E+4	8.090430E+3	-1.726290E+4
3.434000E+1	-5.257950E+0	2.803572E+0	-5.257522E+0	2.006525E-1	2.368830E+3	-1.863870E+3	4.638960E+3	-2.932980E+3	6.858550E+3	-1.068859E+4	8.090430E+3	-1.726290E+4
3.435000E+1	-5.257938E+0	2.719940E+0	-5.257510E+0	2.006526E-1	2.369530E+3	-1.864570E+3	4.638960E+3	-2.933680E+3	6.858550E+3	-1.068825E+4	8.090430E+3	-1.726290E+4
3.436000E+1	-5.257926E+0	2.983987E+0	-5.257498E+0	2.006528E-1	2.370230E+3	-1.865270E+3	4.638960E+3	-2.934380E+3	6.858550E+3	-1.068791E+4	8.090430E+3	-1.726290E+4
3.437000E+1	-5.257929E+0	2.887122E+0	-5.257500E+0	2.006527E-1	2.370930E+3	-1.865970E+3	4.638960E+3	-2.935080E+3	6.858550E+3	-1.068757E+4	8.090430E+3	-1.726290E+4
3.438000E+1	-5.257928E+0	2.680762E+0	-5.257500E+0	2.006527E-1	2.367570E+3	-1.868119E+3	4.638960E+3	-2.937260E+3	6.860400E+3	-1.068736E+4	8.086730E+3	-1.725924E+4
3.439000E+1	-5.257923E+0	2.715342E+0	-5.257495E+0	2.006528E-1	2.367570E+3	-1.867769E+3	4.638960E+3	-2.937260E+3	6.860400E+3	-1.068700E+4	8.086730E+3	-1.725960E+4
3.440000E+1	-5.257936E+0	3.059880E+0	-5.257508E+0	2.006527E-1	2.367570E+3	-1.867419E+3	4.638960E+3	-2.937260E+3	6.860400E+3	-1.068664E+4	8.086730E+3	-1.725996E+4
3.441000E+1	-5.257915E+0	2.916616E+0	-5.257487E+0	2.006529E-1	2.367570E+3	-1.867069E+3	4.638960E+3	-2.937260E+3	6.860400E+3	-1.068628E+4	8.086730E+3	-1.726032E+4
3.442000E+1	-5.257930E+0	2.681880E+0	-5.257502E+0	2.006527E-1	2.367570E+3	-1.866719E+3	4.638960E+3	-2.937260E+3	6.860400E+3	-1.068592E+4	8.086730E+3	-1.726068E+4
3.443000E+1	-5.257913E+0	2.723055E+0	-5.257485E+0	2.006529E-1	2.367570E+3	-1.866369E+3	4.638960E+3	-2.937260E+3	6.860400E+3	-1.068556E+4	8.086730E+3	-1.726104E+4
3.444000E+1	-5.257932E+0	2.947440E+0	-5.257504E+0	2.006527E-1	2.367884E+3	-1.865682E+3	4.638960E+3	-2.937260E+3	6.860086E+3	-1.068550E+4	8.087673E+3	-1.726110E+4
3.445000E+1	-5.257980E+0	2.813216E+0	-5.257552E+0	2.006522E-1	2.368263E+3	-1.864924E+3	4.638960E+3	-2.937260E+3	6.859707E+3	-1.068550E+4	8.088808E+3	-1.726110E+4
3.446000E+1	-5.257966E+0	2.882131E+0	-5.257538E+0	2.006523E-1	2.368641E+3	-1.864167E+3	4.638960E+3	-2.937260E+3	6.859329E+3	-1.068550E+4	8.089944E+3	-1.726110E+4
3.447000E+1	-5.257965E+0	2.787145E+0	-5.257537E+0	2.006524E-1	2.369020E+3	-1.863410E+3	4.638960E+3	-2.937260E+3	6.858950E+3	-1.068550E+4	8.091080E+3	-1.726110E+4
3.448000E+1	-5.257950E+0	2.895374E+0	-5.257522E+0	2.006525E-1	2.369398E+3	-1.862653E+3	4.638960E+3	-2.937260E+3	6.858572E+3	-1.068550E+4	8.092215E+3	-1.726110E+4
3.449000E+1	-5.257955E+0	2.847416E+0	-5.257526E+0	2.006525E-1	2.369166E+3	-1.862610E+3	4.638706E+3	-2.937008E+3	6.858296E+3	-1.068627E+4	8.091519E+3	-1.726135E+4
3.450000E+1	-5.257976E+0	2.802772E+0	-5.257548E+0	2.006522E-1	2.368898E+3	-1.862610E+3	4.638438E+3	-2.936740E+3	6.858028E+3	-1.068708E+4	8.090713E+3	-1.726161E+4
3.451000E+1	-5.257964E+0	2.773077E+0	-5.257536E+0	2.006524E-1	2.368629E+3	-1.862610E+3	4.638169E+3	-2.936473E+3	6.857759E+3	-1.068789E+4	8.089907E+3	-1.726187E+4
3.452000E+1	-5.257941E+0	2.650853E+0	-5.257513E+0	2.006526E-1	2.368360E+3	-1.862610E+3	4.637900E+3	-2.936206E+3	6.857490E+3	-1.068871E+4	8.089100E+3	-1.726213E+4
3.453000E+1	-5.257962E+0	3.052085E+0	-5.257534E+0	2.006524E-1	2.368091E+3	-1.862610E+3	4.637631E+3	-2.935938E+3	6.857221E+3	-1.068952E+4	8.088294E+3	-1.726239E+4
3.454000E+1	-5.257931E+0	2.916318E+0	-5.257503E+0	2.006527E-1	2.367822E+3	-1.862610E+3	4.637362E+3	-2.935671E+3	6.856952E+3	-1.069034E+4	8.087487E+3	-1.726265E+4
3.455000E+1	-5.257943E+0	2.759365E+0	-5.257515E+0	2.006526E-1	2.369342E+3	-1.866310E+3	4.638960E+3	-2.935459E+3	6.856700E+3	-1.068920E+4	8.088541E+3	-1.726290E+4
3.456000E+1	-5.257941E+0	2.725724E+0	-5.257513E+0	2.006526E-1	2.368062E+3	-1.866310E+3	4.638960E+3	-2.936095E+3	6.856700E+3	-1.068920E+4	8.087901E+3	-1.726290E+4
3.457000E+1	-5.257962E+0	2.931520E+0	-5.257533E+0	2.006524E-1	2.366783E+3	-1.866310E+3	4.638960E+3	-2.936731E+3	6.856700E+3	-1.068920E+4	8.087261E+3	-1.726290E+4
3.458000E+1	-5.257967E+0	2.993103E+0	-5.257539E+0	2.006523E-1	2.365720E+3	-1.866310E+3	4.638960E+3	-2.937260E+3	6.856767E+3	-1.068913E+4	8.086596E+3	-1.726290E+4
3.459000E+1	-5.257996E+0	2.887587E+0	-5.257568E+0	2.006520E-1	2.365720E+3	-1.866310E+3	4.638960E+3	-2.937260E+3	6.857161E+3	-1.068875E+4	8.085807E+3	-1.726290E+4
3.460000E+1	-5.257969E+0	2.606057E+0	-5.257540E+0	2.006523E-1	2.365720E+3	-1.866310E+3	4.638960E+3	-2.937260E+3	6.857556E+3	-1.068837E+4	8.085018E+3	-1.726290E+4
3.461000E+1	-5.257979E+0	2.999816E+0	-5.257551E+0	2.006522E-1	2.365720E+3	-1.866310E+3	4.638960E+3	-2.937260E+3	6.857951E+3	-1.068798E+4	8.084228E+3	-1.726290E+4
3.462000E+1	-5.257985E+0	2.958476E+0	-5.257557E+0	2.006522E-1	2.365720E+3	-1.866310E+3	4.638960E+3	-2.937260E+3	6.858345E+3	-1.068760E+4	8.083439E+3	-1.726290E+4
3.463000E+1	-5.257948E+0	2.892870E+0	-5.257520E+0	2.006525E-1	2.366558E+3	-1.866031E+3	4.638960E+3	-2.937260E+3	6.858829E+3	-1.068711E+4	8.083589E+3	-1.726263E+4
3.464000E+1	-5.257905E+0	2.679291E+0	-5.257477E+0	2.006530E-1	2.368297E+3	-1.865451E+3	4.638960E+3	-2.937260E+3	6.859409E+3	-1.068652E+4	8.084748E+3	-1.726206E+4
3.465000E+1	-5.257926E+0	2.911020E+0	-5.257498E+0	2.006528E-1	2.370036E+3	-1.864871E+3	4.638960E+3	-2.937260E+3	6.859989E+3	-1.068592E+4	8.085907E+3	-1.726150E+4
3.466000E+1	-5.257921E+0	3.032045E+0	-5.257493E+0	2.006528E-1	2.371382E+3	-1.864348E+3	4.638960E+3	-2.937260E+3	6.860288E+3	-1.068550E+4	8.087067E+3	-1.726098E+4
3.467000E+1	-5.257926E+0	2.695742E+0	-5.257498E+0	2.006528E-1	2.371769E+3	-1.863961E+3	4.638960E+3	-2.937260E+3	6.859901E+3	-1.068550E+4	8.088226E+3	-1.726059E+4
3.468000E+1	-5.257913E+0	2.730026E+0	-5.257485E+0	2.006529E-1	2.372155E+3	-1.863575E+3	4.638960E+3	-2.937260E+3	6.859515E+3	-1.068550E+4	8.089385E+3	-1.726019E+4
3.469000E+1	-5.257928E+0	2.794993E+0	-5.257500E+0	2.006527E-1	2.372542E+3	-1.863188E+3	4.638960E+3	-2.937260E+3	6.859128E+3	-1.068550E+4	8.090545E+3	-1.725979E+4
3.470000E+1	-5.257930E+0	2.905153E+0	-5.257502E+0	2.006527E-1	2.372928E+3	-1.862802E+3	4.638960E+3	-2.937260E+3	6.858742E+3	-1.068550E+4	8.091704E+3	-1.725940E+4
3.471000E+1	-5.257915E+0	2.788756E+0	-5.257487E+0	2.006529E-1	2.372916E+3	-1.862678E+3	4.638960E+3	-2.937192E+3	6.858550E+3	-1.068571E+4	8.092076E+3	-1.725934E+4
3.472000E+1	-5.257915E+0	2.564625E+0	-5.257487E+0	2.006529E-1	2.372509E+3	-1.862814E+3	4.638960E+3	-2.937058E+3	6.858550E+3	-1.068612E+4	8.091669E+3	-1.725961E+4
3.473000E+1	-5.257898E+0	2.714190E+0	-5.257470E+0	2.006530E-1	2.372103E+3	-1.862949E+3	4.638960E+3	-2.936923E+3	6.858550E+3	-1.068653E+4	8.091263E+3	-1.725988E+4
3.474000E+1	-5.257920E+0	2.936446E+0	-5.257492E+0	2.006528E-1	2.371697E+3	-1.863084E+3	4.638960E+3	-2.936788E+3	6.858550E+3	-1.068694E+4	8.090857E+3	-1.726015E+4
3.475000E+1	-5.257905E+0	2.747806E+0	-5.257477E+0	2.006530E-1	2.371291E+3	-1.863220E+3	4.638960E+3	-2.936654E+3	6.858550E+3	-1.068735E+4	8.090451E+3	-1.726042E+4
3.476000E+1	-5.257940E+0	2.902877E+0	-5.257512E+0	2.006526E-1	2.370885E+3	-1.863355E+3	4.638960E+3	-2.936519E+3	6.858550E+3	-1.068776E+4	8.090045E+3	-1.726069E+4
3.477000E+1	-5.257921E+0	2.704580E+0	-5.257493E+0	2.006528E-1	2.370478E+3	-1.863491E+3	4.638960E+3	-2.936384E+3	6.858550E+3	-1.068817E+4	8.089638E+3	-1.726096E+4
3.478000E+1	-5.257920E+0	2.812388E+0	-5.257492E+0	2.006528E-1	2.370072E+3	-1.863626E+3	4.638960E+3	-2.936250E+3	6.858550E+3	-1.068858E+4	8.089232E+3	-1.726123E+4
3.479000E+1	-5.257931E+0	2.868440E+0	-5.257503E+0	2.006527E-1	2.369666E+3	-1.863761E+3	4.638960E+3	-2.936115E+3	6.858550E+3	-1.068899E+4	8.088826E+3	-1.726150E+4
3.480000E+1	-5.257925E+0	2.872823E+0	-5.257497E+0	2.006528E-1	2.369260E+3	-1.863897E+3	4.638960E+3	-2.935980E+3	6.858550E+3	-1.068939E+4	8.088420E+3	-1.726177E+4
3.481000E+1	-5.257912E+0	2.633044E+0	-5.257484E+0	2.006529E-1	2.368854E+3	-1.864032E+3	4.638960E+3	-2.935846E+3	6.858550E+3	-1.068980E+4	8.088014E+3	-1.726204E+4
3.482000E+1	-5.257897E+0	2.687660E+0	-5.257469E+0	2.006530E-1	2.368447E+3	-1.864168E+3	4.638960E+3	-2.935711E+3	6.858550E+3	-1.069021E+4	8.087607E+3	-1.726232E+4
3.483000E+1	-5.257908E+0	2.792845E+0	-5.257480E+0	2.006529E-1	2.368041E+3	-1.864303E+3	4.638960E+3	-2.935576E+3	6.858550E+3	-1.069062E+4	8.087201E+3	-1.726259E+4
3.484000E+1	-5.257954E+0	2.971738E+0	-5.257526E+0	2.006525E-1	2.367635E+3	-1.864438E+3	4.638960E+3	-2.935442E+3	6.858550E+3	-1.069103E+4	8.086795E+3	-1.726286E+4
3.485000E+1	-5.257928E+0	2.720032E+0	-5.257500E+0	2.006527E-1	2.367570E+3	-1.864609E+3	4.638960E+3	-2.935420E+3	6.858550E+3	-1.069095E+4	8.086879E+3	-1.726290E+4
3.486000E+1	-5.257936E+0	2.661704E+0	-5.257508E+0	2.006527E-1	2.367570E+3	-1.864787E+3	4.638960E+3	-2.935420E+3	6.858550E+3	-1.069077E+4	8.087057E+3	-1.726290E+4
3.487000E+1	-5.257940E+0	2.986199E+0	-5.257512E+0	2.006526E-1	2.367570E+3	-1.864964E+3	4.638960E+3	-2.935420E+3	6.858550E+3	-1.069060E+4	8.087234E+3	-1.726290E+4
3.488000E+1	-5.257917E+0	2.888234E+0	-5.257489E+0	2.006529E-1	2.367570E+3	-1.865142E+3	4.638960E+3	-2.935420E+3	6.858550E+3	-1.069042E+4	8.087412E+3	-1.726290E+4
3.489000E+1	-5.257935E+0	2.706508E+0	-5.257507E+0	2.006527E-1	2.367570E+3	-1.865319E+3	4.638960E+3	-2.935420E+3	6.858550E+3	-1.069024E+4	8.087589E+3	-1.726290E+4
3.490000E+1	-5.257916E+0	2.609916E+0	-5.257488E+0	2.006529E-1	2.367570E+3	-1.865497E+3	4.638960E+3	-2.935420E+3	6.858550E+3	-1.069006E+4	8.087767E+3	-1.726290E+4
3.491000E+1	-5.257921E+0	2.981164E+0	-5.257493E+0	2.006528E-1	2.367570E+3	-1.865674E+3	4.638960E+3	-2.935420E+3	6.858550E+3	-1.068989E+4	8.087944E+3	-1.726290E+4
3.492000E+1	-5.257928E+0	2.873329E+0	-5.257500E+0	2.006527E-1	2.367570E+3	-1.865852E+3	4.638960E+3	-2.935420E+3	6.858550E+3	-1.068971E+4	8.088122E+3	-1.726290E+4
3.493000E+1	-5.257864E+0	2.778766E+0	-5.257436E+0	2.006534E-1	2.367570E+3	-1.866029E+3	4.638960E+3	-2.935420E+3	6.858550E+3	-1.068953E+4	8.088299E+3	-1.726290E+4
3.494000E+1	-5.257856E+0	2.740935E+0	-5.257428E+0	2.006535E-1	2.367570E+3	-1.866207E+3	4.638960E+3	-2.935420E+3	6.858550E+3	-1.068935E+4	8.088477E+3	-1.726290E+4
3.495000E+1	-5.257870E+0	2.949831E+0	-5.257442E+0	2.006533E-1	2.367570E+3	-1.866384E+3	4.638960E+3	-2.935420E+3	6.858550E+3	-1.068918E+4	8.088654E+3	-1.726290E+4
3.496000E+1	-5.257882E+0	3.016744E+0	-5.257454E+0	2.006532E-1	2.367570E+3	-1.866562E+3	4.638960E+3	-2.935420E+3	6.858550E+3	-1.068900E+4	8.088832E+3	-1.726290E+4
3.497000E+1	-5.257908E+0	2.598341E+0	-5.257480E+0	2.006529E-1	2.367570E+3	-1.866739E+3	4.638960E+3	-2.935420E+3	6.858550E+3	-1.068882E+4	8.089009E+3	-1.726290E+4
3.498000E+1	-5.257881E+0	2.744656E+0	-5.257453E+0	2.006532E-1	2.367570E+3	-1.866917E+3	4.638960E+3	-2.935420E+3	6.858550E+3	-1.068864E+4	8.089187E+3	-1.726290E+4
3.499000E+1	-5.257869E+0	2.840087E+0	-5.257441E+0	2.006533E-1	2.367570E+3	-1.867094E+3	4.638960E+3	-2.935420E+3	6.858550E+3	-1.068847E+4	8.089364E+3	-1.726290E+4
3.500000E+1	-5.257803E+0	2.943578E+0	-5.257375E+0	2.006540E-1	2.367570E+3	-1.867272E+3	4.638960E+3	-2.935420E+3	6.858550E+3	-1.068829E+4	8.089542E+3	-1.726290E+4
3.501000E+1	-5.257854E+0	2.796905E+0	-5.257426E+0	2.006535E-1	2.367570E+3	-1.867449E+3	4.638960E+3	-2.935420E+3	6.858550E+3	-1.068811E+4	8.089719E+3	-1.726290E+4
3.502000E+1	-5.257847E+0	2.798681E+0	-5.257419E+0	2.006536E-1	2.367570E+3	-1.867627E+3	4.638960E+3	-2.935420E+3	6.858550E+3	-1.068793E+4	8.089897E+3	-1.726290E+4
3.503000E+1	-5.257847E+0	2.793878E+0	-5.257419E+0	2.006536E-1	2.367570E+3	-1.867804E+3	4.638960E+3	-2.935420E+3	6.858550E+3	-1.068776E+4	8.090074E+3	-1.726290E+4
3.504000E+1	-5.257838E+0	2.813863E+0	-5.257410E+0	2.006537E-1	2.367570E+3	-1.867982E+3	4.638960E+3	-2.935420E+3	6.858550E+3	-1.068758E+4	8.090252E+3	-1.726290E+4
3.505000E+1	-5.257830E+0	2.833503E+0	-5.257402E+0	2.006537E-1	2.367570E+3	-1.868159E+3	4.638960E+3	-2.935420E+3	6.858550E+3	-1.068740E+4	8.090429E+3	-1.726290E+4
3.506000E+1	-5.257792E+0	2.907760E+0	-5.257364E+0	2.006541E-1	2.369274E+3	-1.864606E+3	4.637110E+3	-2.935565E+3	6.854850E+3	-1.068740E+4	8.088288E+3	-1.726451E+4
3.507000E+1	-5.257805E+0	2.724856E+0	-5.257377E+0	2.006540E-1	2.369112E+3	-1.864768E+3	4.637110E+3	-2.935727E+3	6.854850E+3	-1.068740E+4	8.087963E+3	-1.726418E+4
3.508000E+1	-5.257803E+0	2.766248E+0	-5.257375E+0	2.006540E-1	2.368949E+3	-1.864931E+3	4.637110E+3	-2.935889E+3	6.854850E+3	-1.068740E+4	8.087638E+3	-1.726386E+4
3.509000E+1	-5.257833E+0	2.772569E+0	-5.257405E+0	2.006537E-1	2.368786E+3	-1.865094E+3	4.637110E+3	-2.936050E+3	6.854850E+3	-1.068740E+4	8.087312E+3	-1.726353E+4
3.510000E+1	-5.257805E+0	2.846564E+0	-5.257377E+0	2.006540E-1	2.368623E+3	-1.865257E+3	4.637110E+3	-2.936212E+3	6.854850E+3	-1.068740E+4	8.086987E+3	-1.726321E+4
3.511000E+1	-5.257825E+0	2.618945E+0	-5.257397E+0	2.006538E-1	2.368461E+3	-1.865419E+3	4.637110E+3	-2.936374E+3	6.854850E+3	-1.068740E+4	8.086661E+3	-1.726288E+4
3.512000E+1	-5.257802E+0	2.686128E+0	-5.257374E+0	2.006540E-1	2.368298E+3	-1.865582E+3	4.637110E+3	-2.936536E+3	6.854850E+3	-1.068740E+4	8.086336E+3	-1.726256E+4
3.513000E+1	-5.257790E+0	2.934716E+0	-5.257362E+0	2.006541E-1	2.368135E+3	-1.865745E+3	4.637110E+3	-2.936698E+3	6.854850E+3	-1.068740E+4	8.086010E+3	-1.726223E+4
3.514000E+1	-5.257802E+0	2.913294E+0	-5.257374E+0	2.006540E-1	2.367973E+3	-1.865907E+3	4.637110E+3	-2.936860E+3	6.854850E+3	-1.068740E+4	8.085685E+3	-1.726191E+4
3.515000E+1	-5.257787E+0	2.715025E+0	-5.257359E+0	2.006542E-1	2.367810E+3	-1.866070E+3	4.637110E+3	-2.937021E+3	6.854850E+3	-1.068740E+4	8.085360E+3	-1.726158E+4
3.516000E+1	-5.257825E+0	2.745290E+0	-5.257396E+0	2.006538E-1	2.367647E+3	-1.866233E+3	4.637110E+3	-2.937183E+3	6.854850E+3	-1.068740E+4	8.085034E+3	-1.726125E+4
3.517000E+1	-5.257798E+0	2.962178E+0	-5.257370E+0	2.006541E-1	2.367570E+3	-1.862610E+3	4.638960E+3	-2.936509E+3	6.856700E+3	-1.068445E+4	8.088580E+3	-1.726147E+4
3.518000E+1	-5.257810E+0	2.977022E+0	-5.257382E+0	2.006539E-1	2.367570E+3	-1.862610E+3	4.638960E+3	-2.934747E+3	6.856700E+3	-1.068622E+4	8.088580E+3	-1.726233E+4
3.519000E+1	-5.257812E+0	2.694738E+0	-5.257384E+0	2.006539E-1	2.367570E+3	-1.862487E+3	4.638960E+3	-2.933570E+3	6.856700E+3	-1.068765E+4	8.088334E+3	-1.726303E+4
3.520000E+1	-5.257790E+0	2.843861E+0	-5.257362E+0	2.006541E-1	2.367570E+3	-1.862116E+3	4.638960E+3	-2.933570E+3	6.856700E+3	-1.068839E+4	8.087592E+3	-1.726341E+4
3.521000E+1	-5.257776E+0	3.048796E+0	-5.257348E+0	2.006543E-1	2.367570E+3	-1.861745E+3	4.638960E+3	-2.933570E+3	6.856700E+3	-1.068913E+4	8.086850E+3	-1.726379E+4
3.522000E+1	-5.257794E+0	2.777640E+0	-5.257366E+0	2.006541E-1	2.367570E+3	-1.861374E+3	4.638960E+3	-2.933570E+3	6.856700E+3	-1.068987E+4	8.086108E+3	-1.726417E+4
3.523000E+1	-5.257778E+0	2.871134E+0	-5.257350E+0	2.006543E-1	2.367570E+3	-1.861003E+3	4.638960E+3	-2.933570E+3	6.856700E+3	-1.069061E+4	8.085366E+3	-1.726455E+4
3.524000E+1	-5.257790E+0	2.770064E+0	-5.257362E+0	2.006541E-1	2.367716E+3	-1.861051E+3	4.638960E+3	-2.933716E+3	6.856409E+3	-1.069081E+4	8.085026E+3	-1.726480E+4
3.525000E+1	-5.257785E+0	2.762882E+0	-5.257357E+0	2.006542E-1	2.368137E+3	-1.861894E+3	4.638960E+3	-2.934137E+3	6.855566E+3	-1.068997E+4	8.085447E+3	-1.726480E+4
3.526000E+1	-5.257785E+0	2.891573E+0	-5.257357E+0	2.006542E-1	2.368559E+3	-1.862737E+3	4.638960E+3	-2.934559E+3	6.854723E+3	-1.068912E+4	8.085869E+3	-1.726480E+4
3.527000E+1	-5.257780E+0	2.909955E+0	-5.257352E+0	2.006542E-1	2.368980E+3	-1.863581E+3	4.638960E+3	-2.934980E+3	6.853879E+3	-1.068828E+4	8.086290E+3	-1.726480E+4
3.528000E+1	-5.257782E+0	2.814820E+0	-5.257354E+0	2.006542E-1	2.369402E+3	-1.864424E+3	4.638960E+3	-2.935402E+3	6.853036E+3	-1.068744E+4	8.086712E+3	-1.726480E+4
3.529000E+1	-5.257748E+0	2.773494E+0	-5.257320E+0	2.006546E-1	2.369420E+3	-1.864460E+3	4.638422E+3	-2.935420E+3	6.853538E+3	-1.068740E+4	8.085116E+3	-1.726425E+4
3.530000E+1	-5.257765E+0	2.811302E+0	-5.257336E+0	2.006544E-1	2.369420E+3	-1.864460E+3	4.637860E+3	-2.935420E+3	6.854100E+3	-1.068740E+4	8.083430E+3	-1.726367E+4
3.531000E+1	-5.257760E+0	2.827234E+0	-5.257332E+0	2.006544E-1	2.369420E+3	-1.864460E+3	4.637298E+3	-2.935420E+3	6.854662E+3	-1.068740E+4	8.081743E+3	-1.726309E+4
3.532000E+1	-5.257742E+0	2.795348E+0	-5.257314E+0	2.006546E-1	2.369420E+3	-1.864596E+3	4.637246E+3	-2.935555E+3	6.854986E+3	-1.068740E+4	8.081316E+3	-1.726277E+4
3.533000E+1	-5.257757E+0	2.679139E+0	-5.257329E+0	2.006545E-1	2.369420E+3	-1.864799E+3	4.637449E+3	-2.935758E+3	6.855189E+3	-1.068740E+4	8.081519E+3	-1.726257E+4
3.534000E+1	-5.257767E+0	2.917522E+0	-5.257339E+0	2.006544E-1	2.369420E+3	-1.865003E+3	4.637653E+3	-2.935960E+3	6.855393E+3	-1.068740E+4	8.081723E+3	-1.726237E+4
3.535000E+1	-5.257774E+0	2.871150E+0	-5.257346E+0	2.006543E-1	2.369420E+3	-1.865207E+3	4.637857E+3	-2.936163E+3	6.855597E+3	-1.068740E+4	8.081927E+3	-1.726217E+4
3.536000E+1	-5.257774E+0	2.791573E+0	-5.257346E+0	2.006543E-1	2.369420E+3	-1.865411E+3	4.638061E+3	-2.936366E+3	6.855801E+3	-1.068740E+4	8.082131E+3	-1.726197E+4
3.537000E+1	-5.257754E+0	2.642322E+0	-5.257326E+0	2.006545E-1	2.369420E+3	-1.865615E+3	4.638265E+3	-2.936568E+3	6.856005E+3	-1.068740E+4	8.082335E+3	-1.726178E+4
3.538000E+1	-5.257747E+0	3.014438E+0	-5.257319E+0	2.006546E-1	2.369420E+3	-1.865818E+3	4.638468E+3	-2.936771E+3	6.856208E+3	-1.068740E+4	8.082538E+3	-1.726158E+4
3.539000E+1	-5.257710E+0	2.872520E+0	-5.257282E+0	2.006550E-1	2.369420E+3	-1.866022E+3	4.638672E+3	-2.936974E+3	6.856412E+3	-1.068740E+4	8.082742E+3	-1.726138E+4
3.540000E+1	-5.257645E+0	2.801199E+0	-5.257217E+0	2.006556E-1	2.369420E+3	-1.866226E+3	4.638876E+3	-2.937176E+3	6.856616E+3	-1.068740E+4	8.082946E+3	-1.726118E+4
3.541000E+1	-5.257658E+0	2.808793E+0	-5.257230E+0	2.006555E-1	2.369420E+3	-1.866112E+3	4.637110E+3	-2.937063E+3	6.858352E+3	-1.068449E+4	8.090034E+3	-1.725960E+4
3.542000E+1	-5.257485E+0	2.600947E+0	-5.257057E+0	2.006573E-1	2.369420E+3	-1.865774E+3	4.637110E+3	-2.936727E+3	6.858014E+3	-1.068584E+4	8.089359E+3	-1.726027E+4
3.543000E+1	-5.256875E+0	2.967604E+0	-5.256447E+0	2.006635E-1	2.369420E+3	-1.865437E+3	4.637110E+3	-2.936392E+3	6.857677E+3	-1.068719E+4	8.088684E+3	-1.726095E+4
3.544000E+1	-5.255359E+0	2.887094E+0	-5.254931E+0	2.006790E-1	2.369420E+3	-1.865100E+3	4.637110E+3	-2.936056E+3	6.857340E+3	-1.068854E+4	8.088009E+3	-1.726162E+4
3.545000E+1	-5.253253E+0	2.887379E+0	-5.252825E+0	2.007004E-1	2.369420E+3	-1.864762E+3	4.637110E+3	-2.935720E+3	6.857002E+3	-1.068989E+4	8.087334E+3	-1.726230E+4
3.546000E+1	-5.251200E+0	2.697597E+0	-5.250772E+0	2.007214E-1	2.369420E+3	-1.864434E+3	4.637136E+3	-2.935420E+3	6.856674E+3	-1.069110E+4	8.086730E+3	-1.726290E+4
3.547000E+1	-5.247567E+0	2.837986E+0	-5.247139E+0	2.007585E-1	2.369420E+3	-1.864187E+3	4.637383E+3	-2.935420E+3	6.856427E+3	-1.069110E+4	8.086730E+3	-1.726290E+4
3.548000E+1	-5.241860E+0	2.966203E+0	-5.241432E+0	2.008167E-1	2.369420E+3	-1.863939E+3	4.637631E+3	-2.935420E+3	6.856179E+3	-1.069110E+4	8.086730E+3	-1.726290E+4
3.549000E+1	-5.235232E+0	2.813070E+0	-5.234804E+0	2.008843E-1	2.369420E+3	-1.863692E+3	4.637878E+3	-2.935420E+3	6.855932E+3	-1.069110E+4	8.086730E+3	-1.726290E+4
3.550000E+1	-5.225508E+0	2.723360E+0	-5.225080E+0	2.009836E-1	2.369420E+3	-1.863445E+3	4.638125E+3	-2.935420E+3	6.855685E+3	-1.069110E+4	8.086730E+3	-1.726290E+4
3.551000E+1	-5.213154E+0	2.829118E+0	-5.212726E+0	2.011096E-1	2.369420E+3	-1.863197E+3	4.638373E+3	-2.935420E+3	6.855437E+3	-1.069110E+4	8.086730E+3	-1.726290E+4
3.552000E+1	-5.197815E+0	2.884082E+0	-5.197387E+0	2.012661E-1	2.369420E+3	-1.862950E+3	4.638620E+3	-2.935420E+3	6.855190E+3	-1.069110E+4	8.086730E+3	-1.726290E+4
3.553000E+1	-5.181334E+0	2.931948E+0	-5.180906E+0	2.014343E-1	2.369420E+3	-1.862703E+3	4.638867E+3	-2.935420E+3	6.854943E+3	-1.069110E+4	8.086730E+3	-1.726290E+4
3.554000E+1	-5.162952E+0	2.745595E+0	-5.162524E+0	2.016219E-1	2.369721E+3	-1.868461E+3	4.640950E+3	-2.933420E+3	6.857302E+3	-1.068535E+4	8.090280E+3	-1.726080E+4
3.555000E+1	-5.144234E+0	2.736937E+0	-5.143806E+0	2.018129E-1	2.370203E+3	-1.868943E+3	4.641191E+3	-2.933179E+3	6.858266E+3	-1.068512E+4	8.090039E+3	-1.726032E+4
3.556000E+1	-5.127359E+0	2.984005E+0	-5.126931E+0	2.019851E-1	2.370685E+3	-1.869425E+3	4.641432E+3	-2.932938E+3	6.859229E+3	-1.068488E+4	8.089798E+3	-1.725984E+4
3.557000E+1	-5.110979E+0	2.815844E+0	-5.110551E+0	2.021522E-1	2.371166E+3	-1.869906E+3	4.641673E+3	-2.932697E+3	6.860193E+3	-1.068465E+4	8.089557E+3	-1.725935E+4
3.558000E+1	-5.096241E+0	2.902458E+0	-5.095813E+0	2.023026E-1	2.371648E+3	-1.870388E+3	4.641914E+3	-2.932456E+3	6.861156E+3	-1.068442E+4	8.089316E+3	-1.725887E+4
3.559000E+1	-5.083835E+0	2.701071E+0	-5.083407E+0	2.024292E-1	2.372130E+3	-1.870870E+3	4.642155E+3	-2.932215E+3	6.862120E+3	-1.068418E+4	8.089075E+3	-1.725839E+4
3.560000E+1	-5.073406E+0	2.907306E+0	-5.072978E+0	2.025356E-1	2.372612E+3	-1.871352E+3	4.642396E+3	-2.931974E+3	6.863084E+3	-1.068395E+4	8.088834E+3	-1.725791E+4
3.561000E+1	-5.063168E+0	3.006864E+0	-5.062739E+0	2.026401E-1	2.373094E+3	-1.871834E+3	4.642637E+3	-2.931733E+3	6.864047E+3	-1.068371E+4	8.088593E+3	-1.725743E+4
3.562000E+1	-5.055061E+0	2.810007E+0	-5.054633E+0	2.027228E-1	2.374970E+3	-1.868160E+3	4.644500E+3	-2.933312E+3	6.868058E+3	-1.068155E+4	8.093568E+3	-1.725525E+4
3.563000E+1	-5.046083E+0	2.803322E+0	-5.045655E+0	2.028144E-1	2.374970E+3	-1.868160E+3	4.644500E+3	-2.933039E+3	6.868331E+3	-1.068128E+4	8.094930E+3	-1.725498E+4
3.564000E+1	-5.036863E+0	2.822696E+0	-5.036435E+0	2.029085E-1	2.374970E+3	-1.868160E+3	4.644500E+3	-2.932767E+3	6.868603E+3	-1.068102E+4	8.096293E+3	-1.725472E+4
3.565000E+1	-5.027679E+0	2.883126E+0	-5.027251E+0	2.030022E-1	2.374970E+3	-1.868160E+3	4.644500E+3	-2.932494E+3	6.868876E+3	-1.068075E+4	8.097655E+3	-1.725445E+4
3.566000E+1	-5.018886E+0	2.919598E+0	-5.018458E+0	2.030919E-1	2.374970E+3	-1.868160E+3	4.644500E+3	-2.932221E+3	6.869149E+3	-1.068049E+4	8.099018E+3	-1.725419E+4
3.567000E+1	-5.009955E+0	2.732139E+0	-5.009527E+0	2.031831E-1	2.374970E+3	-1.868160E+3	4.644500E+3	-2.931948E+3	6.869422E+3	-1.068022E+4	8.100380E+3	-1.725392E+4
3.568000E+1	-5.000397E+0	2.843337E+0	-4.999968E+0	2.032806E-1	2.374970E+3	-1.868160E+3	4.644632E+3	-2.931456E+3	6.869782E+3	-1.068026E+4	8.101520E+3	-1.725370E+4
3.569000E+1	-4.990400E+0	2.953471E+0	-4.989972E+0	2.033826E-1	2.374970E+3	-1.868160E+3	4.645438E+3	-2.929843E+3	6.870588E+3	-1.068188E+4	8.101520E+3	-1.725370E+4
3.570000E+1	-4.979836E+0	2.913808E+0	-4.979408E+0	2.034904E-1	2.374970E+3	-1.868160E+3	4.646245E+3	-2.928230E+3	6.871395E+3	-1.068349E+4	8.101520E+3	-1.725370E+4
3.571000E+1	-4.968135E+0	2.822618E+0	-4.967707E+0	2.036098E-1	2.374970E+3	-1.867945E+3	4.646780E+3	-2.927805E+3	6.872145E+3	-1.068327E+4	8.102380E+3	-1.725348E+4
3.572000E+1	-4.956117E+0	2.686372E+0	-4.955689E+0	2.037324E-1	2.374970E+3	-1.867698E+3	4.647275E+3	-2.927558E+3	6.872887E+3	-1.068278E+4	8.103370E+3	-1.725323E+4
3.573000E+1	-4.944273E+0	2.971818E+0	-4.943845E+0	2.038533E-1	2.374970E+3	-1.867450E+3	4.647769E+3	-2.927310E+3	6.873629E+3	-1.068228E+4	8.104359E+3	-1.725297E+4
3.574000E+1	-4.932669E+0	2.913266E+0	-4.932241E+0	2.039717E-1	2.374970E+3	-1.867203E+3	4.648264E+3	-2.927063E+3	6.874371E+3	-1.068179E+4	8.105348E+3	-1.725272E+4
3.575000E+1	-4.922058E+0	2.873944E+0	-4.921630E+0	2.040800E-1	2.374970E+3	-1.866956E+3	4.648759E+3	-2.926816E+3	6.875113E+3	-1.068129E+4	8.106337E+3	-1.725246E+4
3.576000E+1	-4.911912E+0	2.853706E+0	-4.911484E+0	2.041835E-1	2.374970E+3	-1.866708E+3	4.649253E+3	-2.926568E+3	6.875855E+3	-1.068080E+4	8.107327E+3	-1.725221E+4
3.577000E+1	-4.902135E+0	2.873119E+0	-4.901707E+0	2.042833E-1	2.374970E+3	-1.866461E+3	4.649748E+3	-2.926321E+3	6.876597E+3	-1.068030E+4	8.108316E+3	-1.725196E+4
3.578000E+1	-4.892354E+0	2.932940E+0	-4.891926E+0	2.043831E-1	2.373510E+3	-1.870010E+3	4.649855E+3	-2.928215E+3	6.877050E+3	-1.067810E+4	8.108334E+3	-1.724980E+4
3.579000E+1	-4.881999E+0	2.826985E+0	-4.881571E+0	2.044887E-1	2.374513E+3	-1.870010E+3	4.649353E+3	-2.928717E+3	6.877050E+3	-1.067810E+4	8.106830E+3	-1.724928E+4
3.580000E+1	-4.870571E+0	2.747427E+0	-4.870143E+0	2.046054E-1	2.375516E+3	-1.870010E+3	4.648852E+3	-2.929218E+3	6.877050E+3	-1.067810E+4	8.105326E+3	-1.724877E+4
3.581000E+1	-4.858769E+0	2.824074E+0	-4.858341E+0	2.047258E-1	2.376519E+3	-1.870010E+3	4.648351E+3	-2.929719E+3	6.877050E+3	-1.067810E+4	8.103822E+3	-1.724825E+4
3.582000E+1	-4.847089E+0	2.891337E+0	-4.846661E+0	2.048450E-1	2.376525E+3	-1.870305E+3	4.648495E+3	-2.930165E+3	6.877640E+3	-1.067751E+4	8.104255E+3	-1.724781E+4
3.583000E+1	-4.836326E+0	2.880213E+0	-4.835897E+0	2.049548E-1	2.376104E+3	-1.870726E+3	4.648916E+3	-2.930586E+3	6.878483E+3	-1.067667E+4	8.105519E+3	-1.724740E+4
3.584000E+1	-4.825800E+0	2.788718E+0	-4.825372E+0	2.050622E-1	2.375682E+3	-1.871148E+3	4.649338E+3	-2.931008E+3	6.879326E+3	-1.067582E+4	8.106784E+3	-1.724699E+4
3.585000E+1	-4.815172E+0	2.792054E+0	-4.814744E+0	2.051707E-1	2.375260E+3	-1.871570E+3	4.649760E+3	-2.931430E+3	6.880169E+3	-1.067498E+4	8.108049E+3	-1.724658E+4
3.586000E+1	-4.805666E+0	2.982270E+0	-4.805238E+0	2.052677E-1	2.375511E+3	-1.871499E+3	4.650230E+3	-2.931540E+3	6.880750E+3	-1.067440E+4	8.109281E+3	-1.724630E+4
3.587000E+1	-4.794366E+0	2.961243E+0	-4.793938E+0	2.053830E-1	2.377250E+3	-1.870340E+3	4.650810E+3	-2.930960E+3	6.880750E+3	-1.067440E+4	8.110440E+3	-1.724630E+4
3.588000E+1	-4.784124E+0	2.901881E+0	-4.783696E+0	2.054875E-1	2.378989E+3	-1.869180E+3	4.651390E+3	-2.930380E+3	6.880750E+3	-1.067440E+4	8.111600E+3	-1.724630E+4
3.589000E+1	-4.773114E+0	2.696775E+0	-4.772686E+0	2.055998E-1	2.380520E+3	-1.868126E+3	4.651866E+3	-2.929802E+3	6.880682E+3	-1.067450E+4	8.112517E+3	-1.724633E+4
3.590000E+1	-4.762248E+0	2.913964E+0	-4.761820E+0	2.057107E-1	2.380520E+3	-1.867840E+3	4.651580E+3	-2.929231E+3	6.880111E+3	-1.067537E+4	8.111661E+3	-1.724661E+4
3.591000E+1	-4.751937E+0	2.950746E+0	-4.751509E+0	2.058159E-1	2.380520E+3	-1.867555E+3	4.651295E+3	-2.928660E+3	6.879540E+3	-1.067623E+4	8.110805E+3	-1.724689E+4
3.592000E+1	-4.741782E+0	2.850985E+0	-4.741354E+0	2.059195E-1	2.380520E+3	-1.867270E+3	4.651010E+3	-2.928089E+3	6.878969E+3	-1.067710E+4	8.109949E+3	-1.724717E+4
3.593000E+1	-4.732091E+0	2.715107E+0	-4.731663E+0	2.060184E-1	2.380520E+3	-1.866984E+3	4.650724E+3	-2.927519E+3	6.878399E+3	-1.067796E+4	8.109093E+3	-1.724744E+4
3.594000E+1	-4.721318E+0	2.816200E+0	-4.720890E+0	2.061283E-1	2.380520E+3	-1.866699E+3	4.650439E+3	-2.926948E+3	6.877828E+3	-1.067882E+4	8.108237E+3	-1.724772E+4
3.595000E+1	-4.710611E+0	2.988416E+0	-4.710183E+0	2.062376E-1	2.380520E+3	-1.866414E+3	4.650154E+3	-2.926377E+3	6.877257E+3	-1.067969E+4	8.107381E+3	-1.724800E+4
3.596000E+1	-4.700136E+0	2.933172E+0	-4.699708E+0	2.063445E-1	2.380209E+3	-1.866466E+3	4.650050E+3	-2.926326E+3	6.876894E+3	-1.067969E+4	8.107070E+3	-1.724826E+4
3.597000E+1	-4.689277E+0	2.745990E+0	-4.688848E+0	2.064553E-1	2.379721E+3	-1.866710E+3	4.650050E+3	-2.926570E+3	6.876650E+3	-1.067920E+4	8.107070E+3	-1.724851E+4
3.598000E+1	-4.679705E+0	2.823164E+0	-4.679277E+0	2.065530E-1	2.379233E+3	-1.866954E+3	4.650050E+3	-2.926814E+3	6.876406E+3	-1.067871E+4	8.107070E+3	-1.724876E+4
3.599000E+1	-4.669895E+0	2.888117E+0	-4.669467E+0	2.066531E-1	2.378745E+3	-1.867198E+3	4.650050E+3	-2.927058E+3	6.876162E+3	-1.067822E+4	8.107070E+3	-1.724901E+4
3.600000E+1	-4.660156E+0	2.817957E+0	-4.659728E+0	2.067524E-1	2.378256E+3	-1.867442E+3	4.650050E+3	-2.927302E+3	6.875918E+3	-1.067774E+4	8.107070E+3	-1.724926E+4
3.601000E+1	-4.649304E+0	2.832853E+0	-4.648876E+0	2.068632E-1	2.377768E+3	-1.867686E+3	4.650050E+3	-2.927546E+3	6.875674E+3	-1.067725E+4	8.107070E+3	-1.724951E+4
3.602000E+1	-4.640138E+0	2.719800E+0	-4.639710E+0	2.069567E-1	2.377280E+3	-1.867930E+3	4.650050E+3	-2.927790E+3	6.875430E+3	-1.067676E+4	8.107070E+3	-1.724976E+4
3.603000E+1	-4.629977E+0	3.032482E+0	-4.629549E+0	2.070604E-1	2.376820E+3	-1.868178E+3	4.650032E+3	-2.929870E+3	6.875218E+3	-1.067630E+4	8.103334E+3	-1.724808E+4
3.604000E+1	-4.620660E+0	2.872553E+0	-4.620232E+0	2.071555E-1	2.376820E+3	-1.868487E+3	4.649723E+3	-2.929870E+3	6.875527E+3	-1.067630E+4	8.102716E+3	-1.724778E+4
3.605000E+1	-4.610833E+0	2.871413E+0	-4.610405E+0	2.072557E-1	2.376820E+3	-1.868796E+3	4.649414E+3	-2.929870E+3	6.875836E+3	-1.067630E+4	8.102098E+3	-1.724748E+4
3.606000E+1	-4.601371E+0	2.773569E+0	-4.600943E+0	2.073523E-1	2.376820E+3	-1.869105E+3	4.649105E+3	-2.929870E+3	6.876145E+3	-1.067630E+4	8.101480E+3	-1.724718E+4
3.607000E+1	-4.591093E+0	2.919130E+0	-4.590665E+0	2.074572E-1	2.376820E+3	-1.869414E+3	4.648796E+3	-2.929870E+3	6.876454E+3	-1.067630E+4	8.100861E+3	-1.724688E+4
3.608000E+1	-4.581138E+0	3.016679E+0	-4.580709E+0	2.075588E-1	2.376820E+3	-1.869724E+3	4.648486E+3	-2.929870E+3	6.876764E+3	-1.067630E+4	8.100243E+3	-1.724658E+4
3.609000E+1	-4.570846E+0	2.749253E+0	-4.570418E+0	2.076638E-1	2.376820E+3	-1.870038E+3	4.648228E+3	-2.929870E+3	6.877050E+3	-1.067624E+4	8.099753E+3	-1.724630E+4
3.610000E+1	-4.561186E+0	2.791107E+0	-4.560758E+0	2.077624E-1	2.376820E+3	-1.870416E+3	4.648606E+3	-2.929870E+3	6.877050E+3	-1.067549E+4	8.100889E+3	-1.724630E+4
3.611000E+1	-4.551512E+0	2.955173E+0	-4.551083E+0	2.078611E-1	2.376820E+3	-1.870795E+3	4.648985E+3	-2.929870E+3	6.877050E+3	-1.067473E+4	8.102025E+3	-1.724630E+4
3.612000E+1	-4.542031E+0	3.006680E+0	-4.541603E+0	2.079578E-1	2.376820E+3	-1.871173E+3	4.649363E+3	-2.929870E+3	6.877050E+3	-1.067397E+4	8.103160E+3	-1.724630E+4
3.613000E+1	-4.532264E+0	2.994082E+0	-4.531836E+0	2.080575E-1	2.376820E+3	-1.871552E+3	4.649742E+3	-2.929870E+3	6.877050E+3	-1.067322E+4	8.104296E+3	-1.724630E+4
3.614000E+1	-4.522080E+0	2.840544E+0	-4.521652E+0	2.081614E-1	2.377134E+3	-1.871231E+3	4.650364E+3	-2.929241E+3	6.877364E+3	-1.067291E+4	8.105849E+3	-1.724598E+4
3.615000E+1	-4.511995E+0	2.829269E+0	-4.511567E+0	2.082643E-1	2.378670E+3	-1.868160E+3	4.651900E+3	-2.926170E+3	6.878826E+3	-1.067447E+4	8.108809E+3	-1.724444E+4
3.616000E+1	-4.503028E+0	2.969997E+0	-4.502600E+0	2.083558E-1	2.378670E+3	-1.868160E+3	4.651900E+3	-2.926170E+3	6.878002E+3	-1.067530E+4	8.107573E+3	-1.724486E+4
3.617000E+1	-4.494629E+0	2.879256E+0	-4.494200E+0	2.084415E-1	2.378670E+3	-1.868160E+3	4.651900E+3	-2.926170E+3	6.877177E+3	-1.067612E+4	8.106336E+3	-1.724528E+4
3.618000E+1	-4.486337E+0	2.881606E+0	-4.485909E+0	2.085261E-1	2.378670E+3	-1.868160E+3	4.651900E+3	-2.926170E+3	6.876353E+3	-1.067695E+4	8.105099E+3	-1.724571E+4
3.619000E+1	-4.476596E+0	2.737669E+0	-4.476168E+0	2.086255E-1	2.378670E+3	-1.868160E+3	4.651900E+3	-2.926170E+3	6.875529E+3	-1.067777E+4	8.103863E+3	-1.724613E+4
3.620000E+1	-4.466163E+0	2.980666E+0	-4.465735E+0	2.087320E-1	2.378174E+3	-1.868160E+3	4.651404E+3	-2.926418E+3	6.874456E+3	-1.067786E+4	8.102626E+3	-1.724680E+4
3.621000E+1	-4.456388E+0	3.024067E+0	-4.455960E+0	2.088317E-1	2.377350E+3	-1.868160E+3	4.650580E+3	-2.926830E+3	6.873220E+3	-1.067746E+4	8.101390E+3	-1.724762E+4
3.622000E+1	-4.446634E+0	2.872683E+0	-4.446206E+0	2.089312E-1	2.376525E+3	-1.868160E+3	4.649755E+3	-2.927242E+3	6.871983E+3	-1.067706E+4	8.100153E+3	-1.724844E+4
3.623000E+1	-4.436757E+0	2.832590E+0	-4.436329E+0	2.090320E-1	2.375701E+3	-1.868160E+3	4.648931E+3	-2.927655E+3	6.870746E+3	-1.067666E+4	8.098916E+3	-1.724927E+4
3.624000E+1	-4.426379E+0	2.912146E+0	-4.425951E+0	2.091379E-1	2.374970E+3	-1.868174E+3	4.648186E+3	-2.928048E+3	6.869607E+3	-1.067630E+4	8.097763E+3	-1.725000E+4
3.625000E+1	-4.416266E+0	2.930712E+0	-4.415838E+0	2.092411E-1	2.374970E+3	-1.868300E+3	4.648060E+3	-2.928299E+3	6.869231E+3	-1.067630E+4	8.097263E+3	-1.725000E+4
3.626000E+1	-4.406595E+0	2.993314E+0	-4.406167E+0	2.093398E-1	2.374970E+3	-1.868425E+3	4.647935E+3	-2.928550E+3	6.868855E+3	-1.067630E+4	8.096762E+3	-1.725000E+4
3.627000E+1	-4.397427E+0	2.737414E+0	-4.396999E+0	2.094334E-1	2.374970E+3	-1.868550E+3	4.647810E+3	-2.928800E+3	6.868479E+3	-1.067630E+4	8.096261E+3	-1.725000E+4
3.628000E+1	-4.388154E+0	2.907685E+0	-4.387726E+0	2.095280E-1	2.374970E+3	-1.868676E+3	4.647684E+3	-2.929051E+3	6.868103E+3	-1.067630E+4	8.095761E+3	-1.725000E+4
3.629000E+1	-4.377488E+0	2.963342E+0	-4.377060E+0	2.096368E-1	2.374970E+3	-1.868801E+3	4.647559E+3	-2.929302E+3	6.867727E+3	-1.067630E+4	8.095260E+3	-1.725000E+4
3.630000E+1	-4.367109E+0	2.948003E+0	-4.366681E+0	2.097427E-1	2.374970E+3	-1.868926E+3	4.647434E+3	-2.929552E+3	6.867351E+3	-1.067630E+4	8.094759E+3	-1.725000E+4
3.631000E+1	-4.358147E+0	2.874094E+0	-4.357719E+0	2.098342E-1	2.374970E+3	-1.869052E+3	4.647308E+3	-2.929803E+3	6.866975E+3	-1.067630E+4	8.094259E+3	-1.725000E+4
3.632000E+1	-4.348944E+0	2.764202E+0	-4.348516E+0	2.099281E-1	2.374970E+3	-1.869177E+3	4.647183E+3	-2.930054E+3	6.866599E+3	-1.067630E+4	8.093758E+3	-1.725000E+4
3.633000E+1	-4.339281E+0	2.985601E+0	-4.338853E+0	2.100267E-1	2.374970E+3	-1.869302E+3	4.647058E+3	-2.930304E+3	6.866223E+3	-1.067630E+4	8.093257E+3	-1.725000E+4
3.634000E+1	-4.328970E+0	2.922766E+0	-4.328542E+0	2.101319E-1	2.374970E+3	-1.869428E+3	4.646932E+3	-2.930555E+3	6.865847E+3	-1.067630E+4	8.092757E+3	-1.725000E+4
3.635000E+1	-4.319252E+0	2.858127E+0	-4.318824E+0	2.102311E-1	2.374970E+3	-1.869553E+3	4.646807E+3	-2.930806E+3	6.865471E+3	-1.067630E+4	8.092256E+3	-1.725000E+4
3.636000E+1	-4.309066E+0	2.824233E+0	-4.308638E+0	2.103350E-1	2.374970E+3	-1.869678E+3	4.646682E+3	-2.931056E+3	6.865095E+3	-1.067630E+4	8.091755E+3	-1.725000E+4
3.637000E+1	-4.298817E+0	2.915893E+0	-4.298389E+0	2.104396E-1	2.374970E+3	-1.869804E+3	4.646556E+3	-2.931307E+3	6.864719E+3	-1.067630E+4	8.091255E+3	-1.725000E+4
3.638000E+1	-4.288626E+0	3.034568E+0	-4.288197E+0	2.105436E-1	2.374970E+3	-1.869929E+3	4.646431E+3	-2.931558E+3	6.864343E+3	-1.067630E+4	8.090754E+3	-1.725000E+4
3.639000E+1	-4.279138E+0	2.846781E+0	-4.278710E+0	2.106404E-1	2.376611E+3	-1.864564E+3	4.650050E+3	-2.931511E+3	6.866054E+3	-1.067451E+4	8.094130E+3	-1.724821E+4
3.640000E+1	-4.268727E+0	2.791711E+0	-4.268299E+0	2.107466E-1	2.375787E+3	-1.864977E+3	4.650050E+3	-2.930687E+3	6.866467E+3	-1.067493E+4	8.094130E+3	-1.724863E+4
3.641000E+1	-4.258909E+0	2.966748E+0	-4.258481E+0	2.108468E-1	2.374962E+3	-1.865389E+3	4.650050E+3	-2.929862E+3	6.866879E+3	-1.067535E+4	8.094130E+3	-1.724905E+4
3.642000E+1	-4.248846E+0	2.968137E+0	-4.248418E+0	2.109495E-1	2.374138E+3	-1.865801E+3	4.650050E+3	-2.929038E+3	6.867291E+3	-1.067578E+4	8.094130E+3	-1.724948E+4
3.643000E+1	-4.238835E+0	2.955260E+0	-4.238407E+0	2.110516E-1	2.373314E+3	-1.866213E+3	4.650050E+3	-2.928214E+3	6.867703E+3	-1.067620E+4	8.094130E+3	-1.724990E+4
3.644000E+1	-4.228873E+0	2.792806E+0	-4.228445E+0	2.111533E-1	2.373120E+3	-1.866310E+3	4.650456E+3	-2.927614E+3	6.867394E+3	-1.067549E+4	8.094536E+3	-1.725000E+4
3.645000E+1	-4.218116E+0	2.836430E+0	-4.217688E+0	2.112631E-1	2.373120E+3	-1.866310E+3	4.650986E+3	-2.927084E+3	6.866864E+3	-1.067443E+4	8.095066E+3	-1.725000E+4
3.646000E+1	-4.207220E+0	3.009200E+0	-4.206792E+0	2.113742E-1	2.373120E+3	-1.866310E+3	4.651515E+3	-2.926555E+3	6.866335E+3	-1.067337E+4	8.095595E+3	-1.725000E+4
3.647000E+1	-4.196769E+0	2.904565E+0	-4.196341E+0	2.114809E-1	2.373231E+3	-1.866310E+3	4.651679E+3	-2.926391E+3	6.865839E+3	-1.067260E+4	8.095537E+3	-1.724989E+4
3.648000E+1	-4.186835E+0	2.940117E+0	-4.186407E+0	2.115823E-1	2.373634E+3	-1.866310E+3	4.650872E+3	-2.927198E+3	6.865436E+3	-1.067260E+4	8.093924E+3	-1.724947E+4
3.649000E+1	-4.176412E+0	2.806066E+0	-4.175984E+0	2.116886E-1	2.374037E+3	-1.866310E+3	4.650066E+3	-2.928004E+3	6.865033E+3	-1.067260E+4	8.092311E+3	-1.724906E+4
3.650000E+1	-4.166718E+0	2.981575E+0	-4.166290E+0	2.117875E-1	2.374440E+3	-1.866310E+3	4.649259E+3	-2.928811E+3	6.864630E+3	-1.067260E+4	8.090698E+3	-1.724864E+4
3.651000E+1	-4.156411E+0	2.962858E+0	-4.155983E+0	2.118927E-1	2.374844E+3	-1.866310E+3	4.648453E+3	-2.929617E+3	6.864226E+3	-1.067260E+4	8.089085E+3	-1.724823E+4
3.652000E+1	-4.148265E+0	2.827508E+0	-4.147837E+0	2.119758E-1	2.376164E+3	-1.867504E+3	4.648200E+3	-2.930268E+3	6.864100E+3	-1.067299E+4	8.087784E+3	-1.724810E+4
3.653000E+1	-4.140006E+0	2.892678E+0	-4.139578E+0	2.120601E-1	2.377903E+3	-1.869243E+3	4.648200E+3	-2.930848E+3	6.864100E+3	-1.067355E+4	8.086624E+3	-1.724810E+4
3.654000E+1	-4.131202E+0	2.972161E+0	-4.130774E+0	2.121499E-1	2.379642E+3	-1.870982E+3	4.648200E+3	-2.931427E+3	6.864100E+3	-1.067412E+4	8.085465E+3	-1.724810E+4
3.655000E+1	-4.122203E+0	3.001948E+0	-4.121775E+0	2.122418E-1	2.380405E+3	-1.871688E+3	4.648200E+3	-2.931720E+3	6.864043E+3	-1.067429E+4	8.084995E+3	-1.724810E+4
3.656000E+1	-4.113904E+0	2.963621E+0	-4.113476E+0	2.123264E-1	2.380173E+3	-1.871340E+3	4.648200E+3	-2.931720E+3	6.863927E+3	-1.067405E+4	8.085227E+3	-1.724810E+4
3.657000E+1	-4.104752E+0	2.827428E+0	-4.104324E+0	2.124198E-1	2.379941E+3	-1.870992E+3	4.648200E+3	-2.931720E+3	6.863811E+3	-1.067382E+4	8.085459E+3	-1.724810E+4
3.658000E+1	-4.096477E+0	2.950841E+0	-4.096049E+0	2.125043E-1	2.379710E+3	-1.870644E+3	4.648200E+3	-2.931720E+3	6.863695E+3	-1.067359E+4	8.085690E+3	-1.724810E+4
3.659000E+1	-4.087945E+0	2.976136E+0	-4.087517E+0	2.125913E-1	2.379478E+3	-1.870297E+3	4.648200E+3	-2.931720E+3	6.863579E+3	-1.067336E+4	8.085922E+3	-1.724810E+4
3.660000E+1	-4.078494E+0	2.928171E+0	-4.078066E+0	2.126878E-1	2.379246E+3	-1.869949E+3	4.648200E+3	-2.931720E+3	6.863463E+3	-1.067313E+4	8.086154E+3	-1.724810E+4
3.661000E+1	-4.068741E+0	2.882272E+0	-4.068313E+0	2.127873E-1	2.379014E+3	-1.869601E+3	4.648200E+3	-2.931720E+3	6.863347E+3	-1.067289E+4	8.086386E+3	-1.724810E+4
3.662000E+1	-4.058739E+0	2.766839E+0	-4.058311E+0	2.128894E-1	2.378782E+3	-1.869253E+3	4.648200E+3	-2.931720E+3	6.863231E+3	-1.067266E+4	8.086618E+3	-1.724810E+4
3.663000E+1	-4.048364E+0	3.035713E+0	-4.047936E+0	2.129952E-1	2.378550E+3	-1.868905E+3	4.648200E+3	-2.931720E+3	6.863115E+3	-1.067243E+4	8.086850E+3	-1.724810E+4
3.664000E+1	-4.037728E+0	2.987597E+0	-4.037300E+0	2.131038E-1	2.378318E+3	-1.868558E+3	4.648200E+3	-2.931720E+3	6.862999E+3	-1.067220E+4	8.087082E+3	-1.724810E+4
3.665000E+1	-4.027144E+0	2.899394E+0	-4.026716E+0	2.132118E-1	2.378086E+3	-1.868210E+3	4.648200E+3	-2.931720E+3	6.862883E+3	-1.067197E+4	8.087314E+3	-1.724810E+4
3.666000E+1	-4.017057E+0	2.840069E+0	-4.016629E+0	2.133147E-1	2.377855E+3	-1.867862E+3	4.648200E+3	-2.931720E+3	6.862767E+3	-1.067173E+4	8.087545E+3	-1.724810E+4
3.667000E+1	-4.007784E+0	2.952994E+0	-4.007356E+0	2.134093E-1	2.377623E+3	-1.867514E+3	4.648200E+3	-2.931720E+3	6.862651E+3	-1.067150E+4	8.087777E+3	-1.724810E+4
3.668000E+1	-3.998460E+0	3.058764E+0	-3.998032E+0	2.135045E-1	2.377391E+3	-1.867166E+3	4.648200E+3	-2.931720E+3	6.862535E+3	-1.067127E+4	8.088009E+3	-1.724810E+4
3.669000E+1	-3.989755E+0	2.855733E+0	-3.989327E+0	2.135933E-1	2.377159E+3	-1.866818E+3	4.648200E+3	-2.931720E+3	6.862419E+3	-1.067104E+4	8.088241E+3	-1.724810E+4
3.670000E+1	-3.981303E+0	2.759988E+0	-3.980875E+0	2.136795E-1	2.376927E+3	-1.866471E+3	4.648200E+3	-2.931720E+3	6.862304E+3	-1.067081E+4	8.088473E+3	-1.724810E+4
3.671000E+1	-3.971893E+0	2.922342E+0	-3.971465E+0	2.137755E-1	2.373307E+3	-1.868253E+3	4.648200E+3	-2.929870E+3	6.856513E+3	-1.067782E+4	8.082937E+3	-1.725190E+4
3.672000E+1	-3.962364E+0	2.973407E+0	-3.961936E+0	2.138728E-1	2.373733E+3	-1.868467E+3	4.648200E+3	-2.929870E+3	6.856087E+3	-1.067719E+4	8.082723E+3	-1.725211E+4
3.673000E+1	-3.952761E+0	2.995283E+0	-3.952333E+0	2.139708E-1	2.374159E+3	-1.868680E+3	4.648200E+3	-2.929870E+3	6.855661E+3	-1.067655E+4	8.082510E+3	-1.725233E+4
3.674000E+1	-3.943506E+0	2.897187E+0	-3.943078E+0	2.140652E-1	2.374586E+3	-1.868893E+3	4.648200E+3	-2.929870E+3	6.855234E+3	-1.067592E+4	8.082297E+3	-1.725255E+4
3.675000E+1	-3.933927E+0	2.799858E+0	-3.933499E+0	2.141629E-1	2.375012E+3	-1.869106E+3	4.648200E+3	-2.929870E+3	6.854808E+3	-1.067529E+4	8.082084E+3	-1.725277E+4
3.676000E+1	-3.923520E+0	2.990825E+0	-3.923092E+0	2.142691E-1	2.375438E+3	-1.869319E+3	4.648200E+3	-2.929870E+3	6.854382E+3	-1.067465E+4	8.081871E+3	-1.725299E+4
3.677000E+1	-3.913179E+0	2.892941E+0	-3.912751E+0	2.143747E-1	2.375864E+3	-1.869532E+3	4.648200E+3	-2.929870E+3	6.853956E+3	-1.067402E+4	8.081658E+3	-1.725321E+4
3.678000E+1	-3.902303E+0	2.920815E+0	-3.901874E+0	2.144856E-1	2.376291E+3	-1.869745E+3	4.648200E+3	-2.929870E+3	6.853529E+3	-1.067339E+4	8.081445E+3	-1.725343E+4
3.679000E+1	-3.891565E+0	2.837872E+0	-3.891137E+0	2.145952E-1	2.376717E+3	-1.869958E+3	4.648200E+3	-2.929870E+3	6.853103E+3	-1.067275E+4	8.081232E+3	-1.725365E+4
3.680000E+1	-3.880158E+0	3.034107E+0	-3.879730E+0	2.147116E-1	2.375252E+3	-1.869005E+3	4.646350E+3	-2.934857E+3	6.854568E+3	-1.067287E+4	8.072212E+3	-1.725180E+4
3.681000E+1	-3.868949E+0	3.006374E+0	-3.868520E+0	2.148260E-1	2.375113E+3	-1.868160E+3	4.646350E+3	-2.935134E+3	6.854707E+3	-1.067245E+4	8.072359E+3	-1.725180E+4
3.682000E+1	-3.858587E+0	2.774786E+0	-3.858159E+0	2.149317E-1	2.375279E+3	-1.868160E+3	4.646350E+3	-2.934803E+3	6.854541E+3	-1.067228E+4	8.072856E+3	-1.725180E+4
3.683000E+1	-3.847960E+0	2.856158E+0	-3.847532E+0	2.150402E-1	2.375444E+3	-1.868160E+3	4.646350E+3	-2.934471E+3	6.854376E+3	-1.067211E+4	8.073353E+3	-1.725180E+4
3.684000E+1	-3.837357E+0	2.999811E+0	-3.836929E+0	2.151484E-1	2.375610E+3	-1.868160E+3	4.646350E+3	-2.934140E+3	6.854210E+3	-1.067194E+4	8.073850E+3	-1.725180E+4
3.685000E+1	-3.827213E+0	3.002468E+0	-3.826785E+0	2.152519E-1	2.375776E+3	-1.868160E+3	4.646350E+3	-2.933809E+3	6.854044E+3	-1.067177E+4	8.074347E+3	-1.725180E+4
3.686000E+1	-3.817679E+0	3.026328E+0	-3.817251E+0	2.153492E-1	2.375941E+3	-1.868160E+3	4.646350E+3	-2.933478E+3	6.853879E+3	-1.067160E+4	8.074844E+3	-1.725180E+4
3.687000E+1	-3.807890E+0	2.798574E+0	-3.807462E+0	2.154490E-1	2.376107E+3	-1.868160E+3	4.646350E+3	-2.933146E+3	6.853713E+3	-1.067143E+4	8.075340E+3	-1.725180E+4
3.688000E+1	-3.796957E+0	2.974395E+0	-3.796529E+0	2.155606E-1	2.376272E+3	-1.868160E+3	4.646350E+3	-2.932815E+3	6.853548E+3	-1.067126E+4	8.075837E+3	-1.725180E+4
3.689000E+1	-3.786145E+0	2.996719E+0	-3.785717E+0	2.156709E-1	2.376438E+3	-1.868160E+3	4.646350E+3	-2.932484E+3	6.853382E+3	-1.067109E+4	8.076334E+3	-1.725180E+4
3.690000E+1	-3.776199E+0	2.926593E+0	-3.775771E+0	2.157724E-1	2.376604E+3	-1.868160E+3	4.646350E+3	-2.932153E+3	6.853216E+3	-1.067092E+4	8.076831E+3	-1.725180E+4
3.691000E+1	-3.765406E+0	2.934858E+0	-3.764978E+0	2.158826E-1	2.376769E+3	-1.868160E+3	4.646350E+3	-2.931821E+3	6.853051E+3	-1.067075E+4	8.077328E+3	-1.725180E+4
3.692000E+1	-3.754892E+0	2.776711E+0	-3.754464E+0	2.159898E-1	2.374944E+3	-1.864539E+3	4.648174E+3	-2.931746E+3	6.849247E+3	-1.067435E+4	8.075577E+3	-1.725370E+4
3.693000E+1	-3.744283E+0	3.127065E+0	-3.743855E+0	2.160981E-1	2.374667E+3	-1.865370E+3	4.647897E+3	-2.932023E+3	6.848694E+3	-1.067379E+4	8.075024E+3	-1.725370E+4
3.694000E+1	-3.733338E+0	2.977448E+0	-3.732910E+0	2.162098E-1	2.374390E+3	-1.866200E+3	4.647620E+3	-2.932300E+3	6.848140E+3	-1.067324E+4	8.074470E+3	-1.725370E+4
3.695000E+1	-3.723692E+0	2.846266E+0	-3.723264E+0	2.163082E-1	2.374113E+3	-1.867031E+3	4.647343E+3	-2.932577E+3	6.847586E+3	-1.067269E+4	8.073916E+3	-1.725370E+4
3.696000E+1	-3.714078E+0	2.787753E+0	-3.713650E+0	2.164063E-1	2.373836E+3	-1.867862E+3	4.647066E+3	-2.932854E+3	6.847032E+3	-1.067213E+4	8.073362E+3	-1.725370E+4
3.697000E+1	-3.704437E+0	2.969573E+0	-3.704009E+0	2.165047E-1	2.373559E+3	-1.868692E+3	4.646789E+3	-2.933131E+3	6.846479E+3	-1.067158E+4	8.072809E+3	-1.725370E+4
3.698000E+1	-3.694752E+0	3.023706E+0	-3.694324E+0	2.166035E-1	2.373282E+3	-1.869523E+3	4.646512E+3	-2.933408E+3	6.845925E+3	-1.067102E+4	8.072255E+3	-1.725370E+4
3.699000E+1	-3.684759E+0	2.923255E+0	-3.684331E+0	2.167055E-1	2.373120E+3	-1.869559E+3	4.646350E+3	-2.933795E+3	6.845600E+3	-1.067093E+4	8.071028E+3	-1.725370E+4
3.700000E+1	-3.675285E+0	2.874425E+0	-3.674857E+0	2.168022E-1	2.373120E+3	-1.868468E+3	4.646350E+3	-2.934341E+3	6.845600E+3	-1.067149E+4	8.068846E+3	-1.725370E+4
3.701000E+1	-3.665145E+0	2.923938E+0	-3.664717E+0	2.169056E-1	2.373120E+3	-1.867377E+3	4.646350E+3	-2.934887E+3	6.845600E+3	-1.067205E+4	8.066663E+3	-1.725370E+4
3.702000E+1	-3.655042E+0	2.923487E+0	-3.654614E+0	2.170087E-1	2.373120E+3	-1.866330E+3	4.646330E+3	-2.935420E+3	6.845620E+3	-1.067258E+4	8.064570E+3	-1.725368E+4
3.703000E+1	-3.645016E+0	2.967835E+0	-3.644588E+0	2.171110E-1	2.373120E+3	-1.867213E+3	4.645447E+3	-2.935420E+3	6.846503E+3	-1.067167E+4	8.066336E+3	-1.725277E+4
3.704000E+1	-3.637104E+0	2.873953E+0	-3.636676E+0	2.171918E-1	2.373120E+3	-1.868096E+3	4.644564E+3	-2.935420E+3	6.847386E+3	-1.067077E+4	8.068103E+3	-1.725187E+4
3.705000E+1	-3.628959E+0	2.870232E+0	-3.628531E+0	2.172749E-1	2.373795E+3	-1.867485E+3	4.644838E+3	-2.935082E+3	6.847450E+3	-1.067037E+4	8.068905E+3	-1.725147E+4
3.706000E+1	-3.621288E+0	3.043497E+0	-3.620860E+0	2.173531E-1	2.374522E+3	-1.866758E+3	4.645201E+3	-2.934719E+3	6.847450E+3	-1.067002E+4	8.069632E+3	-1.725112E+4
3.707000E+1	-3.611920E+0	2.914266E+0	-3.611492E+0	2.174487E-1	2.375250E+3	-1.866030E+3	4.645565E+3	-2.934355E+3	6.847450E+3	-1.066966E+4	8.070360E+3	-1.725076E+4
3.708000E+1	-3.602500E+0	2.949117E+0	-3.602072E+0	2.175449E-1	2.375977E+3	-1.865303E+3	4.645929E+3	-2.933991E+3	6.847450E+3	-1.066931E+4	8.071087E+3	-1.725041E+4
3.709000E+1	-3.592024E+0	2.816926E+0	-3.591596E+0	2.176518E-1	2.376705E+3	-1.864575E+3	4.646292E+3	-2.933628E+3	6.847450E+3	-1.066896E+4	8.071815E+3	-1.725006E+4
3.710000E+1	-3.583453E+0	3.118390E+0	-3.583025E+0	2.177392E-1	2.376820E+3	-1.863922E+3	4.645812E+3	-2.933032E+3	6.846373E+3	-1.067105E+4	8.069777E+3	-1.725108E+4
3.711000E+1	-3.574372E+0	2.994060E+0	-3.573944E+0	2.178319E-1	2.376820E+3	-1.863282E+3	4.645172E+3	-2.932392E+3	6.845094E+3	-1.067361E+4	8.067218E+3	-1.725236E+4
3.712000E+1	-3.565294E+0	2.909623E+0	-3.564866E+0	2.179245E-1	2.376820E+3	-1.862642E+3	4.644532E+3	-2.931752E+3	6.843815E+3	-1.067617E+4	8.064660E+3	-1.725364E+4
3.713000E+1	-3.557034E+0	2.876051E+0	-3.556606E+0	2.180088E-1	2.376086E+3	-1.863344E+3	4.644867E+3	-2.932087E+3	6.842283E+3	-1.067557E+4	8.064163E+3	-1.725479E+4
3.714000E+1	-3.548001E+0	2.926319E+0	-3.547573E+0	2.181010E-1	2.375313E+3	-1.864117E+3	4.645253E+3	-2.932473E+3	6.840737E+3	-1.067479E+4	8.063777E+3	-1.725594E+4
3.715000E+1	-3.539972E+0	3.016394E+0	-3.539544E+0	2.181829E-1	2.374541E+3	-1.864889E+3	4.645640E+3	-2.932860E+3	6.839191E+3	-1.067402E+4	8.063390E+3	-1.725709E+4
3.716000E+1	-3.531983E+0	3.046013E+0	-3.531555E+0	2.182644E-1	2.373768E+3	-1.865662E+3	4.646026E+3	-2.933246E+3	6.837645E+3	-1.067325E+4	8.063004E+3	-1.725824E+4
3.717000E+1	-3.522383E+0	2.820148E+0	-3.521955E+0	2.183624E-1	2.373095E+3	-1.866310E+3	4.646325E+3	-2.933619E+3	6.836301E+3	-1.067260E+4	8.062606E+3	-1.725918E+4
3.718000E+1	-3.511976E+0	3.016016E+0	-3.511548E+0	2.184686E-1	2.372943E+3	-1.866310E+3	4.646173E+3	-2.933922E+3	6.835998E+3	-1.067260E+4	8.062150E+3	-1.725903E+4
3.719000E+1	-3.502007E+0	3.021636E+0	-3.501579E+0	2.185703E-1	2.372791E+3	-1.866310E+3	4.646021E+3	-2.934226E+3	6.835694E+3	-1.067260E+4	8.061694E+3	-1.725888E+4
3.720000E+1	-3.492140E+0	2.920279E+0	-3.491712E+0	2.186710E-1	2.372639E+3	-1.866310E+3	4.645869E+3	-2.934529E+3	6.835391E+3	-1.067260E+4	8.061238E+3	-1.725873E+4
3.721000E+1	-3.481455E+0	2.931581E+0	-3.481027E+0	2.187800E-1	2.372487E+3	-1.866310E+3	4.645717E+3	-2.934832E+3	6.835088E+3	-1.067260E+4	8.060782E+3	-1.725858E+4
3.722000E+1	-3.470649E+0	2.838986E+0	-3.470221E+0	2.188903E-1	2.372335E+3	-1.866310E+3	4.645565E+3	-2.935136E+3	6.834784E+3	-1.067260E+4	8.060325E+3	-1.725844E+4
3.723000E+1	-3.460710E+0	3.037907E+0	-3.460282E+0	2.189917E-1	2.372183E+3	-1.866310E+3	4.645413E+3	-2.935439E+3	6.834481E+3	-1.067260E+4	8.059869E+3	-1.725829E+4
3.724000E+1	-3.450073E+0	2.919768E+0	-3.449645E+0	2.191002E-1	2.372031E+3	-1.866310E+3	4.645261E+3	-2.935742E+3	6.834178E+3	-1.067260E+4	8.059413E+3	-1.725814E+4
3.725000E+1	-3.438934E+0	2.980062E+0	-3.438505E+0	2.192139E-1	2.371879E+3	-1.866310E+3	4.645109E+3	-2.936045E+3	6.833875E+3	-1.067260E+4	8.058957E+3	-1.725799E+4
3.726000E+1	-3.429009E+0	2.782576E+0	-3.428581E+0	2.193152E-1	2.371727E+3	-1.866310E+3	4.644957E+3	-2.936349E+3	6.833571E+3	-1.067260E+4	8.058501E+3	-1.725784E+4
3.727000E+1	-3.418738E+0	2.959365E+0	-3.418310E+0	2.194200E-1	2.371575E+3	-1.866310E+3	4.644805E+3	-2.936652E+3	6.833268E+3	-1.067260E+4	8.058045E+3	-1.725770E+4
3.728000E+1	-3.409372E+0	3.090435E+0	-3.408944E+0	2.195156E-1	2.371423E+3	-1.866310E+3	4.644653E+3	-2.936955E+3	6.832965E+3	-1.067260E+4	8.057589E+3	-1.725755E+4
3.729000E+1	-3.399861E+0	2.910860E+0	-3.399433E+0	2.196126E-1	2.371271E+3	-1.866310E+3	4.644501E+3	-2.937258E+3	6.832662E+3	-1.067260E+4	8.057132E+3	-1.725740E+4
3.730000E+1	-3.390572E+0	2.855747E+0	-3.390144E+0	2.197074E-1	2.369851E+3	-1.866310E+3	4.641662E+3	-2.938679E+3	6.832660E+3	-1.067114E+4	8.051149E+3	-1.725782E+4
3.731000E+1	-3.380501E+0	2.985810E+0	-3.380073E+0	2.198102E-1	2.370022E+3	-1.866009E+3	4.640800E+3	-2.938809E+3	6.832359E+3	-1.067070E+4	8.052182E+3	-1.725740E+4
3.732000E+1	-3.370339E+0	2.922455E+0	-3.369911E+0	2.199138E-1	2.370885E+3	-1.865577E+3	4.640800E+3	-2.938377E+3	6.831927E+3	-1.067070E+4	8.053045E+3	-1.725740E+4
3.733000E+1	-3.359815E+0	3.049844E+0	-3.359387E+0	2.200212E-1	2.371748E+3	-1.865146E+3	4.640800E+3	-2.937946E+3	6.831496E+3	-1.067070E+4	8.053908E+3	-1.725740E+4
3.734000E+1	-3.349347E+0	2.906735E+0	-3.348919E+0	2.201281E-1	2.372611E+3	-1.864715E+3	4.640800E+3	-2.937515E+3	6.831065E+3	-1.067070E+4	8.054771E+3	-1.725740E+4
3.735000E+1	-3.339135E+0	2.853895E+0	-3.338707E+0	2.202323E-1	2.373120E+3	-1.864665E+3	4.641005E+3	-2.937158E+3	6.830810E+3	-1.067091E+4	8.055075E+3	-1.725740E+4
3.736000E+1	-3.330241E+0	3.124497E+0	-3.329813E+0	2.203230E-1	2.373120E+3	-1.865167E+3	4.641507E+3	-2.936909E+3	6.830810E+3	-1.067141E+4	8.054573E+3	-1.725740E+4
3.737000E+1	-3.320517E+0	3.031387E+0	-3.320089E+0	2.204222E-1	2.373120E+3	-1.865668E+3	4.642008E+3	-2.936659E+3	6.830810E+3	-1.067191E+4	8.054072E+3	-1.725740E+4
3.738000E+1	-3.311746E+0	2.993714E+0	-3.311318E+0	2.205117E-1	2.373120E+3	-1.866169E+3	4.642509E+3	-2.936410E+3	6.830810E+3	-1.067241E+4	8.053571E+3	-1.725740E+4
3.739000E+1	-3.301927E+0	2.800156E+0	-3.301499E+0	2.206119E-1	2.373120E+3	-1.866671E+3	4.643011E+3	-2.936161E+3	6.830810E+3	-1.067291E+4	8.053069E+3	-1.725740E+4
3.740000E+1	-3.291412E+0	3.051508E+0	-3.290984E+0	2.207192E-1	2.373120E+3	-1.867172E+3	4.643512E+3	-2.935911E+3	6.830810E+3	-1.067341E+4	8.052568E+3	-1.725740E+4
3.741000E+1	-3.281218E+0	3.017755E+0	-3.280790E+0	2.208232E-1	2.373120E+3	-1.867673E+3	4.644013E+3	-2.935662E+3	6.830810E+3	-1.067391E+4	8.052067E+3	-1.725740E+4
3.742000E+1	-3.270884E+0	2.862117E+0	-3.270456E+0	2.209287E-1	2.369436E+3	-1.868155E+3	4.642655E+3	-2.935425E+3	6.830805E+3	-1.067259E+4	8.053420E+3	-1.725919E+4
3.743000E+1	-3.260173E+0	2.901806E+0	-3.259745E+0	2.210380E-1	2.369966E+3	-1.867978E+3	4.642832E+3	-2.935601E+3	6.830628E+3	-1.067241E+4	8.053066E+3	-1.725902E+4
3.744000E+1	-3.249724E+0	2.996492E+0	-3.249296E+0	2.211446E-1	2.370495E+3	-1.867802E+3	4.643008E+3	-2.935777E+3	6.830452E+3	-1.067223E+4	8.052713E+3	-1.725885E+4
3.745000E+1	-3.239454E+0	2.994194E+0	-3.239026E+0	2.212494E-1	2.371025E+3	-1.867625E+3	4.643185E+3	-2.935952E+3	6.830275E+3	-1.067205E+4	8.052360E+3	-1.725868E+4
3.746000E+1	-3.229143E+0	2.958045E+0	-3.228714E+0	2.213546E-1	2.371555E+3	-1.867448E+3	4.643362E+3	-2.936128E+3	6.830098E+3	-1.067187E+4	8.052006E+3	-1.725851E+4
3.747000E+1	-3.219597E+0	2.816078E+0	-3.219169E+0	2.214520E-1	2.372085E+3	-1.867272E+3	4.643538E+3	-2.936304E+3	6.829922E+3	-1.067169E+4	8.051653E+3	-1.725834E+4
3.748000E+1	-3.210011E+0	2.951017E+0	-3.209583E+0	2.215498E-1	2.372615E+3	-1.867095E+3	4.643715E+3	-2.936479E+3	6.829745E+3	-1.067151E+4	8.051300E+3	-1.725816E+4
3.749000E+1	-3.200575E+0	3.022001E+0	-3.200147E+0	2.216461E-1	2.373145E+3	-1.866918E+3	4.643892E+3	-2.936655E+3	6.829568E+3	-1.067132E+4	8.050946E+3	-1.725799E+4
3.750000E+1	-3.191051E+0	2.993004E+0	-3.190623E+0	2.217433E-1	2.373675E+3	-1.866742E+3	4.644068E+3	-2.936831E+3	6.829392E+3	-1.067114E+4	8.050593E+3	-1.725782E+4
3.751000E+1	-3.180185E+0	2.986292E+0	-3.179757E+0	2.218542E-1	2.374205E+3	-1.866565E+3	4.644245E+3	-2.937007E+3	6.829215E+3	-1.067096E+4	8.050240E+3	-1.725765E+4
3.752000E+1	-3.170422E+0	2.871540E+0	-3.169994E+0	2.219538E-1	2.374735E+3	-1.866388E+3	4.644422E+3	-2.937182E+3	6.829038E+3	-1.067078E+4	8.049886E+3	-1.725748E+4
3.753000E+1	-3.160475E+0	3.121858E+0	-3.160047E+0	2.220553E-1	2.375222E+3	-1.866310E+3	4.644752E+3	-2.937260E+3	6.829464E+3	-1.067070E+4	8.049478E+3	-1.725714E+4
3.754000E+1	-3.150567E+0	2.957315E+0	-3.150139E+0	2.221564E-1	2.375675E+3	-1.866310E+3	4.645205E+3	-2.937260E+3	6.830369E+3	-1.067070E+4	8.049025E+3	-1.725668E+4
3.755000E+1	-3.141239E+0	2.908502E+0	-3.140811E+0	2.222516E-1	2.376127E+3	-1.866310E+3	4.645657E+3	-2.937260E+3	6.831274E+3	-1.067070E+4	8.048573E+3	-1.725621E+4
3.756000E+1	-3.132681E+0	2.861838E+0	-3.132252E+0	2.223389E-1	2.376579E+3	-1.866310E+3	4.646109E+3	-2.937260E+3	6.832179E+3	-1.067070E+4	8.048121E+3	-1.725575E+4
3.757000E+1	-3.123768E+0	3.058839E+0	-3.123340E+0	2.224299E-1	2.376544E+3	-1.866172E+3	4.646212E+3	-2.937260E+3	6.832522E+3	-1.067042E+4	8.048156E+3	-1.725537E+4
3.758000E+1	-3.114088E+0	3.096476E+0	-3.113660E+0	2.225287E-1	2.375955E+3	-1.865878E+3	4.645918E+3	-2.937260E+3	6.832228E+3	-1.066984E+4	8.048745E+3	-1.725508E+4
3.759000E+1	-3.105132E+0	2.993509E+0	-3.104704E+0	2.226200E-1	2.375367E+3	-1.865583E+3	4.645623E+3	-2.937260E+3	6.831933E+3	-1.066925E+4	8.049333E+3	-1.725479E+4
3.760000E+1	-3.095943E+0	2.904612E+0	-3.095515E+0	2.227138E-1	2.374778E+3	-1.865289E+3	4.645329E+3	-2.937260E+3	6.831639E+3	-1.066866E+4	8.049922E+3	-1.725451E+4
3.761000E+1	-3.087383E+0	2.973597E+0	-3.086955E+0	2.228012E-1	2.374189E+3	-1.864994E+3	4.645034E+3	-2.937260E+3	6.831344E+3	-1.066807E+4	8.050511E+3	-1.725422E+4
3.762000E+1	-3.077527E+0	2.963378E+0	-3.077099E+0	2.229017E-1	2.373600E+3	-1.864700E+3	4.644740E+3	-2.937260E+3	6.831050E+3	-1.066748E+4	8.051100E+3	-1.725393E+4
3.763000E+1	-3.067771E+0	2.994158E+0	-3.067343E+0	2.230013E-1	2.372777E+3	-1.864460E+3	4.644500E+3	-2.936919E+3	6.830467E+3	-1.066769E+4	8.051237E+3	-1.725403E+4
3.764000E+1	-3.057955E+0	2.853102E+0	-3.057527E+0	2.231014E-1	2.371376E+3	-1.860866E+3	4.644394E+3	-2.935420E+3	6.825154E+3	-1.067249E+4	8.046030E+3	-1.725750E+4
3.765000E+1	-3.048178E+0	2.884988E+0	-3.047750E+0	2.232012E-1	2.371938E+3	-1.861428E+3	4.643832E+3	-2.935420E+3	6.824592E+3	-1.067191E+4	8.046030E+3	-1.725805E+4
3.766000E+1	-3.037856E+0	3.058186E+0	-3.037428E+0	2.233065E-1	2.372500E+3	-1.861990E+3	4.643270E+3	-2.935420E+3	6.824030E+3	-1.067134E+4	8.046030E+3	-1.725860E+4
3.767000E+1	-3.027198E+0	2.984985E+0	-3.026770E+0	2.234153E-1	2.373062E+3	-1.862552E+3	4.642708E+3	-2.935420E+3	6.823468E+3	-1.067076E+4	8.046030E+3	-1.725914E+4
3.768000E+1	-3.016938E+0	3.003621E+0	-3.016510E+0	2.235200E-1	2.372480E+3	-1.862610E+3	4.642650E+3	-2.937335E+3	6.823410E+3	-1.067008E+4	8.044115E+3	-1.725858E+4
3.769000E+1	-3.007006E+0	2.768374E+0	-3.006578E+0	2.236213E-1	2.371767E+3	-1.862610E+3	4.642650E+3	-2.939472E+3	6.823410E+3	-1.066938E+4	8.041978E+3	-1.725788E+4
3.770000E+1	-2.997342E+0	3.080701E+0	-2.996914E+0	2.237199E-1	2.371270E+3	-1.863079E+3	4.642650E+3	-2.940960E+3	6.823410E+3	-1.066901E+4	8.040373E+3	-1.725728E+4
3.771000E+1	-2.987173E+0	3.066103E+0	-2.986745E+0	2.238237E-1	2.371270E+3	-1.864625E+3	4.642650E+3	-2.940960E+3	6.823410E+3	-1.066939E+4	8.039986E+3	-1.725688E+4
3.772000E+1	-2.978752E+0	2.909357E+0	-2.978324E+0	2.239096E-1	2.371270E+3	-1.866171E+3	4.642650E+3	-2.940960E+3	6.823410E+3	-1.066977E+4	8.039600E+3	-1.725649E+4
3.773000E+1	-2.969900E+0	2.881622E+0	-2.969472E+0	2.240000E-1	2.371270E+3	-1.867716E+3	4.642650E+3	-2.940960E+3	6.823410E+3	-1.067014E+4	8.039213E+3	-1.725609E+4
3.774000E+1	-2.959667E+0	2.952090E+0	-2.959239E+0	2.241044E-1	2.371270E+3	-1.869262E+3	4.642650E+3	-2.940960E+3	6.823410E+3	-1.067052E+4	8.038827E+3	-1.725569E+4
3.775000E+1	-2.950485E+0	3.083437E+0	-2.950057E+0	2.241981E-1	2.371270E+3	-1.869711E+3	4.642650E+3	-2.940661E+3	6.823410E+3	-1.067010E+4	8.039536E+3	-1.725550E+4
3.776000E+1	-2.940741E+0	3.040694E+0	-2.940312E+0	2.242975E-1	2.371270E+3	-1.869131E+3	4.642650E+3	-2.940081E+3	6.823410E+3	-1.066894E+4	8.041272E+3	-1.725550E+4
3.777000E+1	-2.932047E+0	2.878338E+0	-2.931619E+0	2.243862E-1	2.371270E+3	-1.868551E+3	4.642650E+3	-2.939501E+3	6.823410E+3	-1.066778E+4	8.043008E+3	-1.725550E+4
3.778000E+1	-2.922546E+0	3.057873E+0	-2.922118E+0	2.244832E-1	2.371270E+3	-1.867783E+3	4.642776E+3	-2.938984E+3	6.823284E+3	-1.066725E+4	8.044055E+3	-1.725563E+4
3.779000E+1	-2.912464E+0	3.035756E+0	-2.912036E+0	2.245860E-1	2.371270E+3	-1.866624E+3	4.643162E+3	-2.938598E+3	6.822898E+3	-1.066802E+4	8.043671E+3	-1.725603E+4
3.780000E+1	-2.901803E+0	2.987794E+0	-2.901375E+0	2.246948E-1	2.371270E+3	-1.865465E+3	4.643548E+3	-2.938212E+3	6.822512E+3	-1.066880E+4	8.043286E+3	-1.725642E+4
3.781000E+1	-2.890982E+0	2.987546E+0	-2.890554E+0	2.248053E-1	2.371270E+3	-1.864305E+3	4.643935E+3	-2.937825E+3	6.822125E+3	-1.066957E+4	8.042902E+3	-1.725682E+4
3.782000E+1	-2.881848E+0	2.780368E+0	-2.881420E+0	2.248985E-1	2.371270E+3	-1.863146E+3	4.644321E+3	-2.937439E+3	6.821739E+3	-1.067034E+4	8.042518E+3	-1.725722E+4
3.783000E+1	-2.872414E+0	3.095012E+0	-2.871986E+0	2.249947E-1	2.370914E+3	-1.862610E+3	4.644500E+3	-2.937260E+3	6.821382E+3	-1.067088E+4	8.041806E+3	-1.725757E+4
3.784000E+1	-2.863243E+0	3.022666E+0	-2.862815E+0	2.250883E-1	2.370251E+3	-1.862610E+3	4.644500E+3	-2.937260E+3	6.821051E+3	-1.067122E+4	8.040812E+3	-1.725790E+4
3.785000E+1	-2.854125E+0	3.011410E+0	-2.853697E+0	2.251813E-1	2.369589E+3	-1.862610E+3	4.644500E+3	-2.937260E+3	6.820719E+3	-1.067156E+4	8.039818E+3	-1.725822E+4
3.786000E+1	-2.843699E+0	2.920492E+0	-2.843271E+0	2.252877E-1	2.368926E+3	-1.862610E+3	4.644500E+3	-2.937260E+3	6.820388E+3	-1.067190E+4	8.038825E+3	-1.725854E+4
3.787000E+1	-2.834500E+0	3.079349E+0	-2.834072E+0	2.253816E-1	2.368264E+3	-1.862610E+3	4.644500E+3	-2.937260E+3	6.820057E+3	-1.067224E+4	8.037831E+3	-1.725886E+4
3.788000E+1	-2.825747E+0	3.071306E+0	-2.825318E+0	2.254709E-1	2.367601E+3	-1.862610E+3	4.644500E+3	-2.937260E+3	6.819726E+3	-1.067258E+4	8.036837E+3	-1.725918E+4
3.789000E+1	-2.816371E+0	3.049886E+0	-2.815943E+0	2.255666E-1	2.367850E+3	-1.862890E+3	4.644220E+3	-2.937540E+3	6.818869E+3	-1.067204E+4	8.036790E+3	-1.725949E+4
3.790000E+1	-2.807066E+0	2.861302E+0	-2.806638E+0	2.256615E-1	2.368145E+3	-1.863185E+3	4.643925E+3	-2.937835E+3	6.817985E+3	-1.067145E+4	8.036790E+3	-1.725979E+4
3.791000E+1	-2.796348E+0	2.990075E+0	-2.795920E+0	2.257709E-1	2.368439E+3	-1.863479E+3	4.643631E+3	-2.938129E+3	6.817102E+3	-1.067086E+4	8.036790E+3	-1.726009E+4
3.792000E+1	-2.784905E+0	2.994373E+0	-2.784477E+0	2.258877E-1	2.368734E+3	-1.863774E+3	4.643336E+3	-2.938424E+3	6.816219E+3	-1.067027E+4	8.036790E+3	-1.726040E+4
3.793000E+1	-2.773724E+0	3.022053E+0	-2.773296E+0	2.260018E-1	2.369028E+3	-1.864068E+3	4.643042E+3	-2.938718E+3	6.815335E+3	-1.066968E+4	8.036790E+3	-1.726070E+4
3.794000E+1	-2.763549E+0	2.925066E+0	-2.763121E+0	2.261056E-1	2.369323E+3	-1.864363E+3	4.642747E+3	-2.939013E+3	6.814452E+3	-1.066909E+4	8.036790E+3	-1.726100E+4
3.795000E+1	-2.753425E+0	2.878287E+0	-2.752997E+0	2.262089E-1	2.369696E+3	-1.864736E+3	4.642650E+3	-2.939110E+3	6.814160E+3	-1.066890E+4	8.035962E+3	-1.726055E+4
3.796000E+1	-2.742129E+0	3.089314E+0	-2.741701E+0	2.263242E-1	2.370108E+3	-1.865148E+3	4.642650E+3	-2.939110E+3	6.814160E+3	-1.066890E+4	8.034726E+3	-1.725972E+4
3.797000E+1	-2.731090E+0	2.986182E+0	-2.730662E+0	2.264368E-1	2.370520E+3	-1.865560E+3	4.642650E+3	-2.939110E+3	6.814160E+3	-1.066890E+4	8.033489E+3	-1.725890E+4
3.798000E+1	-2.720667E+0	2.958415E+0	-2.720239E+0	2.265432E-1	2.370933E+3	-1.865973E+3	4.642650E+3	-2.939110E+3	6.814160E+3	-1.066890E+4	8.032252E+3	-1.725807E+4
3.799000E+1	-2.710660E+0	2.872966E+0	-2.710232E+0	2.266453E-1	2.369469E+3	-1.869864E+3	4.640800E+3	-2.940911E+3	6.814160E+3	-1.066880E+4	8.027735E+3	-1.725915E+4
3.800000E+1	-2.700695E+0	3.061180E+0	-2.700267E+0	2.267470E-1	2.369738E+3	-1.869057E+3	4.640800E+3	-2.940642E+3	6.814160E+3	-1.066826E+4	8.028810E+3	-1.725889E+4
3.801000E+1	-2.691153E+0	3.062183E+0	-2.690725E+0	2.268443E-1	2.370006E+3	-1.868251E+3	4.640800E+3	-2.940374E+3	6.814160E+3	-1.066773E+4	8.029886E+3	-1.725863E+4
3.802000E+1	-2.682051E+0	2.871028E+0	-2.681623E+0	2.269372E-1	2.370275E+3	-1.867444E+3	4.640800E+3	-2.940105E+3	6.814160E+3	-1.066719E+4	8.030961E+3	-1.725837E+4
3.803000E+1	-2.672996E+0	2.918926E+0	-2.672568E+0	2.270296E-1	2.370544E+3	-1.866638E+3	4.640800E+3	-2.939836E+3	6.814160E+3	-1.066665E+4	8.032036E+3	-1.725811E+4
3.804000E+1	-2.664356E+0	3.013352E+0	-2.663928E+0	2.271178E-1	2.370813E+3	-1.865831E+3	4.640800E+3	-2.939567E+3	6.814160E+3	-1.066611E+4	8.033112E+3	-1.725784E+4
3.805000E+1	-2.654876E+0	3.026175E+0	-2.654448E+0	2.272145E-1	2.371082E+3	-1.865025E+3	4.640800E+3	-2.939298E+3	6.814160E+3	-1.066558E+4	8.034187E+3	-1.725758E+4
3.806000E+1	-2.645268E+0	2.978010E+0	-2.644840E+0	2.273125E-1	2.371270E+3	-1.864228E+3	4.641263E+3	-2.938878E+3	6.813928E+3	-1.066589E+4	8.034477E+3	-1.725763E+4
3.807000E+1	-2.634805E+0	2.861072E+0	-2.634377E+0	2.274193E-1	2.371270E+3	-1.863455E+3	4.642809E+3	-2.938105E+3	6.813155E+3	-1.066819E+4	8.032931E+3	-1.725838E+4
3.808000E+1	-2.624860E+0	3.082118E+0	-2.624432E+0	2.275208E-1	2.371270E+3	-1.862683E+3	4.644355E+3	-2.937333E+3	6.812383E+3	-1.067048E+4	8.031385E+3	-1.725913E+4
3.809000E+1	-2.616147E+0	3.061725E+0	-2.615718E+0	2.276097E-1	2.371270E+3	-1.862905E+3	4.644205E+3	-2.937260E+3	6.812310E+3	-1.067070E+4	8.030945E+3	-1.725950E+4
3.810000E+1	-2.607413E+0	3.019869E+0	-2.606985E+0	2.276988E-1	2.371270E+3	-1.863230E+3	4.643880E+3	-2.937260E+3	6.812310E+3	-1.067070E+4	8.030620E+3	-1.725984E+4
3.811000E+1	-2.598629E+0	3.051438E+0	-2.598201E+0	2.277884E-1	2.371270E+3	-1.863556E+3	4.643554E+3	-2.937260E+3	6.812310E+3	-1.067070E+4	8.030294E+3	-1.726017E+4
3.812000E+1	-2.589905E+0	2.857662E+0	-2.589477E+0	2.278775E-1	2.371270E+3	-1.863881E+3	4.643229E+3	-2.937260E+3	6.812310E+3	-1.067070E+4	8.029969E+3	-1.726051E+4
3.813000E+1	-2.580508E+0	3.123819E+0	-2.580080E+0	2.279733E-1	2.371270E+3	-1.864207E+3	4.642903E+3	-2.937260E+3	6.812310E+3	-1.067070E+4	8.029643E+3	-1.726084E+4
3.814000E+1	-2.571168E+0	3.022657E+0	-2.570740E+0	2.280687E-1	2.371270E+3	-1.864504E+3	4.642650E+3	-2.937304E+3	6.812266E+3	-1.067061E+4	8.029390E+3	-1.726110E+4
3.815000E+1	-2.561861E+0	2.998690E+0	-2.561433E+0	2.281636E-1	2.371270E+3	-1.864704E+3	4.642650E+3	-2.937504E+3	6.812066E+3	-1.067021E+4	8.029390E+3	-1.726110E+4
3.816000E+1	-2.551573E+0	2.922909E+0	-2.551145E+0	2.282686E-1	2.371270E+3	-1.864903E+3	4.642650E+3	-2.937703E+3	6.811867E+3	-1.066981E+4	8.029390E+3	-1.726110E+4
3.817000E+1	-2.541009E+0	3.040293E+0	-2.540581E+0	2.283764E-1	2.371270E+3	-1.865103E+3	4.642650E+3	-2.937903E+3	6.811667E+3	-1.066941E+4	8.029390E+3	-1.726110E+4
3.818000E+1	-2.529997E+0	3.098117E+0	-2.529569E+0	2.284888E-1	2.371270E+3	-1.865302E+3	4.642650E+3	-2.938102E+3	6.811468E+3	-1.066902E+4	8.029390E+3	-1.726110E+4
3.819000E+1	-2.519371E+0	2.957078E+0	-2.518943E+0	2.285972E-1	2.371270E+3	-1.865501E+3	4.642650E+3	-2.938301E+3	6.811269E+3	-1.066862E+4	8.029390E+3	-1.726110E+4
3.820000E+1	-2.510064E+0	2.952076E+0	-2.509636E+0	2.286922E-1	2.371270E+3	-1.865701E+3	4.642650E+3	-2.938501E+3	6.811069E+3	-1.066822E+4	8.029390E+3	-1.726110E+4
3.821000E+1	-2.499834E+0	3.082340E+0	-2.499406E+0	2.287965E-1	2.371270E+3	-1.865900E+3	4.642650E+3	-2.938700E+3	6.810870E+3	-1.066782E+4	8.029390E+3	-1.726110E+4
3.822000E+1	-2.490447E+0	3.018493E+0	-2.490019E+0	2.288923E-1	2.371270E+3	-1.866100E+3	4.642650E+3	-2.938900E+3	6.810670E+3	-1.066742E+4	8.029390E+3	-1.726110E+4
3.823000E+1	-2.480137E+0	3.039944E+0	-2.479709E+0	2.289975E-1	2.371270E+3	-1.866299E+3	4.642650E+3	-2.939099E+3	6.810471E+3	-1.066702E+4	8.029390E+3	-1.726110E+4
3.824000E+1	-2.471663E+0	2.956187E+0	-2.471235E+0	2.290840E-1	2.367798E+3	-1.864460E+3	4.640573E+3	-2.940960E+3	6.810232E+3	-1.066867E+4	8.021990E+3	-1.725920E+4
3.825000E+1	-2.462740E+0	2.914151E+0	-2.462312E+0	2.291751E-1	2.368039E+3	-1.864460E+3	4.640334E+3	-2.940960E+3	6.809991E+3	-1.066842E+4	8.021990E+3	-1.725920E+4
3.826000E+1	-2.453446E+0	3.043124E+0	-2.453018E+0	2.292699E-1	2.368280E+3	-1.864460E+3	4.640094E+3	-2.940960E+3	6.809750E+3	-1.066817E+4	8.021990E+3	-1.725920E+4
3.827000E+1	-2.443462E+0	3.038252E+0	-2.443034E+0	2.293718E-1	2.368521E+3	-1.864460E+3	4.639855E+3	-2.940960E+3	6.809509E+3	-1.066792E+4	8.021990E+3	-1.725920E+4
3.828000E+1	-2.433333E+0	3.074958E+0	-2.432905E+0	2.294751E-1	2.368762E+3	-1.864460E+3	4.639615E+3	-2.940960E+3	6.809268E+3	-1.066768E+4	8.021990E+3	-1.725920E+4
3.829000E+1	-2.422956E+0	2.823203E+0	-2.422528E+0	2.295810E-1	2.369002E+3	-1.864460E+3	4.639375E+3	-2.940960E+3	6.809028E+3	-1.066743E+4	8.021990E+3	-1.725920E+4
3.830000E+1	-2.413806E+0	3.053311E+0	-2.413378E+0	2.296744E-1	2.369243E+3	-1.864460E+3	4.639136E+3	-2.940960E+3	6.808787E+3	-1.066718E+4	8.021990E+3	-1.725920E+4
3.831000E+1	-2.403586E+0	3.083938E+0	-2.403158E+0	2.297787E-1	2.369420E+3	-1.861951E+3	4.639618E+3	-2.940630E+3	6.806101E+3	-1.066618E+4	8.024701E+3	-1.726142E+4
3.832000E+1	-2.394903E+0	2.916436E+0	-2.394474E+0	2.298673E-1	2.369420E+3	-1.859477E+3	4.642084E+3	-2.939394E+3	6.803627E+3	-1.066986E+4	8.020991E+3	-1.726262E+4
3.833000E+1	-2.384560E+0	2.928420E+0	-2.384132E+0	2.299728E-1	2.369420E+3	-1.859683E+3	4.642650E+3	-2.939110E+3	6.803060E+3	-1.067032E+4	8.020140E+3	-1.726290E+4
3.834000E+1	-2.375121E+0	3.104875E+0	-2.374693E+0	2.300691E-1	2.369420E+3	-1.860685E+3	4.642650E+3	-2.939110E+3	6.803060E+3	-1.066984E+4	8.020140E+3	-1.726290E+4
3.835000E+1	-2.364787E+0	3.128281E+0	-2.364359E+0	2.301746E-1	2.369420E+3	-1.861688E+3	4.642650E+3	-2.939110E+3	6.803060E+3	-1.066935E+4	8.020140E+3	-1.726290E+4
3.836000E+1	-2.354489E+0	3.042433E+0	-2.354061E+0	2.302797E-1	2.369420E+3	-1.862646E+3	4.642614E+3	-2.939110E+3	6.803024E+3	-1.066886E+4	8.020140E+3	-1.726290E+4
3.837000E+1	-2.343581E+0	2.869115E+0	-2.343153E+0	2.303910E-1	2.369420E+3	-1.863087E+3	4.642173E+3	-2.939110E+3	6.802583E+3	-1.066841E+4	8.020140E+3	-1.726290E+4
3.838000E+1	-2.332560E+0	3.052876E+0	-2.332132E+0	2.305034E-1	2.369420E+3	-1.863529E+3	4.641731E+3	-2.939110E+3	6.802141E+3	-1.066796E+4	8.020140E+3	-1.726290E+4
3.839000E+1	-2.321545E+0	2.990034E+0	-2.321117E+0	2.306158E-1	2.369420E+3	-1.863971E+3	4.641289E+3	-2.939110E+3	6.801699E+3	-1.066750E+4	8.020140E+3	-1.726290E+4
3.840000E+1	-2.310016E+0	2.968979E+0	-2.309588E+0	2.307335E-1	2.369420E+3	-1.864412E+3	4.640848E+3	-2.939110E+3	6.801258E+3	-1.066705E+4	8.020140E+3	-1.726290E+4
3.841000E+1	-2.299618E+0	2.924462E+0	-2.299190E+0	2.308396E-1	2.369765E+3	-1.864460E+3	4.640800E+3	-2.940144E+3	6.801555E+3	-1.066700E+4	8.019106E+3	-1.726256E+4
3.842000E+1	-2.289997E+0	2.949352E+0	-2.289569E+0	2.309377E-1	2.370151E+3	-1.864460E+3	4.640800E+3	-2.941303E+3	6.801941E+3	-1.066700E+4	8.017947E+3	-1.726219E+4
3.843000E+1	-2.279220E+0	3.143369E+0	-2.278792E+0	2.310477E-1	2.370538E+3	-1.864460E+3	4.640800E+3	-2.942463E+3	6.802328E+3	-1.066700E+4	8.016787E+3	-1.726181E+4
3.844000E+1	-2.269598E+0	2.962552E+0	-2.269170E+0	2.311459E-1	2.370924E+3	-1.864460E+3	4.640800E+3	-2.943622E+3	6.802714E+3	-1.066700E+4	8.015628E+3	-1.726144E+4
3.845000E+1	-2.260257E+0	3.002535E+0	-2.259829E+0	2.312412E-1	2.371270E+3	-1.864522E+3	4.640831E+3	-2.944629E+3	6.803122E+3	-1.066694E+4	8.014682E+3	-1.726107E+4
3.846000E+1	-2.251153E+0	2.896843E+0	-2.250725E+0	2.313341E-1	2.371270E+3	-1.865110E+3	4.641125E+3	-2.944335E+3	6.803710E+3	-1.066635E+4	8.015566E+3	-1.726077E+4
3.847000E+1	-2.240696E+0	3.060064E+0	-2.240268E+0	2.314408E-1	2.371270E+3	-1.865699E+3	4.641420E+3	-2.944040E+3	6.804299E+3	-1.066576E+4	8.016449E+3	-1.726046E+4
3.848000E+1	-2.231138E+0	3.146583E+0	-2.230710E+0	2.315383E-1	2.371270E+3	-1.866288E+3	4.641714E+3	-2.943746E+3	6.804888E+3	-1.066517E+4	8.017332E+3	-1.726016E+4
3.849000E+1	-2.221513E+0	3.006911E+0	-2.221085E+0	2.316366E-1	2.371270E+3	-1.866877E+3	4.642009E+3	-2.943451E+3	6.805477E+3	-1.066458E+4	8.018216E+3	-1.725986E+4
3.850000E+1	-2.211292E+0	2.993507E+0	-2.210864E+0	2.317409E-1	2.371270E+3	-1.867466E+3	4.642303E+3	-2.943157E+3	6.806066E+3	-1.066399E+4	8.019099E+3	-1.725956E+4
3.851000E+1	-2.200796E+0	3.032647E+0	-2.200368E+0	2.318480E-1	2.371270E+3	-1.868055E+3	4.642597E+3	-2.942863E+3	6.806655E+3	-1.066341E+4	8.019982E+3	-1.725925E+4
3.852000E+1	-2.190581E+0	3.025333E+0	-2.190153E+0	2.319522E-1	2.370577E+3	-1.866082E+3	4.642650E+3	-2.942117E+3	6.806760E+3	-1.066330E+4	8.021525E+3	-1.725920E+4
3.853000E+1	-2.182012E+0	3.079685E+0	-2.181584E+0	2.320396E-1	2.369734E+3	-1.863553E+3	4.642650E+3	-2.941274E+3	6.806760E+3	-1.066330E+4	8.023211E+3	-1.725920E+4
3.854000E+1	-2.173478E+0	2.914273E+0	-2.173050E+0	2.321267E-1	2.369795E+3	-1.862235E+3	4.642650E+3	-2.940960E+3	6.805634E+3	-1.066444E+4	8.022714E+3	-1.725959E+4
3.855000E+1	-2.163701E+0	2.932264E+0	-2.163273E+0	2.322265E-1	2.370394E+3	-1.861636E+3	4.642650E+3	-2.940960E+3	6.803839E+3	-1.066625E+4	8.020919E+3	-1.726020E+4
3.856000E+1	-2.153327E+0	3.156641E+0	-2.152899E+0	2.323323E-1	2.370992E+3	-1.861038E+3	4.642650E+3	-2.940960E+3	6.802044E+3	-1.066806E+4	8.019124E+3	-1.726081E+4
3.857000E+1	-2.143951E+0	2.965083E+0	-2.143523E+0	2.324280E-1	2.371054E+3	-1.860832E+3	4.642650E+3	-2.940960E+3	6.801066E+3	-1.066883E+4	8.018218E+3	-1.726124E+4
3.858000E+1	-2.134917E+0	3.040321E+0	-2.134489E+0	2.325202E-1	2.370651E+3	-1.860966E+3	4.642650E+3	-2.940960E+3	6.800797E+3	-1.066869E+4	8.018084E+3	-1.726151E+4
3.859000E+1	-2.125371E+0	2.871749E+0	-2.124943E+0	2.326176E-1	2.370248E+3	-1.861101E+3	4.642650E+3	-2.940960E+3	6.800528E+3	-1.066855E+4	8.017949E+3	-1.726178E+4
3.860000E+1	-2.116124E+0	3.195045E+0	-2.115696E+0	2.327120E-1	2.369844E+3	-1.861235E+3	4.642650E+3	-2.940960E+3	6.800260E+3	-1.066841E+4	8.017815E+3	-1.726205E+4
3.861000E+1	-2.106845E+0	3.127224E+0	-2.106417E+0	2.328066E-1	2.369441E+3	-1.861370E+3	4.642650E+3	-2.940960E+3	6.799991E+3	-1.066827E+4	8.017680E+3	-1.726232E+4
3.862000E+1	-2.097671E+0	2.945143E+0	-2.097243E+0	2.329003E-1	2.369038E+3	-1.861504E+3	4.642650E+3	-2.940960E+3	6.799722E+3	-1.066814E+4	8.017546E+3	-1.726259E+4
3.863000E+1	-2.087751E+0	2.900869E+0	-2.087322E+0	2.330015E-1	2.368635E+3	-1.861638E+3	4.642650E+3	-2.940960E+3	6.799453E+3	-1.066800E+4	8.017412E+3	-1.726286E+4
3.864000E+1	-2.077589E+0	3.066474E+0	-2.077161E+0	2.331052E-1	2.368231E+3	-1.861773E+3	4.642650E+3	-2.940960E+3	6.799184E+3	-1.066786E+4	8.017277E+3	-1.726313E+4
3.865000E+1	-2.068526E+0	3.096306E+0	-2.068098E+0	2.331977E-1	2.367828E+3	-1.861907E+3	4.642650E+3	-2.940960E+3	6.798915E+3	-1.066772E+4	8.017143E+3	-1.726339E+4
3.866000E+1	-2.057977E+0	3.051475E+0	-2.057548E+0	2.333053E-1	2.367425E+3	-1.862042E+3	4.642650E+3	-2.940960E+3	6.798647E+3	-1.066758E+4	8.017008E+3	-1.726366E+4
3.867000E+1	-2.048272E+0	2.897338E+0	-2.047844E+0	2.334043E-1	2.367022E+3	-1.862176E+3	4.642650E+3	-2.940960E+3	6.798378E+3	-1.066745E+4	8.016874E+3	-1.726393E+4
3.868000E+1	-2.038249E+0	3.122741E+0	-2.037821E+0	2.335066E-1	2.366618E+3	-1.862311E+3	4.642650E+3	-2.940960E+3	6.798109E+3	-1.066731E+4	8.016739E+3	-1.726420E+4
3.869000E+1	-2.028201E+0	3.029249E+0	-2.027773E+0	2.336091E-1	2.366215E+3	-1.862445E+3	4.642650E+3	-2.940960E+3	6.797840E+3	-1.066717E+4	8.016605E+3	-1.726447E+4
3.870000E+1	-2.018547E+0	3.074593E+0	-2.018119E+0	2.337076E-1	2.365812E+3	-1.862579E+3	4.642650E+3	-2.940960E+3	6.797571E+3	-1.066703E+4	8.016471E+3	-1.726474E+4
3.871000E+1	-2.009414E+0	2.891398E+0	-2.008986E+0	2.338008E-1	2.366644E+3	-1.863072E+3	4.641728E+3	-2.941422E+3	6.796586E+3	-1.066655E+4	8.015054E+3	-1.726480E+4
3.872000E+1	-2.000273E+0	2.992446E+0	-1.999845E+0	2.338941E-1	2.367841E+3	-1.863670E+3	4.640535E+3	-2.942020E+3	6.795389E+3	-1.066597E+4	8.013259E+3	-1.726480E+4
3.873000E+1	-1.990998E+0	3.127164E+0	-1.990570E+0	2.339888E-1	2.369038E+3	-1.864269E+3	4.639341E+3	-2.942619E+3	6.794192E+3	-1.066539E+4	8.011464E+3	-1.726480E+4
3.874000E+1	-1.981811E+0	3.001322E+0	-1.981383E+0	2.340825E-1	2.369867E+3	-1.865863E+3	4.639908E+3	-2.941854E+3	6.796616E+3	-1.066419E+4	8.009549E+3	-1.726290E+4
3.875000E+1	-1.972116E+0	2.986510E+0	-1.971687E+0	2.341814E-1	2.369420E+3	-1.866205E+3	4.640695E+3	-2.940960E+3	6.797405E+3	-1.066341E+4	8.010995E+3	-1.726280E+4
3.876000E+1	-1.962560E+0	2.946317E+0	-1.962132E+0	2.342789E-1	2.369420E+3	-1.866070E+3	4.640562E+3	-2.940960E+3	6.797270E+3	-1.066355E+4	8.011130E+3	-1.726267E+4
3.877000E+1	-1.953074E+0	3.032845E+0	-1.952646E+0	2.343757E-1	2.369420E+3	-1.865936E+3	4.640428E+3	-2.940960E+3	6.797136E+3	-1.066368E+4	8.011264E+3	-1.726254E+4
3.878000E+1	-1.943009E+0	3.161586E+0	-1.942581E+0	2.344784E-1	2.369420E+3	-1.865801E+3	4.640294E+3	-2.940960E+3	6.797001E+3	-1.066382E+4	8.011399E+3	-1.726241E+4
3.879000E+1	-1.933557E+0	3.012858E+0	-1.933129E+0	2.345749E-1	2.369420E+3	-1.865667E+3	4.640161E+3	-2.940960E+3	6.796867E+3	-1.066396E+4	8.011533E+3	-1.726227E+4
3.880000E+1	-1.922814E+0	2.911615E+0	-1.922386E+0	2.346845E-1	2.369420E+3	-1.865533E+3	4.640027E+3	-2.940960E+3	6.796733E+3	-1.066410E+4	8.011667E+3	-1.726214E+4
3.881000E+1	-1.911925E+0	3.171461E+0	-1.911497E+0	2.347956E-1	2.369420E+3	-1.865398E+3	4.639893E+3	-2.940960E+3	6.796598E+3	-1.066424E+4	8.011802E+3	-1.726201E+4
3.882000E+1	-1.901929E+0	3.047322E+0	-1.901501E+0	2.348976E-1	2.369420E+3	-1.865264E+3	4.639759E+3	-2.940960E+3	6.796464E+3	-1.066437E+4	8.011936E+3	-1.726188E+4
3.883000E+1	-1.891931E+0	3.093327E+0	-1.891503E+0	2.349996E-1	2.369420E+3	-1.865129E+3	4.639626E+3	-2.940960E+3	6.796329E+3	-1.066451E+4	8.012071E+3	-1.726175E+4
3.884000E+1	-1.882802E+0	2.951285E+0	-1.882374E+0	2.350928E-1	2.369420E+3	-1.864995E+3	4.639492E+3	-2.940960E+3	6.796195E+3	-1.066465E+4	8.012205E+3	-1.726162E+4
3.885000E+1	-1.872621E+0	3.074705E+0	-1.872193E+0	2.351967E-1	2.369420E+3	-1.864861E+3	4.639358E+3	-2.940960E+3	6.796061E+3	-1.066479E+4	8.012339E+3	-1.726149E+4
3.886000E+1	-1.863115E+0	3.186458E+0	-1.862687E+0	2.352937E-1	2.369420E+3	-1.864726E+3	4.639225E+3	-2.940960E+3	6.795926E+3	-1.066493E+4	8.012474E+3	-1.726136E+4
3.887000E+1	-1.854501E+0	2.997804E+0	-1.854073E+0	2.353816E-1	2.369420E+3	-1.864592E+3	4.639091E+3	-2.940960E+3	6.795792E+3	-1.066506E+4	8.012608E+3	-1.726123E+4
3.888000E+1	-1.844783E+0	3.063895E+0	-1.844355E+0	2.354807E-1	2.369428E+3	-1.864452E+3	4.638960E+3	-2.940960E+3	6.795645E+3	-1.066522E+4	8.012710E+3	-1.726111E+4
3.889000E+1	-1.834886E+0	2.934527E+0	-1.834458E+0	2.355817E-1	2.369814E+3	-1.864066E+3	4.638960E+3	-2.940960E+3	6.794872E+3	-1.066599E+4	8.011164E+3	-1.726148E+4
3.890000E+1	-1.825077E+0	3.147772E+0	-1.824649E+0	2.356818E-1	2.370201E+3	-1.863679E+3	4.638960E+3	-2.940960E+3	6.794099E+3	-1.066676E+4	8.009618E+3	-1.726186E+4
3.891000E+1	-1.815330E+0	3.136999E+0	-1.814902E+0	2.357813E-1	2.370587E+3	-1.863293E+3	4.638960E+3	-2.940960E+3	6.793326E+3	-1.066753E+4	8.008072E+3	-1.726224E+4
3.892000E+1	-1.803747E+0	2.956917E+0	-1.803319E+0	2.358995E-1	2.370973E+3	-1.862907E+3	4.638960E+3	-2.940960E+3	6.792553E+3	-1.066831E+4	8.006526E+3	-1.726261E+4
3.893000E+1	-1.792878E+0	2.992218E+0	-1.792450E+0	2.360104E-1	2.365823E+3	-1.860811E+3	4.637161E+3	-2.946459E+3	6.784663E+3	-1.066685E+4	7.992595E+3	-1.726655E+4
3.894000E+1	-1.782440E+0	3.105673E+0	-1.782012E+0	2.361169E-1	2.366596E+3	-1.861198E+3	4.637548E+3	-2.946072E+3	6.785436E+3	-1.066570E+4	7.994141E+3	-1.726617E+4
3.895000E+1	-1.771425E+0	3.084037E+0	-1.770997E+0	2.362293E-1	2.367369E+3	-1.861584E+3	4.637934E+3	-2.945686E+3	6.786209E+3	-1.066455E+4	7.995687E+3	-1.726580E+4
3.896000E+1	-1.760997E+0	3.060237E+0	-1.760569E+0	2.363357E-1	2.368141E+3	-1.861971E+3	4.638321E+3	-2.945299E+3	6.786981E+3	-1.066340E+4	7.997233E+3	-1.726542E+4
3.897000E+1	-1.751294E+0	2.824194E+0	-1.750866E+0	2.364347E-1	2.368914E+3	-1.862357E+3	4.638707E+3	-2.944913E+3	6.787754E+3	-1.066225E+4	7.998779E+3	-1.726505E+4
3.898000E+1	-1.741768E+0	3.196548E+0	-1.741340E+0	2.365319E-1	2.369687E+3	-1.862610E+3	4.639093E+3	-2.944526E+3	6.788260E+3	-1.066163E+4	7.999924E+3	-1.726466E+4
3.899000E+1	-1.731616E+0	3.110758E+0	-1.731188E+0	2.366355E-1	2.370460E+3	-1.862610E+3	4.639477E+3	-2.944140E+3	6.788260E+3	-1.066201E+4	8.000310E+3	-1.726427E+4
3.900000E+1	-1.720327E+0	3.104237E+0	-1.719899E+0	2.367507E-1	2.371233E+3	-1.862610E+3	4.639862E+3	-2.943753E+3	6.788260E+3	-1.066238E+4	8.000697E+3	-1.726387E+4
3.901000E+1	-1.710434E+0	2.955484E+0	-1.710006E+0	2.368517E-1	2.372006E+3	-1.862610E+3	4.640246E+3	-2.943367E+3	6.788260E+3	-1.066276E+4	8.001083E+3	-1.726347E+4
3.902000E+1	-1.699717E+0	3.002448E+0	-1.699289E+0	2.369610E-1	2.372779E+3	-1.862610E+3	4.640630E+3	-2.942981E+3	6.788260E+3	-1.066313E+4	8.001469E+3	-1.726308E+4
3.903000E+1	-1.689433E+0	3.176120E+0	-1.689004E+0	2.370660E-1	2.372149E+3	-1.861962E+3	4.640800E+3	-2.942810E+3	6.787612E+3	-1.066395E+4	8.000992E+3	-1.726323E+4
3.904000E+1	-1.679580E+0	3.061125E+0	-1.679152E+0	2.371665E-1	2.370410E+3	-1.860803E+3	4.640800E+3	-2.942810E+3	6.786453E+3	-1.066511E+4	7.999833E+3	-1.726383E+4
3.905000E+1	-1.670163E+0	3.001569E+0	-1.669735E+0	2.372626E-1	2.368671E+3	-1.859644E+3	4.640800E+3	-2.942810E+3	6.785294E+3	-1.066627E+4	7.998674E+3	-1.726442E+4
3.906000E+1	-1.660469E+0	2.968588E+0	-1.660041E+0	2.373615E-1	2.367428E+3	-1.859336E+3	4.640659E+3	-2.942952E+3	6.784418E+3	-1.066658E+4	7.997940E+3	-1.726494E+4
3.907000E+1	-1.651216E+0	3.101945E+0	-1.650788E+0	2.374559E-1	2.367042E+3	-1.860495E+3	4.640275E+3	-2.943338E+3	6.784032E+3	-1.066543E+4	7.997940E+3	-1.726531E+4
3.908000E+1	-1.641257E+0	3.214863E+0	-1.640829E+0	2.375575E-1	2.366655E+3	-1.861654E+3	4.639890E+3	-2.943725E+3	6.783645E+3	-1.066428E+4	7.997940E+3	-1.726569E+4
3.909000E+1	-1.631310E+0	3.000448E+0	-1.630882E+0	2.376590E-1	2.366269E+3	-1.862814E+3	4.639506E+3	-2.944111E+3	6.783259E+3	-1.066313E+4	7.997940E+3	-1.726607E+4
3.910000E+1	-1.622094E+0	2.968439E+0	-1.621666E+0	2.377531E-1	2.365882E+3	-1.863973E+3	4.639121E+3	-2.944498E+3	6.782872E+3	-1.066198E+4	7.997940E+3	-1.726644E+4
3.911000E+1	-1.611695E+0	3.210643E+0	-1.611267E+0	2.378592E-1	2.365720E+3	-1.864621E+3	4.638960E+3	-2.944821E+3	6.782710E+3	-1.066166E+4	7.997619E+3	-1.726644E+4
3.912000E+1	-1.601379E+0	3.096908E+0	-1.600951E+0	2.379645E-1	2.365720E+3	-1.864897E+3	4.638960E+3	-2.945097E+3	6.782710E+3	-1.066193E+4	7.997065E+3	-1.726617E+4
3.913000E+1	-1.592004E+0	3.093756E+0	-1.591576E+0	2.380601E-1	2.365720E+3	-1.865174E+3	4.638960E+3	-2.945374E+3	6.782710E+3	-1.066219E+4	7.996511E+3	-1.726591E+4
3.914000E+1	-1.583397E+0	2.944391E+0	-1.582969E+0	2.381479E-1	2.365720E+3	-1.865451E+3	4.638960E+3	-2.945651E+3	6.782710E+3	-1.066246E+4	7.995958E+3	-1.726564E+4
3.915000E+1	-1.574873E+0	3.082890E+0	-1.574445E+0	2.382349E-1	2.365720E+3	-1.865728E+3	4.638960E+3	-2.945928E+3	6.782710E+3	-1.066273E+4	7.995404E+3	-1.726537E+4
3.916000E+1	-1.565862E+0	3.195069E+0	-1.565434E+0	2.383269E-1	2.365720E+3	-1.866005E+3	4.638960E+3	-2.946205E+3	6.782710E+3	-1.066300E+4	7.994850E+3	-1.726510E+4
3.917000E+1	-1.555634E+0	2.975144E+0	-1.555205E+0	2.384313E-1	2.365720E+3	-1.866282E+3	4.638960E+3	-2.946482E+3	6.782710E+3	-1.066327E+4	7.994297E+3	-1.726483E+4
3.918000E+1	-1.545128E+0	3.095582E+0	-1.544700E+0	2.385385E-1	2.366444E+3	-1.864862E+3	4.638960E+3	-2.946510E+3	6.783434E+3	-1.066330E+4	7.994240E+3	-1.726480E+4
3.919000E+1	-1.534620E+0	2.947818E+0	-1.534192E+0	2.386457E-1	2.367251E+3	-1.863249E+3	4.638960E+3	-2.946510E+3	6.784241E+3	-1.066330E+4	7.994240E+3	-1.726480E+4
3.920000E+1	-1.525298E+0	3.200281E+0	-1.524870E+0	2.387408E-1	2.367834E+3	-1.862346E+3	4.638960E+3	-2.946510E+3	6.784428E+3	-1.066304E+4	7.994504E+3	-1.726466E+4
3.921000E+1	-1.516409E+0	3.112194E+0	-1.515981E+0	2.388315E-1	2.368270E+3	-1.861910E+3	4.638960E+3	-2.946510E+3	6.784210E+3	-1.066260E+4	7.994940E+3	-1.726444E+4
3.922000E+1	-1.508481E+0	2.994638E+0	-1.508053E+0	2.389124E-1	2.368706E+3	-1.861474E+3	4.638960E+3	-2.946510E+3	6.783992E+3	-1.066216E+4	7.995376E+3	-1.726422E+4
3.923000E+1	-1.500245E+0	2.943255E+0	-1.499817E+0	2.389964E-1	2.369143E+3	-1.861037E+3	4.638960E+3	-2.946510E+3	6.783774E+3	-1.066173E+4	7.995813E+3	-1.726399E+4
3.924000E+1	-1.490793E+0	3.144657E+0	-1.490365E+0	2.390929E-1	2.369579E+3	-1.860601E+3	4.638960E+3	-2.946510E+3	6.783555E+3	-1.066129E+4	7.996249E+3	-1.726377E+4
3.925000E+1	-1.481214E+0	3.126094E+0	-1.480785E+0	2.391906E-1	2.370016E+3	-1.860164E+3	4.638960E+3	-2.946510E+3	6.783337E+3	-1.066085E+4	7.996686E+3	-1.726354E+4
3.926000E+1	-1.471399E+0	3.131943E+0	-1.470971E+0	2.392908E-1	2.370452E+3	-1.859728E+3	4.638960E+3	-2.946510E+3	6.783119E+3	-1.066042E+4	7.997122E+3	-1.726332E+4
3.927000E+1	-1.460564E+0	2.871941E+0	-1.460136E+0	2.394013E-1	2.370889E+3	-1.859291E+3	4.638960E+3	-2.946510E+3	6.782901E+3	-1.065998E+4	7.997559E+3	-1.726310E+4
3.928000E+1	-1.451119E+0	3.254696E+0	-1.450691E+0	2.394977E-1	2.371258E+3	-1.860772E+3	4.640789E+3	-2.944637E+3	6.782710E+3	-1.066330E+4	7.997928E+3	-1.726480E+4
3.929000E+1	-1.441017E+0	3.144617E+0	-1.440589E+0	2.396008E-1	2.370827E+3	-1.861203E+3	4.640359E+3	-2.943774E+3	6.782710E+3	-1.066330E+4	7.997497E+3	-1.726480E+4
3.930000E+1	-1.431094E+0	3.093691E+0	-1.430666E+0	2.397021E-1	2.370396E+3	-1.861634E+3	4.639930E+3	-2.942911E+3	6.782710E+3	-1.066330E+4	7.997066E+3	-1.726480E+4
3.931000E+1	-1.420806E+0	2.939530E+0	-1.420378E+0	2.398070E-1	2.369964E+3	-1.862066E+3	4.639501E+3	-2.942049E+3	6.782710E+3	-1.066330E+4	7.996634E+3	-1.726480E+4
3.932000E+1	-1.411144E+0	2.945716E+0	-1.410716E+0	2.399056E-1	2.369533E+3	-1.862497E+3	4.639072E+3	-2.941186E+3	6.782710E+3	-1.066330E+4	7.996203E+3	-1.726480E+4
3.933000E+1	-1.400261E+0	3.148885E+0	-1.399833E+0	2.400167E-1	2.369420E+3	-1.863099E+3	4.638960E+3	-2.941449E+3	6.782221E+3	-1.066232E+4	7.996090E+3	-1.726480E+4
3.934000E+1	-1.390003E+0	3.069261E+0	-1.389575E+0	2.401214E-1	2.369420E+3	-1.863760E+3	4.638960E+3	-2.942110E+3	6.781560E+3	-1.066100E+4	7.996090E+3	-1.726480E+4
3.935000E+1	-1.378198E+0	3.022524E+0	-1.377770E+0	2.402418E-1	2.369420E+3	-1.864422E+3	4.638960E+3	-2.942772E+3	6.780898E+3	-1.065968E+4	7.996090E+3	-1.726480E+4
3.936000E+1	-1.367282E+0	3.041379E+0	-1.366854E+0	2.403532E-1	2.369113E+3	-1.863846E+3	4.638960E+3	-2.943117E+3	6.780860E+3	-1.065992E+4	7.995169E+3	-1.726480E+4
3.937000E+1	-1.357758E+0	3.114009E+0	-1.357330E+0	2.404504E-1	2.368787E+3	-1.863195E+3	4.638960E+3	-2.943443E+3	6.780860E+3	-1.066025E+4	7.994192E+3	-1.726480E+4
3.938000E+1	-1.348116E+0	3.103978E+0	-1.347688E+0	2.405488E-1	2.368462E+3	-1.862544E+3	4.638960E+3	-2.943768E+3	6.780860E+3	-1.066058E+4	7.993216E+3	-1.726480E+4
3.939000E+1	-1.338762E+0	2.952679E+0	-1.338334E+0	2.406442E-1	2.368136E+3	-1.861892E+3	4.638960E+3	-2.944094E+3	6.780860E+3	-1.066092E+4	7.992239E+3	-1.726480E+4
3.940000E+1	-1.329303E+0	2.966334E+0	-1.328875E+0	2.407407E-1	2.367811E+3	-1.861241E+3	4.638960E+3	-2.944419E+3	6.780860E+3	-1.066125E+4	7.991262E+3	-1.726480E+4
3.941000E+1	-1.318660E+0	3.219391E+0	-1.318232E+0	2.408493E-1	2.367663E+3	-1.860946E+3	4.638960E+3	-2.944660E+3	6.780767E+3	-1.066150E+4	7.990354E+3	-1.726470E+4
3.942000E+1	-1.308952E+0	3.058823E+0	-1.308524E+0	2.409484E-1	2.368020E+3	-1.861660E+3	4.638960E+3	-2.944660E+3	6.780413E+3	-1.066150E+4	7.989643E+3	-1.726434E+4
3.943000E+1	-1.298884E+0	3.113966E+0	-1.298456E+0	2.410511E-1	2.368377E+3	-1.862373E+3	4.638960E+3	-2.944660E+3	6.780058E+3	-1.066150E+4	7.988931E+3	-1.726397E+4
3.944000E+1	-1.289192E+0	2.944390E+0	-1.288764E+0	2.411500E-1	2.368733E+3	-1.863086E+3	4.638960E+3	-2.944660E+3	6.779703E+3	-1.066150E+4	7.988220E+3	-1.726361E+4
3.945000E+1	-1.278209E+0	3.093073E+0	-1.277781E+0	2.412621E-1	2.369090E+3	-1.863800E+3	4.638960E+3	-2.944660E+3	6.779348E+3	-1.066150E+4	7.987508E+3	-1.726324E+4
3.946000E+1	-1.268055E+0	3.121774E+0	-1.267627E+0	2.413657E-1	2.369420E+3	-1.864460E+3	4.638868E+3	-2.944845E+3	6.778835E+3	-1.066141E+4	7.987034E+3	-1.726299E+4
3.947000E+1	-1.256832E+0	3.054801E+0	-1.256404E+0	2.414802E-1	2.369420E+3	-1.864460E+3	4.637631E+3	-2.947318E+3	6.776362E+3	-1.066013E+4	7.989501E+3	-1.726427E+4
3.948000E+1	-1.246633E+0	3.095763E+0	-1.246205E+0	2.415843E-1	2.369420E+3	-1.864371E+3	4.637110E+3	-2.948271E+3	6.775141E+3	-1.065987E+4	7.990183E+3	-1.726489E+4
3.949000E+1	-1.236690E+0	2.940373E+0	-1.236262E+0	2.416858E-1	2.369420E+3	-1.864216E+3	4.637110E+3	-2.948116E+3	6.774832E+3	-1.066034E+4	7.989565E+3	-1.726504E+4
3.950000E+1	-1.226531E+0	3.125686E+0	-1.226103E+0	2.417894E-1	2.369420E+3	-1.864061E+3	4.637110E+3	-2.947961E+3	6.774523E+3	-1.066081E+4	7.988948E+3	-1.726519E+4
3.951000E+1	-1.216274E+0	3.092304E+0	-1.215846E+0	2.418941E-1	2.369420E+3	-1.863907E+3	4.637110E+3	-2.947807E+3	6.774214E+3	-1.066127E+4	7.988331E+3	-1.726534E+4
3.952000E+1	-1.205290E+0	2.958744E+0	-1.204862E+0	2.420062E-1	2.369420E+3	-1.863752E+3	4.637110E+3	-2.947652E+3	6.773905E+3	-1.066174E+4	7.987713E+3	-1.726549E+4
3.953000E+1	-1.194900E+0	2.997523E+0	-1.194472E+0	2.421122E-1	2.369420E+3	-1.863598E+3	4.637110E+3	-2.947498E+3	6.773596E+3	-1.066221E+4	7.987096E+3	-1.726564E+4
3.954000E+1	-1.185400E+0	3.060723E+0	-1.184972E+0	2.422091E-1	2.369420E+3	-1.863443E+3	4.637110E+3	-2.947343E+3	6.773287E+3	-1.066268E+4	7.986479E+3	-1.726579E+4
3.955000E+1	-1.174772E+0	3.089384E+0	-1.174344E+0	2.423176E-1	2.369420E+3	-1.863289E+3	4.637110E+3	-2.947189E+3	6.772978E+3	-1.066315E+4	7.985861E+3	-1.726594E+4
3.956000E+1	-1.163745E+0	3.078672E+0	-1.163317E+0	2.424301E-1	2.369420E+3	-1.863134E+3	4.637110E+3	-2.947034E+3	6.772668E+3	-1.066361E+4	7.985244E+3	-1.726609E+4
3.957000E+1	-1.154002E+0	2.956985E+0	-1.153574E+0	2.425295E-1	2.369420E+3	-1.862980E+3	4.637110E+3	-2.946880E+3	6.772359E+3	-1.066408E+4	7.984627E+3	-1.726624E+4
3.958000E+1	-1.144115E+0	3.151033E+0	-1.143687E+0	2.426304E-1	2.369420E+3	-1.862825E+3	4.637110E+3	-2.946725E+3	6.772050E+3	-1.066455E+4	7.984009E+3	-1.726639E+4
3.959000E+1	-1.133320E+0	3.123195E+0	-1.132892E+0	2.427406E-1	2.369420E+3	-1.862671E+3	4.637110E+3	-2.946571E+3	6.771741E+3	-1.066502E+4	7.983392E+3	-1.726654E+4
3.960000E+1	-1.122757E+0	3.055658E+0	-1.122329E+0	2.428484E-1	2.367281E+3	-1.863881E+3	4.637110E+3	-2.943389E+3	6.769770E+3	-1.066150E+4	7.980432E+3	-1.726820E+4
3.961000E+1	-1.113723E+0	2.997519E+0	-1.113295E+0	2.429405E-1	2.366805E+3	-1.862929E+3	4.637110E+3	-2.944341E+3	6.769770E+3	-1.066150E+4	7.979004E+3	-1.726771E+4
3.962000E+1	-1.104762E+0	2.958450E+0	-1.104333E+0	2.430320E-1	2.366329E+3	-1.861977E+3	4.637110E+3	-2.945293E+3	6.769770E+3	-1.066150E+4	7.977576E+3	-1.726723E+4
3.963000E+1	-1.094974E+0	3.193257E+0	-1.094546E+0	2.431319E-1	2.365853E+3	-1.861025E+3	4.637110E+3	-2.946245E+3	6.769770E+3	-1.066150E+4	7.976148E+3	-1.726674E+4
3.964000E+1	-1.085482E+0	3.037205E+0	-1.085053E+0	2.432287E-1	2.365999E+3	-1.861039E+3	4.637110E+3	-2.946789E+3	6.769491E+3	-1.066121E+4	7.975750E+3	-1.726660E+4
3.965000E+1	-1.074937E+0	3.070637E+0	-1.074509E+0	2.433363E-1	2.366385E+3	-1.861425E+3	4.637110E+3	-2.947175E+3	6.769105E+3	-1.066082E+4	7.975750E+3	-1.726660E+4
3.966000E+1	-1.063677E+0	3.057616E+0	-1.063249E+0	2.434512E-1	2.366772E+3	-1.861812E+3	4.637110E+3	-2.947562E+3	6.768718E+3	-1.066042E+4	7.975750E+3	-1.726660E+4
3.967000E+1	-1.053571E+0	3.186235E+0	-1.053143E+0	2.435543E-1	2.367158E+3	-1.862198E+3	4.637110E+3	-2.947948E+3	6.768332E+3	-1.066002E+4	7.975750E+3	-1.726660E+4
3.968000E+1	-1.044687E+0	3.197252E+0	-1.044259E+0	2.436450E-1	2.367544E+3	-1.862584E+3	4.637110E+3	-2.948334E+3	6.767946E+3	-1.065963E+4	7.975750E+3	-1.726660E+4
3.969000E+1	-1.035168E+0	3.040377E+0	-1.034740E+0	2.437421E-1	2.368111E+3	-1.861527E+3	4.636569E+3	-2.948360E+3	6.766837E+3	-1.065960E+4	7.976291E+3	-1.726716E+4
3.970000E+1	-1.025295E+0	2.939518E+0	-1.024867E+0	2.438429E-1	2.368691E+3	-1.860368E+3	4.635989E+3	-2.948360E+3	6.765678E+3	-1.065960E+4	7.976871E+3	-1.726775E+4
3.971000E+1	-1.015466E+0	3.243329E+0	-1.015038E+0	2.439432E-1	2.369271E+3	-1.859208E+3	4.635409E+3	-2.948360E+3	6.764518E+3	-1.065960E+4	7.977451E+3	-1.726835E+4
3.972000E+1	-1.005658E+0	3.074092E+0	-1.005230E+0	2.440432E-1	2.368880E+3	-1.858640E+3	4.635260E+3	-2.948090E+3	6.763680E+3	-1.066042E+4	7.976520E+3	-1.726850E+4
3.973000E+1	-9.964256E-1	3.127945E+0	-9.959976E-1	2.441375E-1	2.368152E+3	-1.858276E+3	4.635260E+3	-2.947726E+3	6.762952E+3	-1.066152E+4	7.975065E+3	-1.726850E+4
3.974000E+1	-9.870953E-1	2.864174E+0	-9.866673E-1	2.442327E-1	2.367425E+3	-1.857912E+3	4.635260E+3	-2.947362E+3	6.762225E+3	-1.066262E+4	7.973610E+3	-1.726850E+4
3.975000E+1	-9.779157E-1	3.108207E+0	-9.774876E-1	2.443263E-1	2.366698E+3	-1.857549E+3	4.635260E+3	-2.946999E+3	6.761498E+3	-1.066372E+4	7.972155E+3	-1.726850E+4
3.976000E+1	-9.696170E-1	3.126169E+0	-9.691889E-1	2.444110E-1	2.365970E+3	-1.857185E+3	4.635260E+3	-2.946635E+3	6.760770E+3	-1.066482E+4	7.970700E+3	-1.726850E+4
3.977000E+1	-9.598003E-1	3.069315E+0	-9.593723E-1	2.445112E-1	2.365538E+3	-1.857242E+3	4.635078E+3	-2.946692E+3	6.760338E+3	-1.066501E+4	7.970018E+3	-1.726886E+4
3.978000E+1	-9.498775E-1	3.033862E+0	-9.494494E-1	2.446124E-1	2.365261E+3	-1.857519E+3	4.634801E+3	-2.946969E+3	6.760061E+3	-1.066473E+4	7.969741E+3	-1.726942E+4
3.979000E+1	-9.404898E-1	3.018839E+0	-9.400617E-1	2.447082E-1	2.364985E+3	-1.857795E+3	4.634525E+3	-2.947245E+3	6.759785E+3	-1.066444E+4	7.969465E+3	-1.726997E+4
3.980000E+1	-9.304886E-1	3.171784E+0	-9.300605E-1	2.448103E-1	2.364708E+3	-1.858072E+3	4.634248E+3	-2.947522E+3	6.759508E+3	-1.066416E+4	7.969188E+3	-1.727052E+4
3.981000E+1	-9.209182E-1	3.145727E+0	-9.204902E-1	2.449079E-1	2.364431E+3	-1.858349E+3	4.633971E+3	-2.947799E+3	6.759231E+3	-1.066388E+4	7.968911E+3	-1.727108E+4
3.982000E+1	-9.117074E-1	2.970741E+0	-9.112793E-1	2.450019E-1	2.364154E+3	-1.858626E+3	4.633694E+3	-2.948076E+3	6.758954E+3	-1.066359E+4	7.968634E+3	-1.727163E+4
3.983000E+1	-9.014778E-1	2.973574E+0	-9.010498E-1	2.451063E-1	2.363877E+3	-1.858903E+3	4.633417E+3	-2.948353E+3	6.758677E+3	-1.066331E+4	7.968357E+3	-1.727219E+4
3.984000E+1	-8.912092E-1	3.150262E+0	-8.907811E-1	2.452111E-1	2.363961E+3	-1.859001E+3	4.633410E+3	-2.948269E+3	6.758670E+3	-1.066321E+4	7.968259E+3	-1.727202E+4
3.985000E+1	-8.815527E-1	3.155100E+0	-8.811247E-1	2.453096E-1	2.364054E+3	-1.859094E+3	4.633410E+3	-2.948176E+3	6.758670E+3	-1.066312E+4	7.968166E+3	-1.727183E+4
3.986000E+1	-8.732120E-1	3.095412E+0	-8.727839E-1	2.453947E-1	2.364147E+3	-1.859187E+3	4.633410E+3	-2.948083E+3	6.758670E+3	-1.066303E+4	7.968073E+3	-1.727165E+4
3.987000E+1	-8.644795E-1	2.922168E+0	-8.640514E-1	2.454838E-1	2.364240E+3	-1.859280E+3	4.633410E+3	-2.947990E+3	6.758670E+3	-1.066294E+4	7.967980E+3	-1.727146E+4
3.988000E+1	-8.544565E-1	3.171274E+0	-8.540285E-1	2.455861E-1	2.364334E+3	-1.859374E+3	4.633410E+3	-2.947896E+3	6.758670E+3	-1.066285E+4	7.967886E+3	-1.727127E+4
3.989000E+1	-8.435906E-1	3.184202E+0	-8.431626E-1	2.456970E-1	2.364427E+3	-1.859467E+3	4.633410E+3	-2.947803E+3	6.758670E+3	-1.066276E+4	7.967793E+3	-1.727109E+4
3.990000E+1	-8.337841E-1	3.108711E+0	-8.333560E-1	2.457971E-1	2.364520E+3	-1.859560E+3	4.633410E+3	-2.947710E+3	6.758670E+3	-1.066267E+4	7.967700E+3	-1.727090E+4
3.991000E+1	-8.239008E-1	3.050621E+0	-8.234728E-1	2.458979E-1	2.364613E+3	-1.859653E+3	4.633410E+3	-2.947617E+3	6.758670E+3	-1.066258E+4	7.967607E+3	-1.727071E+4
3.992000E+1	-8.130241E-1	2.991134E+0	-8.125960E-1	2.460089E-1	2.364707E+3	-1.859747E+3	4.633410E+3	-2.947523E+3	6.758670E+3	-1.066249E+4	7.967513E+3	-1.727053E+4
3.993000E+1	-8.016313E-1	3.222516E+0	-8.012032E-1	2.461252E-1	2.364800E+3	-1.859840E+3	4.633410E+3	-2.947430E+3	6.758670E+3	-1.066240E+4	7.967420E+3	-1.727034E+4
3.994000E+1	-7.906949E-1	3.110661E+0	-7.902668E-1	2.462367E-1	2.364893E+3	-1.859933E+3	4.633410E+3	-2.947337E+3	6.758670E+3	-1.066230E+4	7.967327E+3	-1.727015E+4
3.995000E+1	-7.795373E-1	3.041880E+0	-7.791092E-1	2.463506E-1	2.364986E+3	-1.860026E+3	4.633410E+3	-2.947244E+3	6.758670E+3	-1.066221E+4	7.967234E+3	-1.726997E+4
3.996000E+1	-7.691267E-1	2.958843E+0	-7.686986E-1	2.464568E-1	2.365079E+3	-1.860119E+3	4.633410E+3	-2.947151E+3	6.758670E+3	-1.066212E+4	7.967141E+3	-1.726978E+4
3.997000E+1	-7.585179E-1	3.144954E+0	-7.580899E-1	2.465651E-1	2.365173E+3	-1.860213E+3	4.633410E+3	-2.947057E+3	6.758670E+3	-1.066203E+4	7.967047E+3	-1.726959E+4
3.998000E+1	-7.483133E-1	3.203365E+0	-7.478852E-1	2.466692E-1	2.365266E+3	-1.860306E+3	4.633410E+3	-2.946964E+3	6.758670E+3	-1.066194E+4	7.966954E+3	-1.726941E+4
3.999000E+1	-7.373849E-1	3.094162E+0	-7.369569E-1	2.467807E-1	2.365359E+3	-1.860399E+3	4.633410E+3	-2.946871E+3	6.758670E+3	-1.066185E+4	7.966861E+3	-1.726922E+4
4.000000E+1	-7.276016E-1	2.970627E+0	-7.271736E-1	2.468806E-1	2.365452E+3	-1.860492E+3	4.633410E+3	-2.946778E+3	6.758670E+3	-1.066176E+4	7.966768E+3	-1.726904E+4
4.001000E+1	-7.172378E-1	3.156452E+0	-7.168097E-1	2.469863E-1	2.365545E+3	-1.860585E+3	4.633410E+3	-2.946685E+3	6.758670E+3	-1.066167E+4	7.966675E+3	-1.726885E+4
4.002000E+1	-7.075178E-1	3.036115E+0	-7.070897E-1	2.470855E-1	2.365639E+3	-1.860679E+3	4.633410E+3	-2.946591E+3	6.758670E+3	-1.066158E+4	7.966581E+3	-1.726866E+4
4.003000E+1	-6.975129E-1	3.138990E+0	-6.970848E-1	2.471876E-1	2.365689E+3	-1.857060E+3	4.633410E+3	-2.948360E+3	6.747523E+3	-1.066518E+4	7.953534E+3	-1.727403E+4
4.004000E+1	-6.880995E-1	2.927769E+0	-6.876714E-1	2.472836E-1	2.365443E+3	-1.857060E+3	4.633410E+3	-2.948360E+3	6.747155E+3	-1.066506E+4	7.953412E+3	-1.727428E+4
4.005000E+1	-6.789333E-1	3.037544E+0	-6.785052E-1	2.473772E-1	2.365197E+3	-1.857060E+3	4.633410E+3	-2.948360E+3	6.746786E+3	-1.066493E+4	7.953289E+3	-1.727452E+4
4.006000E+1	-6.684852E-1	3.246780E+0	-6.680571E-1	2.474838E-1	2.364952E+3	-1.857060E+3	4.633410E+3	-2.948360E+3	6.746418E+3	-1.066481E+4	7.953166E+3	-1.727477E+4
4.007000E+1	-6.591970E-1	3.053683E+0	-6.587689E-1	2.475786E-1	2.364706E+3	-1.857060E+3	4.633410E+3	-2.948360E+3	6.746049E+3	-1.066468E+4	7.953043E+3	-1.727501E+4
4.008000E+1	-6.494691E-1	3.084061E+0	-6.490410E-1	2.476778E-1	2.364460E+3	-1.857060E+3	4.633410E+3	-2.948360E+3	6.745681E+3	-1.066455E+4	7.952920E+3	-1.727526E+4
4.009000E+1	-6.399695E-1	2.914829E+0	-6.395414E-1	2.477748E-1	2.364215E+3	-1.857060E+3	4.633410E+3	-2.948360E+3	6.745312E+3	-1.066443E+4	7.952797E+3	-1.727551E+4
4.010000E+1	-6.312650E-1	3.136457E+0	-6.308369E-1	2.478636E-1	2.363969E+3	-1.857060E+3	4.633410E+3	-2.948360E+3	6.744943E+3	-1.066430E+4	7.952674E+3	-1.727575E+4
4.011000E+1	-6.219564E-1	3.202838E+0	-6.215283E-1	2.479586E-1	2.363723E+3	-1.857060E+3	4.633410E+3	-2.948360E+3	6.744575E+3	-1.066417E+4	7.952552E+3	-1.727600E+4
4.012000E+1	-6.132962E-1	3.036859E+0	-6.128681E-1	2.480469E-1	2.363478E+3	-1.857060E+3	4.633410E+3	-2.948360E+3	6.744206E+3	-1.066405E+4	7.952429E+3	-1.727624E+4
4.013000E+1	-6.044603E-1	2.975423E+0	-6.040323E-1	2.481371E-1	2.363232E+3	-1.857060E+3	4.633410E+3	-2.948360E+3	6.743838E+3	-1.066392E+4	7.952306E+3	-1.727649E+4
4.014000E+1	-5.954056E-1	3.188475E+0	-5.949775E-1	2.482295E-1	2.362986E+3	-1.857060E+3	4.633410E+3	-2.948360E+3	6.743469E+3	-1.066380E+4	7.952183E+3	-1.727673E+4
4.015000E+1	-5.866598E-1	3.185150E+0	-5.862318E-1	2.483187E-1	2.362741E+3	-1.857060E+3	4.633410E+3	-2.948360E+3	6.743101E+3	-1.066367E+4	7.952060E+3	-1.727698E+4
4.016000E+1	-5.779188E-1	3.191450E+0	-5.774907E-1	2.484079E-1	2.362495E+3	-1.857060E+3	4.633410E+3	-2.948360E+3	6.742732E+3	-1.066354E+4	7.951937E+3	-1.727723E+4
4.017000E+1	-5.690340E-1	2.952252E+0	-5.686059E-1	2.484986E-1	2.362249E+3	-1.857060E+3	4.633410E+3	-2.948360E+3	6.742364E+3	-1.066342E+4	7.951815E+3	-1.727747E+4
4.018000E+1	-5.607746E-1	3.235392E+0	-5.603466E-1	2.485829E-1	2.362041E+3	-1.860718E+3	4.631539E+3	-2.953910E+3	6.738299E+3	-1.065964E+4	7.944300E+3	-1.727590E+4
4.019000E+1	-5.513995E-1	3.155111E+0	-5.509714E-1	2.486785E-1	2.362356E+3	-1.860089E+3	4.631224E+3	-2.953910E+3	6.737984E+3	-1.066027E+4	7.944300E+3	-1.727590E+4
4.020000E+1	-5.419529E-1	3.113084E+0	-5.415249E-1	2.487749E-1	2.362670E+3	-1.859460E+3	4.630910E+3	-2.953910E+3	6.737670E+3	-1.066090E+4	7.944300E+3	-1.727590E+4
4.021000E+1	-5.334511E-1	3.062322E+0	-5.330231E-1	2.488617E-1	2.362984E+3	-1.858831E+3	4.630596E+3	-2.953910E+3	6.737356E+3	-1.066153E+4	7.944300E+3	-1.727590E+4
4.022000E+1	-5.245167E-1	2.979774E+0	-5.240886E-1	2.489529E-1	2.363299E+3	-1.858203E+3	4.630281E+3	-2.953910E+3	6.737041E+3	-1.066216E+4	7.944300E+3	-1.727590E+4
4.023000E+1	-5.145809E-1	3.280448E+0	-5.141529E-1	2.490542E-1	2.363613E+3	-1.857574E+3	4.629967E+3	-2.953910E+3	6.736727E+3	-1.066279E+4	7.944300E+3	-1.727590E+4
4.024000E+1	-5.056704E-1	3.108108E+0	-5.052424E-1	2.491452E-1	2.363870E+3	-1.856721E+3	4.629710E+3	-2.953740E+3	6.736300E+3	-1.066347E+4	7.943961E+3	-1.727607E+4
4.025000E+1	-4.954905E-1	3.130361E+0	-4.950625E-1	2.492490E-1	2.363870E+3	-1.854866E+3	4.629710E+3	-2.952813E+3	6.735373E+3	-1.066443E+4	7.942106E+3	-1.727697E+4
4.026000E+1	-4.859597E-1	3.065661E+0	-4.855316E-1	2.493463E-1	2.363773E+3	-1.853554E+3	4.629807E+3	-2.952060E+3	6.734620E+3	-1.066501E+4	7.940697E+3	-1.727770E+4
4.027000E+1	-4.756468E-1	3.113964E+0	-4.752187E-1	2.494515E-1	2.363258E+3	-1.854585E+3	4.630322E+3	-2.952060E+3	6.734620E+3	-1.066398E+4	7.941212E+3	-1.727770E+4
4.028000E+1	-4.659613E-1	3.173488E+0	-4.655333E-1	2.495504E-1	2.362742E+3	-1.855615E+3	4.630838E+3	-2.952060E+3	6.734620E+3	-1.066294E+4	7.941728E+3	-1.727770E+4
4.029000E+1	-4.553483E-1	3.020329E+0	-4.549203E-1	2.496587E-1	2.362227E+3	-1.856646E+3	4.631353E+3	-2.952060E+3	6.734620E+3	-1.066191E+4	7.942243E+3	-1.727770E+4
4.030000E+1	-4.458374E-1	2.968804E+0	-4.454093E-1	2.497557E-1	2.362278E+3	-1.857318E+3	4.631560E+3	-2.952576E+3	6.734620E+3	-1.066150E+4	7.941934E+3	-1.727745E+4
4.031000E+1	-4.358346E-1	3.242617E+0	-4.354065E-1	2.498578E-1	2.362709E+3	-1.857749E+3	4.631560E+3	-2.953439E+3	6.734620E+3	-1.066150E+4	7.941071E+3	-1.727703E+4
4.032000E+1	-4.265415E-1	3.124630E+0	-4.261134E-1	2.499526E-1	2.363141E+3	-1.858181E+3	4.631560E+3	-2.954302E+3	6.734620E+3	-1.066150E+4	7.940208E+3	-1.727661E+4
4.033000E+1	-4.175072E-1	3.148532E+0	-4.170792E-1	2.500448E-1	2.363572E+3	-1.858612E+3	4.631560E+3	-2.955164E+3	6.734620E+3	-1.066150E+4	7.939346E+3	-1.727619E+4
4.034000E+1	-4.077963E-1	2.983501E+0	-4.073682E-1	2.501439E-1	2.363691E+3	-1.858910E+3	4.631201E+3	-2.955939E+3	6.734620E+3	-1.066150E+4	7.938391E+3	-1.727590E+4
4.035000E+1	-3.977711E-1	3.060387E+0	-3.973431E-1	2.502462E-1	2.363111E+3	-1.858910E+3	4.630042E+3	-2.956519E+3	6.734620E+3	-1.066150E+4	7.937232E+3	-1.727590E+4
4.036000E+1	-3.874705E-1	3.228175E+0	-3.870425E-1	2.503513E-1	2.362531E+3	-1.858910E+3	4.628882E+3	-2.957099E+3	6.734620E+3	-1.066150E+4	7.936072E+3	-1.727590E+4
4.037000E+1	-3.771782E-1	3.062407E+0	-3.767501E-1	2.504563E-1	2.362020E+3	-1.858956E+3	4.627906E+3	-2.957564E+3	6.734620E+3	-1.066141E+4	7.935187E+3	-1.727590E+4
4.038000E+1	-3.662999E-1	3.142225E+0	-3.658718E-1	2.505673E-1	2.362020E+3	-1.859342E+3	4.628292E+3	-2.957178E+3	6.734620E+3	-1.066064E+4	7.936346E+3	-1.727590E+4
4.039000E+1	-3.544354E-1	3.017670E+0	-3.540074E-1	2.506884E-1	2.362020E+3	-1.859729E+3	4.628679E+3	-2.956791E+3	6.734620E+3	-1.065986E+4	7.937506E+3	-1.727590E+4
4.040000E+1	-3.437741E-1	3.162243E+0	-3.433460E-1	2.507972E-1	2.362020E+3	-1.860115E+3	4.629065E+3	-2.956405E+3	6.734620E+3	-1.065909E+4	7.938665E+3	-1.727590E+4
4.041000E+1	-3.329062E-1	3.224599E+0	-3.324781E-1	2.509081E-1	2.362020E+3	-1.860501E+3	4.629451E+3	-2.956019E+3	6.734620E+3	-1.065832E+4	7.939824E+3	-1.727590E+4
4.042000E+1	-3.220659E-1	3.054819E+0	-3.216378E-1	2.510187E-1	2.362020E+3	-1.860666E+3	4.629663E+3	-2.955666E+3	6.734478E+3	-1.065789E+4	7.940506E+3	-1.727595E+4
4.043000E+1	-3.104852E-1	3.082129E+0	-3.100572E-1	2.511368E-1	2.362020E+3	-1.860380E+3	4.629520E+3	-2.955380E+3	6.734050E+3	-1.065818E+4	7.940220E+3	-1.727608E+4
4.044000E+1	-2.994224E-1	3.177661E+0	-2.989943E-1	2.512497E-1	2.362020E+3	-1.860095E+3	4.629377E+3	-2.955095E+3	6.733622E+3	-1.065847E+4	7.939935E+3	-1.727622E+4
4.045000E+1	-2.894216E-1	3.144469E+0	-2.889936E-1	2.513518E-1	2.362020E+3	-1.859809E+3	4.629235E+3	-2.954809E+3	6.733194E+3	-1.065875E+4	7.939649E+3	-1.727636E+4
4.046000E+1	-2.798098E-1	3.052758E+0	-2.793817E-1	2.514499E-1	2.362020E+3	-1.859524E+3	4.629092E+3	-2.954524E+3	6.732766E+3	-1.065904E+4	7.939364E+3	-1.727650E+4
4.047000E+1	-2.694961E-1	2.900114E+0	-2.690680E-1	2.515551E-1	2.362020E+3	-1.859239E+3	4.628949E+3	-2.954239E+3	6.732338E+3	-1.065932E+4	7.939079E+3	-1.727664E+4
4.048000E+1	-2.605876E-1	3.240525E+0	-2.601596E-1	2.516460E-1	2.362020E+3	-1.858953E+3	4.628807E+3	-2.953953E+3	6.731910E+3	-1.065961E+4	7.938793E+3	-1.727678E+4
4.049000E+1	-2.532466E-1	3.141762E+0	-2.528186E-1	2.517209E-1	2.362020E+3	-1.858668E+3	4.628664E+3	-2.953668E+3	6.731482E+3	-1.065989E+4	7.938508E+3	-1.727692E+4
4.050000E+1	-2.452785E-1	3.108620E+0	-2.448505E-1	2.518022E-1	2.362020E+3	-1.858383E+3	4.628521E+3	-2.953383E+3	6.731054E+3	-1.066018E+4	7.938223E+3	-1.727706E+4
4.051000E+1	-2.367248E-1	3.061052E+0	-2.362967E-1	2.518895E-1	2.362020E+3	-1.858097E+3	4.628379E+3	-2.953097E+3	6.730626E+3	-1.066046E+4	7.937937E+3	-1.727720E+4
4.052000E+1	-2.284897E-1	2.968341E+0	-2.280617E-1	2.519735E-1	2.362020E+3	-1.857812E+3	4.628236E+3	-2.952812E+3	6.730198E+3	-1.066075E+4	7.937652E+3	-1.727733E+4
4.053000E+1	-2.200043E-1	3.131207E+0	-2.195762E-1	2.520601E-1	2.362020E+3	-1.857526E+3	4.628093E+3	-2.952526E+3	6.729770E+3	-1.066103E+4	7.937366E+3	-1.727747E+4
4.054000E+1	-2.107171E-1	3.044882E+0	-2.102890E-1	2.521549E-1	2.362020E+3	-1.857241E+3	4.627951E+3	-2.952241E+3	6.729342E+3	-1.066132E+4	7.937081E+3	-1.727761E+4
4.055000E+1	-2.012137E-1	3.115453E+0	-2.007857E-1	2.522519E-1	2.361951E+3	-1.857060E+3	4.627860E+3	-2.952060E+3	6.728933E+3	-1.066164E+4	7.936626E+3	-1.727784E+4
4.056000E+1	-1.921785E-1	3.066141E+0	-1.917504E-1	2.523441E-1	2.361764E+3	-1.857060E+3	4.627860E+3	-2.952060E+3	6.728558E+3	-1.066201E+4	7.935878E+3	-1.727821E+4
4.057000E+1	-1.824220E-1	3.152090E+0	-1.819939E-1	2.524436E-1	2.361577E+3	-1.857060E+3	4.627860E+3	-2.952060E+3	6.728184E+3	-1.066239E+4	7.935129E+3	-1.727859E+4
4.058000E+1	-1.726251E-1	3.175014E+0	-1.721970E-1	2.525436E-1	2.361389E+3	-1.857060E+3	4.627860E+3	-2.952060E+3	6.727809E+3	-1.066276E+4	7.934381E+3	-1.727896E+4
4.059000E+1	-1.631508E-1	3.047515E+0	-1.627228E-1	2.526403E-1	2.361202E+3	-1.857060E+3	4.627860E+3	-2.952060E+3	6.727434E+3	-1.066314E+4	7.933633E+3	-1.727934E+4
4.060000E+1	-1.544154E-1	3.004584E+0	-1.539873E-1	2.527294E-1	2.361015E+3	-1.857060E+3	4.627860E+3	-2.952060E+3	6.727059E+3	-1.066351E+4	7.932884E+3	-1.727971E+4
4.061000E+1	-1.465204E-1	3.221582E+0	-1.460924E-1	2.528100E-1	2.360827E+3	-1.857060E+3	4.627860E+3	-2.952060E+3	6.726685E+3	-1.066389E+4	7.932136E+3	-1.728009E+4
4.062000E+1	-1.381881E-1	3.093566E+0	-1.377600E-1	2.528950E-1	2.360640E+3	-1.857060E+3	4.627860E+3	-2.952060E+3	6.726310E+3	-1.066426E+4	7.931387E+3	-1.728046E+4
4.063000E+1	-1.295616E-1	3.128223E+0	-1.291335E-1	2.529830E-1	2.360453E+3	-1.857060E+3	4.627860E+3	-2.952060E+3	6.725935E+3	-1.066463E+4	7.930639E+3	-1.728083E+4
4.064000E+1	-1.209398E-1	3.034773E+0	-1.205117E-1	2.530710E-1	2.360265E+3	-1.857060E+3	4.627860E+3	-2.952060E+3	6.725560E+3	-1.066501E+4	7.929890E+3	-1.728121E+4
4.065000E+1	-1.129502E-1	3.159469E+0	-1.125221E-1	2.531525E-1	2.361949E+3	-1.858981E+3	4.626081E+3	-2.957539E+3	6.723530E+3	-1.066136E+4	7.922324E+3	-1.727953E+4
4.066000E+1	-1.039438E-1	3.210326E+0	-1.035157E-1	2.532444E-1	2.361804E+3	-1.859126E+3	4.626226E+3	-2.957394E+3	6.723530E+3	-1.066107E+4	7.922759E+3	-1.727938E+4
4.067000E+1	-9.525230E-2	3.014573E+0	-9.482426E-2	2.533331E-1	2.361659E+3	-1.859271E+3	4.626371E+3	-2.957249E+3	6.723530E+3	-1.066078E+4	7.923193E+3	-1.727923E+4
4.068000E+1	-8.587167E-2	3.051159E+0	-8.544361E-2	2.534288E-1	2.361514E+3	-1.859416E+3	4.626516E+3	-2.957104E+3	6.723530E+3	-1.066049E+4	7.923628E+3	-1.727908E+4
4.069000E+1	-7.634723E-2	2.970619E+0	-7.591919E-2	2.535260E-1	2.361369E+3	-1.859561E+3	4.626661E+3	-2.956959E+3	6.723530E+3	-1.066020E+4	7.924063E+3	-1.727893E+4
4.070000E+1	-6.639485E-2	3.172638E+0	-6.596682E-2	2.536276E-1	2.361224E+3	-1.859706E+3	4.626806E+3	-2.956814E+3	6.723530E+3	-1.065991E+4	7.924498E+3	-1.727878E+4
4.071000E+1	-5.684600E-2	3.184043E+0	-5.641796E-2	2.537250E-1	2.361079E+3	-1.859851E+3	4.626951E+3	-2.956669E+3	6.723530E+3	-1.065962E+4	7.924932E+3	-1.727863E+4
4.072000E+1	-4.778074E-2	3.054793E+0	-4.735271E-2	2.538175E-1	2.360934E+3	-1.859996E+3	4.627096E+3	-2.956524E+3	6.723530E+3	-1.065933E+4	7.925367E+3	-1.727848E+4
4.073000E+1	-3.889090E-2	3.000550E+0	-3.846286E-2	2.539082E-1	2.360789E+3	-1.860141E+3	4.627241E+3	-2.956379E+3	6.723530E+3	-1.065904E+4	7.925802E+3	-1.727834E+4
4.074000E+1	-2.926185E-2	3.199485E+0	-2.883379E-2	2.540065E-1	2.360644E+3	-1.860286E+3	4.627386E+3	-2.956234E+3	6.723530E+3	-1.065875E+4	7.926237E+3	-1.727819E+4
4.075000E+1	-2.015681E-2	3.167265E+0	-1.972873E-2	2.540994E-1	2.360500E+3	-1.860430E+3	4.627530E+3	-2.956090E+3	6.723530E+3	-1.065846E+4	7.926671E+3	-1.727804E+4
4.076000E+1	-1.029674E-2	3.121658E+0	-9.868674E-3	2.542000E-1	2.360355E+3	-1.860575E+3	4.627675E+3	-2.955945E+3	6.723530E+3	-1.065817E+4	7.927106E+3	-1.727789E+4
4.077000E+1	4.325369E-4	2.967533E+0	8.605756E-4	2.543095E-1	2.360210E+3	-1.860720E+3	4.627820E+3	-2.955800E+3	6.723530E+3	-1.065788E+4	7.927541E+3	-1.727774E+4
4.078000E+1	1.063943E-2	3.207034E+0	1.106747E-2	2.544136E-1	2.360384E+3	-1.859905E+3	4.627860E+3	-2.955760E+3	6.722889E+3	-1.065844E+4	7.927019E+3	-1.727813E+4
4.079000E+1	2.089506E-2	3.153992E+0	2.132310E-2	2.545183E-1	2.360678E+3	-1.858727E+3	4.627860E+3	-2.955760E+3	6.722005E+3	-1.065931E+4	7.926135E+3	-1.727872E+4
4.080000E+1	3.167544E-2	3.096648E+0	3.210347E-2	2.546283E-1	2.360973E+3	-1.857549E+3	4.627860E+3	-2.955760E+3	6.721122E+3	-1.066019E+4	7.925252E+3	-1.727931E+4
4.081000E+1	4.338254E-2	3.098605E+0	4.381060E-2	2.547477E-1	2.361267E+3	-1.856372E+3	4.627860E+3	-2.955760E+3	6.720239E+3	-1.066106E+4	7.924369E+3	-1.727989E+4
4.082000E+1	5.547601E-2	3.103810E+0	5.590407E-2	2.548711E-1	2.361562E+3	-1.855194E+3	4.627860E+3	-2.955760E+3	6.719355E+3	-1.066194E+4	7.923485E+3	-1.728048E+4
4.083000E+1	6.665834E-2	3.280528E+0	6.708641E-2	2.549853E-1	2.361856E+3	-1.854016E+3	4.627860E+3	-2.955760E+3	6.718472E+3	-1.066281E+4	7.922602E+3	-1.728107E+4
4.084000E+1	7.650197E-2	3.103889E+0	7.693003E-2	2.550857E-1	2.360044E+3	-1.853613E+3	4.624286E+3	-2.954036E+3	6.716004E+3	-1.066150E+4	7.921857E+3	-1.728153E+4
4.085000E+1	8.695896E-2	3.002810E+0	8.738700E-2	2.551924E-1	2.359758E+3	-1.854184E+3	4.624572E+3	-2.954322E+3	6.715718E+3	-1.066150E+4	7.921286E+3	-1.728182E+4
4.086000E+1	9.733826E-2	3.101026E+0	9.776632E-2	2.552983E-1	2.359473E+3	-1.854754E+3	4.624857E+3	-2.954607E+3	6.715433E+3	-1.066150E+4	7.920716E+3	-1.728212E+4
4.087000E+1	1.073784E-1	3.122720E+0	1.078064E-1	2.554008E-1	2.359187E+3	-1.855325E+3	4.625143E+3	-2.954893E+3	6.715147E+3	-1.066150E+4	7.920145E+3	-1.728241E+4
4.088000E+1	1.162953E-1	3.226295E+0	1.167234E-1	2.554918E-1	2.358902E+3	-1.855896E+3	4.625428E+3	-2.955178E+3	6.714862E+3	-1.066150E+4	7.919574E+3	-1.728270E+4
4.089000E+1	1.253837E-1	3.075907E+0	1.258118E-1	2.555845E-1	2.358617E+3	-1.856467E+3	4.625713E+3	-2.955463E+3	6.714577E+3	-1.066150E+4	7.919003E+3	-1.728300E+4
4.090000E+1	1.342678E-1	3.045519E+0	1.346958E-1	2.556751E-1	2.358331E+3	-1.857037E+3	4.625999E+3	-2.955749E+3	6.714291E+3	-1.066150E+4	7.918433E+3	-1.728329E+4
4.091000E+1	1.430171E-1	3.220927E+0	1.434452E-1	2.557644E-1	2.362020E+3	-1.855210E+3	4.626695E+3	-2.960145E+3	6.712430E+3	-1.065960E+4	7.911010E+3	-1.728330E+4
4.092000E+1	1.519997E-1	3.134404E+0	1.524277E-1	2.558561E-1	2.362020E+3	-1.855210E+3	4.627409E+3	-2.960859E+3	6.712430E+3	-1.065960E+4	7.911010E+3	-1.728330E+4
4.093000E+1	1.620770E-1	3.175335E+0	1.625050E-1	2.559589E-1	2.363302E+3	-1.854642E+3	4.627860E+3	-2.957326E+3	6.713996E+3	-1.065864E+4	7.916276E+3	-1.728140E+4
4.094000E+1	1.722857E-1	2.979214E+0	1.727137E-1	2.560631E-1	2.361757E+3	-1.853097E+3	4.627860E+3	-2.956553E+3	6.713223E+3	-1.066094E+4	7.915503E+3	-1.728140E+4
4.095000E+1	1.831469E-1	3.169350E+0	1.835749E-1	2.561739E-1	2.360211E+3	-1.851551E+3	4.627860E+3	-2.955781E+3	6.712451E+3	-1.066324E+4	7.914731E+3	-1.728140E+4
4.096000E+1	1.944881E-1	3.212265E+0	1.949161E-1	2.562896E-1	2.359310E+3	-1.852800E+3	4.627430E+3	-2.955760E+3	6.712000E+3	-1.066288E+4	7.914280E+3	-1.728184E+4
4.097000E+1	2.058338E-1	3.068006E+0	2.062619E-1	2.564054E-1	2.358427E+3	-1.854125E+3	4.626988E+3	-2.955760E+3	6.711558E+3	-1.066245E+4	7.913838E+3	-1.728230E+4
4.098000E+1	2.164067E-1	3.068822E+0	2.168348E-1	2.565133E-1	2.357543E+3	-1.855450E+3	4.626547E+3	-2.955760E+3	6.711117E+3	-1.066202E+4	7.913397E+3	-1.728275E+4
4.099000E+1	2.275129E-1	2.974676E+0	2.279409E-1	2.566266E-1	2.356660E+3	-1.856775E+3	4.626105E+3	-2.955760E+3	6.710675E+3	-1.066159E+4	7.912955E+3	-1.728320E+4
4.100000E+1	2.375084E-1	3.241009E+0	2.379364E-1	2.567286E-1	2.356911E+3	-1.857942E+3	4.626010E+3	-2.956201E+3	6.710139E+3	-1.066105E+4	7.911978E+3	-1.728330E+4
4.101000E+1	2.477052E-1	3.164612E+0	2.481333E-1	2.568327E-1	2.357473E+3	-1.859067E+3	4.626010E+3	-2.956763E+3	6.709577E+3	-1.066047E+4	7.910853E+3	-1.728330E+4
4.102000E+1	2.571298E-1	3.067783E+0	2.575578E-1	2.569288E-1	2.358035E+3	-1.860191E+3	4.626010E+3	-2.957325E+3	6.709015E+3	-1.065989E+4	7.909729E+3	-1.728330E+4
4.103000E+1	2.665058E-1	3.107633E+0	2.669339E-1	2.570245E-1	2.358511E+3	-1.860378E+3	4.625819E+3	-2.957801E+3	6.708539E+3	-1.065980E+4	7.908588E+3	-1.728330E+4
4.104000E+1	2.761713E-1	3.220875E+0	2.765994E-1	2.571231E-1	2.358897E+3	-1.859606E+3	4.625433E+3	-2.958187E+3	6.708153E+3	-1.066019E+4	7.907428E+3	-1.728330E+4
4.105000E+1	2.863905E-1	3.141608E+0	2.868185E-1	2.572274E-1	2.359284E+3	-1.858833E+3	4.625046E+3	-2.958574E+3	6.707766E+3	-1.066059E+4	7.906269E+3	-1.728330E+4
4.106000E+1	2.963274E-1	3.147835E+0	2.967554E-1	2.573288E-1	2.359670E+3	-1.858060E+3	4.624660E+3	-2.958960E+3	6.707380E+3	-1.066099E+4	7.905110E+3	-1.728330E+4
4.107000E+1	3.059704E-1	2.908435E+0	3.063984E-1	2.574272E-1	2.360057E+3	-1.857287E+3	4.624273E+3	-2.959347E+3	6.706993E+3	-1.066138E+4	7.903950E+3	-1.728330E+4
4.108000E+1	3.160446E-1	3.328430E+0	3.164727E-1	2.575300E-1	2.360170E+3	-1.857060E+3	4.624216E+3	-2.959460E+3	6.706936E+3	-1.066139E+4	7.903722E+3	-1.728324E+4
4.109000E+1	3.263259E-1	3.191053E+0	3.267539E-1	2.576349E-1	2.360170E+3	-1.857060E+3	4.624296E+3	-2.959460E+3	6.707016E+3	-1.066123E+4	7.903882E+3	-1.728316E+4
4.110000E+1	3.360081E-1	3.149327E+0	3.364361E-1	2.577337E-1	2.360170E+3	-1.857060E+3	4.624375E+3	-2.959460E+3	6.707095E+3	-1.066107E+4	7.904041E+3	-1.728308E+4
4.111000E+1	3.460406E-1	3.077606E+0	3.464686E-1	2.578361E-1	2.360170E+3	-1.857060E+3	4.624455E+3	-2.959460E+3	6.707175E+3	-1.066091E+4	7.904200E+3	-1.728300E+4
4.112000E+1	3.562796E-1	3.130681E+0	3.567076E-1	2.579406E-1	2.360170E+3	-1.857060E+3	4.624535E+3	-2.959460E+3	6.707255E+3	-1.066075E+4	7.904359E+3	-1.728292E+4
4.113000E+1	3.666800E-1	3.293803E+0	3.671080E-1	2.580467E-1	2.360170E+3	-1.857060E+3	4.624614E+3	-2.959460E+3	6.707334E+3	-1.066059E+4	7.904519E+3	-1.728283E+4
4.114000E+1	3.750371E-1	3.114597E+0	3.754652E-1	2.581320E-1	2.360170E+3	-1.857060E+3	4.624694E+3	-2.959460E+3	6.707414E+3	-1.066043E+4	7.904678E+3	-1.728275E+4
4.115000E+1	3.849878E-1	3.042748E+0	3.854159E-1	2.582335E-1	2.360170E+3	-1.857060E+3	4.624774E+3	-2.959460E+3	6.707494E+3	-1.066027E+4	7.904837E+3	-1.728267E+4
4.116000E+1	3.951716E-1	3.152275E+0	3.955996E-1	2.583374E-1	2.360170E+3	-1.857060E+3	4.624853E+3	-2.959460E+3	6.707573E+3	-1.066011E+4	7.904996E+3	-1.728259E+4
4.117000E+1	4.046619E-1	3.151396E+0	4.050900E-1	2.584343E-1	2.360170E+3	-1.857060E+3	4.624933E+3	-2.959460E+3	6.707653E+3	-1.065995E+4	7.905155E+3	-1.728251E+4
4.118000E+1	4.143640E-1	3.251562E+0	4.147920E-1	2.585333E-1	2.360170E+3	-1.857060E+3	4.625012E+3	-2.959460E+3	6.707732E+3	-1.065980E+4	7.905315E+3	-1.728242E+4
4.119000E+1	4.246468E-1	3.125020E+0	4.250748E-1	2.586382E-1	2.360170E+3	-1.857060E+3	4.625092E+3	-2.959460E+3	6.707812E+3	-1.065964E+4	7.905474E+3	-1.728234E+4
4.120000E+1	4.339617E-1	2.997266E+0	4.343897E-1	2.587332E-1	2.360170E+3	-1.857060E+3	4.625172E+3	-2.959460E+3	6.707892E+3	-1.065948E+4	7.905633E+3	-1.728226E+4
4.121000E+1	4.430912E-1	3.277368E+0	4.435192E-1	2.588264E-1	2.360170E+3	-1.857060E+3	4.625251E+3	-2.959460E+3	6.707971E+3	-1.065932E+4	7.905792E+3	-1.728218E+4
4.122000E+1	4.527890E-1	3.175688E+0	4.532170E-1	2.589254E-1	2.360170E+3	-1.857060E+3	4.625331E+3	-2.959460E+3	6.708051E+3	-1.065916E+4	7.905952E+3	-1.728210E+4
4.123000E+1	4.622737E-1	3.207608E+0	4.627018E-1	2.590221E-1	2.360170E+3	-1.857060E+3	4.625410E+3	-2.959460E+3	6.708130E+3	-1.065900E+4	7.906111E+3	-1.728202E+4
4.124000E+1	4.709244E-1	3.049222E+0	4.713525E-1	2.591104E-1	2.360170E+3	-1.857060E+3	4.625490E+3	-2.959460E+3	6.708210E+3	-1.065884E+4	7.906270E+3	-1.728193E+4
4.125000E+1	4.806675E-1	3.226541E+0	4.810955E-1	2.592098E-1	2.360170E+3	-1.857060E+3	4.625570E+3	-2.959460E+3	6.708290E+3	-1.065868E+4	7.906429E+3	-1.728185E+4
4.126000E+1	4.906332E-1	3.282829E+0	4.910613E-1	2.593115E-1	2.360170E+3	-1.857060E+3	4.625649E+3	-2.959460E+3	6.708369E+3	-1.065852E+4	7.906588E+3	-1.728177E+4
4.127000E+1	4.996660E-1	3.071104E+0	5.000941E-1	2.594037E-1	2.360170E+3	-1.857060E+3	4.625729E+3	-2.959460E+3	6.708449E+3	-1.065836E+4	7.906748E+3	-1.728169E+4
4.128000E+1	5.097912E-1	3.091363E+0	5.102192E-1	2.595070E-1	2.360170E+3	-1.857060E+3	4.625808E+3	-2.959460E+3	6.708528E+3	-1.065820E+4	7.906907E+3	-1.728161E+4
4.129000E+1	5.195078E-1	3.064893E+0	5.199359E-1	2.596062E-1	2.360170E+3	-1.857060E+3	4.625888E+3	-2.959460E+3	6.708608E+3	-1.065804E+4	7.907066E+3	-1.728153E+4
4.130000E+1	5.288191E-1	3.286071E+0	5.292472E-1	2.597012E-1	2.360170E+3	-1.857060E+3	4.625968E+3	-2.959460E+3	6.708688E+3	-1.065788E+4	7.907225E+3	-1.728144E+4
4.131000E+1	5.387165E-1	3.200480E+0	5.391446E-1	2.598022E-1	2.361563E+3	-1.857060E+3	4.626010E+3	-2.958067E+3	6.705030E+3	-1.065780E+4	7.902695E+3	-1.728330E+4
4.132000E+1	5.490069E-1	3.065129E+0	5.494349E-1	2.599072E-1	2.360586E+3	-1.857060E+3	4.626010E+3	-2.959044E+3	6.705030E+3	-1.065780E+4	7.900742E+3	-1.728330E+4
4.133000E+1	5.591888E-1	3.075025E+0	5.596168E-1	2.600111E-1	2.360244E+3	-1.856911E+3	4.626010E+3	-2.959460E+3	6.704956E+3	-1.065772E+4	7.899910E+3	-1.728322E+4
4.134000E+1	5.685920E-1	3.250030E+0	5.690201E-1	2.601070E-1	2.360374E+3	-1.856652E+3	4.626010E+3	-2.959460E+3	6.704826E+3	-1.065759E+4	7.899910E+3	-1.728309E+4
4.135000E+1	5.787497E-1	3.213336E+0	5.791777E-1	2.602107E-1	2.360504E+3	-1.856392E+3	4.626010E+3	-2.959460E+3	6.704696E+3	-1.065746E+4	7.899910E+3	-1.728296E+4
4.136000E+1	5.892076E-1	3.162262E+0	5.896357E-1	2.603174E-1	2.360634E+3	-1.856133E+3	4.626010E+3	-2.959460E+3	6.704566E+3	-1.065732E+4	7.899910E+3	-1.728282E+4
4.137000E+1	5.989578E-1	2.955097E+0	5.993858E-1	2.604169E-1	2.360763E+3	-1.855873E+3	4.626010E+3	-2.959460E+3	6.704437E+3	-1.065719E+4	7.899910E+3	-1.728269E+4
4.138000E+1	6.074519E-1	3.283713E+0	6.078799E-1	2.605036E-1	2.360893E+3	-1.855614E+3	4.626010E+3	-2.959460E+3	6.704307E+3	-1.065706E+4	7.899910E+3	-1.728256E+4
4.139000E+1	6.167385E-1	3.186578E+0	6.171665E-1	2.605983E-1	2.361023E+3	-1.855355E+3	4.626010E+3	-2.959460E+3	6.704177E+3	-1.065692E+4	7.899910E+3	-1.728242E+4
4.140000E+1	6.259907E-1	3.172755E+0	6.264188E-1	2.606927E-1	2.361152E+3	-1.855095E+3	4.626010E+3	-2.959460E+3	6.704048E+3	-1.065679E+4	7.899910E+3	-1.728229E+4
4.141000E+1	6.357659E-1	3.053189E+0	6.361939E-1	2.607925E-1	2.361282E+3	-1.854836E+3	4.626010E+3	-2.959460E+3	6.703918E+3	-1.065666E+4	7.899910E+3	-1.728216E+4
4.142000E+1	6.458284E-1	3.110820E+0	6.462565E-1	2.608951E-1	2.361412E+3	-1.854576E+3	4.626010E+3	-2.959460E+3	6.703788E+3	-1.065652E+4	7.899910E+3	-1.728202E+4
4.143000E+1	6.561405E-1	3.226090E+0	6.565686E-1	2.610004E-1	2.361542E+3	-1.854317E+3	4.626010E+3	-2.959460E+3	6.703658E+3	-1.065639E+4	7.899910E+3	-1.728189E+4
4.144000E+1	6.662804E-1	3.171851E+0	6.667084E-1	2.611038E-1	2.361671E+3	-1.854057E+3	4.626010E+3	-2.959460E+3	6.703529E+3	-1.065626E+4	7.899910E+3	-1.728176E+4
4.145000E+1	6.757690E-1	3.029760E+0	6.761970E-1	2.612007E-1	2.361801E+3	-1.853798E+3	4.626010E+3	-2.959460E+3	6.703399E+3	-1.065612E+4	7.899910E+3	-1.728162E+4
4.146000E+1	6.863142E-1	3.109605E+0	6.867423E-1	2.613083E-1	2.361931E+3	-1.853539E+3	4.626010E+3	-2.959460E+3	6.703269E+3	-1.065599E+4	7.899910E+3	-1.728149E+4
4.147000E+1	6.963362E-1	3.246179E+0	6.967642E-1	2.614105E-1	2.360022E+3	-1.855284E+3	4.624160E+3	-2.959460E+3	6.697482E+3	-1.066135E+4	7.896210E+3	-1.728518E+4
4.148000E+1	7.058206E-1	3.219954E+0	7.062486E-1	2.615073E-1	2.359546E+3	-1.855522E+3	4.624160E+3	-2.959460E+3	6.697006E+3	-1.066088E+4	7.896210E+3	-1.728542E+4
4.149000E+1	7.143697E-1	3.112337E+0	7.147978E-1	2.615946E-1	2.359070E+3	-1.855760E+3	4.624160E+3	-2.959460E+3	6.696530E+3	-1.066040E+4	7.896210E+3	-1.728566E+4
4.150000E+1	7.227235E-1	3.099396E+0	7.231515E-1	2.616798E-1	2.358595E+3	-1.855998E+3	4.624160E+3	-2.959460E+3	6.696055E+3	-1.065992E+4	7.896210E+3	-1.728591E+4
4.151000E+1	7.324723E-1	3.268287E+0	7.329003E-1	2.617793E-1	2.358119E+3	-1.856235E+3	4.624160E+3	-2.959460E+3	6.695579E+3	-1.065945E+4	7.896210E+3	-1.728615E+4
4.152000E+1	7.425048E-1	3.104718E+0	7.429328E-1	2.618816E-1	2.357644E+3	-1.856473E+3	4.624160E+3	-2.959460E+3	6.695104E+3	-1.065897E+4	7.896210E+3	-1.728640E+4
4.153000E+1	7.524307E-1	3.174411E+0	7.528588E-1	2.619829E-1	2.357168E+3	-1.856711E+3	4.624160E+3	-2.959460E+3	6.694628E+3	-1.065850E+4	7.896210E+3	-1.728664E+4
4.154000E+1	7.631185E-1	3.006550E+0	7.635465E-1	2.620920E-1	2.356692E+3	-1.856949E+3	4.624160E+3	-2.959460E+3	6.694152E+3	-1.065802E+4	7.896210E+3	-1.728689E+4
4.155000E+1	7.731870E-1	3.194643E+0	7.736150E-1	2.621947E-1	2.360170E+3	-1.856648E+3	4.625598E+3	-2.959872E+3	6.693930E+3	-1.065780E+4	7.889837E+3	-1.728658E+4
4.156000E+1	7.833590E-1	3.248894E+0	7.837871E-1	2.622985E-1	2.360170E+3	-1.855875E+3	4.624825E+3	-2.960645E+3	6.693930E+3	-1.065780E+4	7.888291E+3	-1.728578E+4
4.157000E+1	7.935743E-1	3.110261E+0	7.940023E-1	2.624028E-1	2.360170E+3	-1.855286E+3	4.624160E+3	-2.961386E+3	6.694006E+3	-1.065765E+4	7.887188E+3	-1.728503E+4
4.158000E+1	8.026630E-1	3.071968E+0	8.030910E-1	2.624955E-1	2.360170E+3	-1.855831E+3	4.624160E+3	-2.961931E+3	6.694551E+3	-1.065656E+4	7.888824E+3	-1.728450E+4
4.159000E+1	8.124381E-1	3.011158E+0	8.128662E-1	2.625952E-1	2.360170E+3	-1.856377E+3	4.624160E+3	-2.962477E+3	6.695097E+3	-1.065547E+4	7.890461E+3	-1.728396E+4
4.160000E+1	8.223936E-1	3.177011E+0	8.228216E-1	2.626968E-1	2.360170E+3	-1.856923E+3	4.624160E+3	-2.963023E+3	6.695643E+3	-1.065437E+4	7.892098E+3	-1.728343E+4
4.161000E+1	8.328333E-1	3.203418E+0	8.332614E-1	2.628034E-1	2.360170E+3	-1.856193E+3	4.623871E+3	-2.962871E+3	6.695491E+3	-1.065438E+4	7.892510E+3	-1.728330E+4
4.162000E+1	8.428763E-1	3.121575E+0	8.433044E-1	2.629058E-1	2.360170E+3	-1.855033E+3	4.623484E+3	-2.962484E+3	6.695104E+3	-1.065476E+4	7.892510E+3	-1.728330E+4
4.163000E+1	8.528296E-1	3.095028E+0	8.532576E-1	2.630074E-1	2.360170E+3	-1.853874E+3	4.623098E+3	-2.962098E+3	6.694718E+3	-1.065513E+4	7.892510E+3	-1.728330E+4
4.164000E+1	8.631967E-1	3.179735E+0	8.636248E-1	2.631132E-1	2.360170E+3	-1.852715E+3	4.622712E+3	-2.961712E+3	6.694332E+3	-1.065551E+4	7.892510E+3	-1.728330E+4
4.165000E+1	8.733836E-1	3.241505E+0	8.738117E-1	2.632171E-1	2.360170E+3	-1.851555E+3	4.622325E+3	-2.961325E+3	6.693945E+3	-1.065589E+4	7.892510E+3	-1.728330E+4
4.166000E+1	8.831845E-1	3.200154E+0	8.836125E-1	2.633171E-1	2.359783E+3	-1.851123E+3	4.621923E+3	-2.960923E+3	6.692768E+3	-1.065667E+4	7.891348E+3	-1.728407E+4
4.167000E+1	8.932517E-1	2.950521E+0	8.936797E-1	2.634199E-1	2.359379E+3	-1.850719E+3	4.621519E+3	-2.960519E+3	6.691558E+3	-1.065748E+4	7.890138E+3	-1.728488E+4
4.168000E+1	9.019017E-1	3.336899E+0	9.023297E-1	2.635081E-1	2.358976E+3	-1.850316E+3	4.621116E+3	-2.960116E+3	6.690348E+3	-1.065829E+4	7.888928E+3	-1.728569E+4
4.169000E+1	9.114147E-1	3.160845E+0	9.118427E-1	2.636052E-1	2.358573E+3	-1.849913E+3	4.620713E+3	-2.959713E+3	6.689138E+3	-1.065909E+4	7.887718E+3	-1.728649E+4
4.170000E+1	9.211456E-1	3.057689E+0	9.215737E-1	2.637045E-1	2.358110E+3	-1.850499E+3	4.620670E+3	-2.959670E+3	6.687960E+3	-1.065918E+4	7.886750E+3	-1.728720E+4
4.171000E+1	9.301347E-1	3.084290E+0	9.305627E-1	2.637962E-1	2.357548E+3	-1.852748E+3	4.621232E+3	-2.960232E+3	6.686836E+3	-1.065806E+4	7.886188E+3	-1.728775E+4
4.172000E+1	9.392359E-1	3.113071E+0	9.396639E-1	2.638891E-1	2.356986E+3	-1.854996E+3	4.621794E+3	-2.960794E+3	6.685712E+3	-1.065693E+4	7.885626E+3	-1.728830E+4
4.173000E+1	9.477587E-1	3.324689E+0	9.481868E-1	2.639761E-1	2.356470E+3	-1.857060E+3	4.622310E+3	-2.961329E+3	6.684680E+3	-1.065592E+4	7.885033E+3	-1.728878E+4
4.174000E+1	9.573903E-1	3.086937E+0	9.578183E-1	2.640744E-1	2.356470E+3	-1.857060E+3	4.622310E+3	-2.961564E+3	6.684680E+3	-1.065616E+4	7.884095E+3	-1.728855E+4
4.175000E+1	9.671121E-1	3.151429E+0	9.675402E-1	2.641736E-1	2.356470E+3	-1.857060E+3	4.622310E+3	-2.961799E+3	6.684680E+3	-1.065640E+4	7.883157E+3	-1.728832E+4
4.176000E+1	9.759672E-1	3.172391E+0	9.763953E-1	2.642639E-1	2.356470E+3	-1.857060E+3	4.622310E+3	-2.962034E+3	6.684680E+3	-1.065664E+4	7.882219E+3	-1.728810E+4
4.177000E+1	9.856302E-1	3.257929E+0	9.860582E-1	2.643625E-1	2.356470E+3	-1.857060E+3	4.622310E+3	-2.962268E+3	6.684680E+3	-1.065688E+4	7.881281E+3	-1.728787E+4
4.178000E+1	9.951612E-1	3.221462E+0	9.955893E-1	2.644598E-1	2.356470E+3	-1.857060E+3	4.622310E+3	-2.962503E+3	6.684680E+3	-1.065713E+4	7.880343E+3	-1.728764E+4
4.179000E+1	1.004521E+0	3.080197E+0	1.004949E+0	2.645553E-1	2.356470E+3	-1.857060E+3	4.622310E+3	-2.962738E+3	6.684680E+3	-1.065737E+4	7.879405E+3	-1.728741E+4
4.180000E+1	1.013715E+0	3.042368E+0	1.014143E+0	2.646491E-1	2.356470E+3	-1.857060E+3	4.622310E+3	-2.962973E+3	6.684680E+3	-1.065761E+4	7.878467E+3	-1.728718E+4
4.181000E+1	1.023123E+0	3.191332E+0	1.023551E+0	2.647451E-1	2.356470E+3	-1.857060E+3	4.621968E+3	-2.963502E+3	6.684338E+3	-1.065780E+4	7.877035E+3	-1.728733E+4
4.182000E+1	1.032627E+0	3.120867E+0	1.033055E+0	2.648421E-1	2.356564E+3	-1.856966E+3	4.620413E+3	-2.965010E+3	6.682830E+3	-1.065771E+4	7.874160E+3	-1.728880E+4
4.183000E+1	1.043417E+0	3.192769E+0	1.043845E+0	2.649522E-1	2.357447E+3	-1.856083E+3	4.619972E+3	-2.965010E+3	6.682830E+3	-1.065682E+4	7.875483E+3	-1.728880E+4
4.184000E+1	1.052322E+0	2.967377E+0	1.052750E+0	2.650430E-1	2.358330E+3	-1.855200E+3	4.619530E+3	-2.965010E+3	6.682830E+3	-1.065594E+4	7.876805E+3	-1.728880E+4
4.185000E+1	1.062865E+0	3.295265E+0	1.063293E+0	2.651506E-1	2.359214E+3	-1.854316E+3	4.619088E+3	-2.965010E+3	6.682830E+3	-1.065506E+4	7.878128E+3	-1.728880E+4
4.186000E+1	1.073487E+0	3.229813E+0	1.073915E+0	2.652590E-1	2.360097E+3	-1.853433E+3	4.618647E+3	-2.965010E+3	6.682830E+3	-1.065417E+4	7.879450E+3	-1.728880E+4
4.187000E+1	1.084205E+0	3.087837E+0	1.084633E+0	2.653684E-1	2.359960E+3	-1.853360E+3	4.618820E+3	-2.964800E+3	6.682410E+3	-1.065452E+4	7.879351E+3	-1.728902E+4
4.188000E+1	1.094192E+0	3.057275E+0	1.094620E+0	2.654703E-1	2.359731E+3	-1.853360E+3	4.619049E+3	-2.964571E+3	6.681952E+3	-1.065498E+4	7.879123E+3	-1.728925E+4
4.189000E+1	1.104879E+0	3.112979E+0	1.105307E+0	2.655793E-1	2.359502E+3	-1.853360E+3	4.619278E+3	-2.964342E+3	6.681494E+3	-1.065544E+4	7.878896E+3	-1.728949E+4
4.190000E+1	1.114362E+0	3.304058E+0	1.114790E+0	2.656761E-1	2.359273E+3	-1.853360E+3	4.619507E+3	-2.964113E+3	6.681036E+3	-1.065589E+4	7.878668E+3	-1.728972E+4
4.191000E+1	1.125218E+0	3.209835E+0	1.125646E+0	2.657869E-1	2.359044E+3	-1.853360E+3	4.619736E+3	-2.963884E+3	6.680578E+3	-1.065635E+4	7.878440E+3	-1.728996E+4
4.192000E+1	1.135599E+0	2.981659E+0	1.136027E+0	2.658928E-1	2.358815E+3	-1.853360E+3	4.619965E+3	-2.963655E+3	6.680120E+3	-1.065681E+4	7.878212E+3	-1.729019E+4
4.193000E+1	1.146289E+0	3.121366E+0	1.146717E+0	2.660019E-1	2.358586E+3	-1.853360E+3	4.620194E+3	-2.963426E+3	6.679662E+3	-1.065727E+4	7.877985E+3	-1.729043E+4
4.194000E+1	1.156639E+0	3.220925E+0	1.157067E+0	2.661075E-1	2.358357E+3	-1.853360E+3	4.620423E+3	-2.963197E+3	6.679204E+3	-1.065773E+4	7.877757E+3	-1.729066E+4
4.195000E+1	1.167843E+0	3.212423E+0	1.168271E+0	2.662218E-1	2.357093E+3	-1.853360E+3	4.620460E+3	-2.962751E+3	6.678721E+3	-1.065820E+4	7.876902E+3	-1.729070E+4
4.196000E+1	1.178557E+0	3.135519E+0	1.178985E+0	2.663312E-1	2.355630E+3	-1.853360E+3	4.620460E+3	-2.962263E+3	6.678233E+3	-1.065867E+4	7.875926E+3	-1.729070E+4
4.197000E+1	1.189886E+0	2.969502E+0	1.190314E+0	2.664468E-1	2.354166E+3	-1.853360E+3	4.620460E+3	-2.961775E+3	6.677745E+3	-1.065915E+4	7.874951E+3	-1.729070E+4
4.198000E+1	1.200568E+0	3.246692E+0	1.200996E+0	2.665558E-1	2.352817E+3	-1.853455E+3	4.620507E+3	-2.961357E+3	6.677233E+3	-1.065951E+4	7.874020E+3	-1.729070E+4
4.199000E+1	1.212103E+0	3.213816E+0	1.212531E+0	2.666735E-1	2.353850E+3	-1.855519E+3	4.621540E+3	-2.962390E+3	6.676200E+3	-1.065744E+4	7.874020E+3	-1.729070E+4
4.200000E+1	1.222314E+0	3.097271E+0	1.222742E+0	2.667777E-1	2.354620E+3	-1.856955E+3	4.622310E+3	-2.963160E+3	6.675535E+3	-1.065590E+4	7.873811E+3	-1.729070E+4
4.201000E+1	1.232531E+0	3.172668E+0	1.232959E+0	2.668819E-1	2.354620E+3	-1.856543E+3	4.622310E+3	-2.963160E+3	6.675947E+3	-1.065590E+4	7.872986E+3	-1.729070E+4
4.202000E+1	1.243597E+0	3.124727E+0	1.244025E+0	2.669948E-1	2.354620E+3	-1.856131E+3	4.622310E+3	-2.963160E+3	6.676359E+3	-1.065590E+4	7.872162E+3	-1.729070E+4
4.203000E+1	1.254627E+0	3.307080E+0	1.255055E+0	2.671074E-1	2.354620E+3	-1.855719E+3	4.622310E+3	-2.963160E+3	6.676771E+3	-1.065590E+4	7.871338E+3	-1.729070E+4
4.204000E+1	1.264431E+0	3.163290E+0	1.264859E+0	2.672074E-1	2.354620E+3	-1.855307E+3	4.622310E+3	-2.963160E+3	6.677183E+3	-1.065590E+4	7.870513E+3	-1.729070E+4
4.205000E+1	1.273868E+0	3.112260E+0	1.274296E+0	2.673037E-1	2.354620E+3	-1.854929E+3	4.622310E+3	-2.963441E+3	6.677280E+3	-1.065576E+4	7.870179E+3	-1.729056E+4
4.206000E+1	1.283100E+0	3.094388E+0	1.283528E+0	2.673979E-1	2.354620E+3	-1.854561E+3	4.622310E+3	-2.963809E+3	6.677280E+3	-1.065558E+4	7.869996E+3	-1.729037E+4
4.207000E+1	1.292162E+0	3.262259E+0	1.292590E+0	2.674904E-1	2.354620E+3	-1.854194E+3	4.622310E+3	-2.964176E+3	6.677280E+3	-1.065541E+4	7.869812E+3	-1.729018E+4
4.208000E+1	1.300937E+0	3.199187E+0	1.301365E+0	2.675799E-1	2.354620E+3	-1.853827E+3	4.622310E+3	-2.964543E+3	6.677280E+3	-1.065523E+4	7.869628E+3	-1.728999E+4
4.209000E+1	1.310327E+0	3.126749E+0	1.310755E+0	2.676757E-1	2.354620E+3	-1.853459E+3	4.622310E+3	-2.964911E+3	6.677280E+3	-1.065505E+4	7.869445E+3	-1.728980E+4
4.210000E+1	1.319602E+0	3.032586E+0	1.320030E+0	2.677704E-1	2.354620E+3	-1.853092E+3	4.622310E+3	-2.965278E+3	6.677280E+3	-1.065487E+4	7.869261E+3	-1.728961E+4
4.211000E+1	1.329790E+0	3.292773E+0	1.330218E+0	2.678744E-1	2.354620E+3	-1.852725E+3	4.622310E+3	-2.965645E+3	6.677280E+3	-1.065469E+4	7.869077E+3	-1.728942E+4
4.212000E+1	1.340412E+0	3.136601E+0	1.340840E+0	2.679827E-1	2.354620E+3	-1.852358E+3	4.622310E+3	-2.966012E+3	6.677280E+3	-1.065451E+4	7.868894E+3	-1.728924E+4
4.213000E+1	1.349395E+0	3.230610E+0	1.349823E+0	2.680744E-1	2.354620E+3	-1.851990E+3	4.622310E+3	-2.966380E+3	6.677280E+3	-1.065433E+4	7.868710E+3	-1.728905E+4
4.214000E+1	1.359349E+0	2.968621E+0	1.359777E+0	2.681760E-1	2.354620E+3	-1.851623E+3	4.622310E+3	-2.966747E+3	6.677280E+3	-1.065415E+4	7.868526E+3	-1.728886E+4
4.215000E+1	1.369442E+0	3.222840E+0	1.369870E+0	2.682790E-1	2.354967E+3	-1.851857E+3	4.622310E+3	-2.966165E+3	6.677627E+3	-1.065374E+4	7.869859E+3	-1.728846E+4
4.216000E+1	1.379704E+0	3.183312E+0	1.380132E+0	2.683837E-1	2.355469E+3	-1.852359E+3	4.622310E+3	-2.965163E+3	6.678129E+3	-1.065323E+4	7.871864E+3	-1.728797E+4
4.217000E+1	1.390174E+0	3.170380E+0	1.390603E+0	2.684905E-1	2.355970E+3	-1.852860E+3	4.622310E+3	-2.964160E+3	6.678630E+3	-1.065271E+4	7.873870E+3	-1.728749E+4
4.218000E+1	1.399947E+0	3.013792E+0	1.400375E+0	2.685902E-1	2.352771E+3	-1.855210E+3	4.620459E+3	-2.961312E+3	6.669888E+3	-1.065590E+4	7.864769E+3	-1.729250E+4
4.219000E+1	1.409358E+0	3.117750E+0	1.409786E+0	2.686863E-1	2.353108E+3	-1.855210E+3	4.620122E+3	-2.961986E+3	6.669214E+3	-1.065590E+4	7.864432E+3	-1.729283E+4
4.220000E+1	1.418935E+0	3.201510E+0	1.419363E+0	2.687840E-1	2.353445E+3	-1.855210E+3	4.619785E+3	-2.962661E+3	6.668539E+3	-1.065590E+4	7.864095E+3	-1.729316E+4
4.221000E+1	1.427981E+0	3.300434E+0	1.428409E+0	2.688763E-1	2.353783E+3	-1.855210E+3	4.619447E+3	-2.963335E+3	6.667865E+3	-1.065590E+4	7.863757E+3	-1.729349E+4
4.222000E+1	1.436656E+0	3.055795E+0	1.437084E+0	2.689648E-1	2.354120E+3	-1.855210E+3	4.619110E+3	-2.964010E+3	6.667190E+3	-1.065590E+4	7.863420E+3	-1.729381E+4
4.223000E+1	1.446112E+0	3.104697E+0	1.446540E+0	2.690613E-1	2.354457E+3	-1.855210E+3	4.618773E+3	-2.964684E+3	6.666516E+3	-1.065590E+4	7.863083E+3	-1.729414E+4
4.224000E+1	1.455179E+0	3.206802E+0	1.455607E+0	2.691538E-1	2.354368E+3	-1.854958E+3	4.618610E+3	-2.965262E+3	6.665938E+3	-1.065590E+4	7.862163E+3	-1.729381E+4
4.225000E+1	1.464212E+0	3.304214E+0	1.464640E+0	2.692460E-1	2.353879E+3	-1.854469E+3	4.618610E+3	-2.965751E+3	6.665449E+3	-1.065590E+4	7.860698E+3	-1.729286E+4
4.226000E+1	1.473234E+0	3.160067E+0	1.473662E+0	2.693381E-1	2.353391E+3	-1.853981E+3	4.618610E+3	-2.966239E+3	6.664961E+3	-1.065590E+4	7.859234E+3	-1.729191E+4
4.227000E+1	1.481662E+0	3.064626E+0	1.482090E+0	2.694241E-1	2.352903E+3	-1.853493E+3	4.618610E+3	-2.966727E+3	6.664473E+3	-1.065590E+4	7.857769E+3	-1.729096E+4
4.228000E+1	1.491100E+0	3.257015E+0	1.491529E+0	2.695204E-1	2.352770E+3	-1.853735E+3	4.618235E+3	-2.966860E+3	6.664715E+3	-1.065554E+4	7.857370E+3	-1.729070E+4
4.229000E+1	1.501323E+0	3.218787E+0	1.501752E+0	2.696247E-1	2.352770E+3	-1.854250E+3	4.617720E+3	-2.966860E+3	6.665230E+3	-1.065503E+4	7.857370E+3	-1.729070E+4
4.230000E+1	1.511863E+0	3.184535E+0	1.512291E+0	2.697322E-1	2.352770E+3	-1.854765E+3	4.617205E+3	-2.966860E+3	6.665745E+3	-1.065453E+4	7.857370E+3	-1.729070E+4
4.231000E+1	1.522382E+0	3.065648E+0	1.522810E+0	2.698396E-1	2.352880E+3	-1.855210E+3	4.616815E+3	-2.966860E+3	6.666190E+3	-1.065410E+4	7.857480E+3	-1.729064E+4
4.232000E+1	1.532290E+0	3.139790E+0	1.532718E+0	2.699407E-1	2.353687E+3	-1.855210E+3	4.617218E+3	-2.966860E+3	6.666190E+3	-1.065410E+4	7.858287E+3	-1.729023E+4
4.233000E+1	1.541375E+0	3.266650E+0	1.541803E+0	2.700334E-1	2.354493E+3	-1.855210E+3	4.617622E+3	-2.966860E+3	6.666190E+3	-1.065410E+4	7.859093E+3	-1.728981E+4
4.234000E+1	1.549852E+0	3.184901E+0	1.550280E+0	2.701199E-1	2.355300E+3	-1.855210E+3	4.618025E+3	-2.966860E+3	6.666190E+3	-1.065410E+4	7.859900E+3	-1.728940E+4
4.235000E+1	1.558894E+0	3.056362E+0	1.559322E+0	2.702121E-1	2.356106E+3	-1.855210E+3	4.618428E+3	-2.966860E+3	6.666190E+3	-1.065410E+4	7.860706E+3	-1.728899E+4
4.236000E+1	1.568593E+0	3.159675E+0	1.569021E+0	2.703111E-1	2.355871E+3	-1.854611E+3	4.618310E+3	-2.966560E+3	6.665591E+3	-1.065470E+4	7.859871E+3	-1.728911E+4
4.237000E+1	1.578585E+0	3.167406E+0	1.579013E+0	2.704131E-1	2.354780E+3	-1.853520E+3	4.617765E+3	-2.966015E+3	6.664500E+3	-1.065579E+4	7.857689E+3	-1.728967E+4
4.238000E+1	1.588485E+0	3.244486E+0	1.588913E+0	2.705141E-1	2.353688E+3	-1.852428E+3	4.617219E+3	-2.965469E+3	6.663408E+3	-1.065688E+4	7.855507E+3	-1.729023E+4
4.239000E+1	1.598909E+0	3.130873E+0	1.599337E+0	2.706205E-1	2.352754E+3	-1.851510E+3	4.616760E+3	-2.965026E+3	6.662457E+3	-1.065778E+4	7.853670E+3	-1.729073E+4
4.240000E+1	1.608559E+0	3.106578E+0	1.608987E+0	2.707189E-1	2.352649E+3	-1.851510E+3	4.616760E+3	-2.965131E+3	6.662249E+3	-1.065768E+4	7.853670E+3	-1.729093E+4
4.241000E+1	1.618350E+0	3.315740E+0	1.618778E+0	2.708188E-1	2.352545E+3	-1.851510E+3	4.616760E+3	-2.965235E+3	6.662040E+3	-1.065757E+4	7.853670E+3	-1.729114E+4
4.242000E+1	1.628327E+0	3.210262E+0	1.628755E+0	2.709206E-1	2.352441E+3	-1.851510E+3	4.616760E+3	-2.965339E+3	6.661832E+3	-1.065746E+4	7.853670E+3	-1.729134E+4
4.243000E+1	1.639105E+0	3.273700E+0	1.639533E+0	2.710306E-1	2.352337E+3	-1.851510E+3	4.616760E+3	-2.965443E+3	6.661623E+3	-1.065735E+4	7.853670E+3	-1.729154E+4
4.244000E+1	1.649832E+0	2.977066E+0	1.650260E+0	2.711401E-1	2.352232E+3	-1.851510E+3	4.616760E+3	-2.965548E+3	6.661415E+3	-1.065725E+4	7.853670E+3	-1.729175E+4
4.245000E+1	1.661870E+0	3.224557E+0	1.662298E+0	2.712629E-1	2.352128E+3	-1.851510E+3	4.616760E+3	-2.965652E+3	6.661206E+3	-1.065714E+4	7.853670E+3	-1.729195E+4
4.246000E+1	1.673060E+0	3.311279E+0	1.673488E+0	2.713771E-1	2.352024E+3	-1.851510E+3	4.616760E+3	-2.965756E+3	6.660998E+3	-1.065703E+4	7.853670E+3	-1.729215E+4
4.247000E+1	1.684452E+0	3.216376E+0	1.684880E+0	2.714934E-1	2.351920E+3	-1.851510E+3	4.616760E+3	-2.965860E+3	6.660790E+3	-1.065693E+4	7.853670E+3	-1.729235E+4
4.248000E+1	1.695502E+0	3.119689E+0	1.695930E+0	2.716061E-1	2.351816E+3	-1.851510E+3	4.616760E+3	-2.965964E+3	6.660581E+3	-1.065682E+4	7.853670E+3	-1.729256E+4
4.249000E+1	1.705583E+0	3.168268E+0	1.706011E+0	2.717090E-1	2.351711E+3	-1.851510E+3	4.616760E+3	-2.966069E+3	6.660373E+3	-1.065671E+4	7.853670E+3	-1.729276E+4
4.250000E+1	1.715120E+0	3.240983E+0	1.715548E+0	2.718063E-1	2.351607E+3	-1.851510E+3	4.616760E+3	-2.966173E+3	6.660164E+3	-1.065661E+4	7.853670E+3	-1.729296E+4
4.251000E+1	1.725218E+0	3.236217E+0	1.725646E+0	2.719093E-1	2.351503E+3	-1.851510E+3	4.616760E+3	-2.966277E+3	6.659956E+3	-1.065650E+4	7.853670E+3	-1.729317E+4
4.252000E+1	1.735882E+0	3.102897E+0	1.736310E+0	2.720181E-1	2.351399E+3	-1.851510E+3	4.616760E+3	-2.966381E+3	6.659748E+3	-1.065639E+4	7.853670E+3	-1.729337E+4
4.253000E+1	1.745886E+0	3.151076E+0	1.746314E+0	2.721202E-1	2.351295E+3	-1.851510E+3	4.616760E+3	-2.966485E+3	6.659539E+3	-1.065628E+4	7.853670E+3	-1.729357E+4
4.254000E+1	1.754830E+0	3.200065E+0	1.755258E+0	2.722115E-1	2.351190E+3	-1.851510E+3	4.616760E+3	-2.966590E+3	6.659331E+3	-1.065618E+4	7.853670E+3	-1.729377E+4
4.255000E+1	1.764299E+0	3.215428E+0	1.764727E+0	2.723081E-1	2.351086E+3	-1.851510E+3	4.616760E+3	-2.966694E+3	6.659122E+3	-1.065607E+4	7.853670E+3	-1.729398E+4
4.256000E+1	1.774030E+0	3.216913E+0	1.774458E+0	2.724074E-1	2.350982E+3	-1.851510E+3	4.616760E+3	-2.966798E+3	6.658914E+3	-1.065596E+4	7.853670E+3	-1.729418E+4
4.257000E+1	1.783730E+0	3.053688E+0	1.784158E+0	2.725064E-1	2.351171E+3	-1.852012E+3	4.616760E+3	-2.966860E+3	6.658539E+3	-1.065590E+4	7.853168E+3	-1.729430E+4
4.258000E+1	1.793436E+0	3.395857E+0	1.793864E+0	2.726054E-1	2.351789E+3	-1.853248E+3	4.616760E+3	-2.966860E+3	6.657921E+3	-1.065590E+4	7.851932E+3	-1.729430E+4
4.259000E+1	1.803272E+0	3.246670E+0	1.803700E+0	2.727058E-1	2.352408E+3	-1.854485E+3	4.616760E+3	-2.966860E+3	6.657302E+3	-1.065590E+4	7.850695E+3	-1.729430E+4
4.260000E+1	1.813622E+0	3.173179E+0	1.814050E+0	2.728114E-1	2.354485E+3	-1.851510E+3	4.615045E+3	-2.968575E+3	6.655090E+3	-1.065437E+4	7.849566E+3	-1.729277E+4
4.261000E+1	1.823509E+0	3.159826E+0	1.823937E+0	2.729123E-1	2.354160E+3	-1.851510E+3	4.615370E+3	-2.968250E+3	6.655090E+3	-1.065502E+4	7.848590E+3	-1.729342E+4
4.262000E+1	1.834228E+0	3.229402E+0	1.834656E+0	2.730217E-1	2.353834E+3	-1.851510E+3	4.615696E+3	-2.967924E+3	6.655090E+3	-1.065567E+4	7.847613E+3	-1.729407E+4
4.263000E+1	1.843660E+0	3.360976E+0	1.844088E+0	2.731179E-1	2.353509E+3	-1.851510E+3	4.616021E+3	-2.967599E+3	6.655090E+3	-1.065632E+4	7.846637E+3	-1.729472E+4
4.264000E+1	1.854240E+0	3.170401E+0	1.854668E+0	2.732259E-1	2.353184E+3	-1.851510E+3	4.616346E+3	-2.967274E+3	6.655090E+3	-1.065697E+4	7.845661E+3	-1.729537E+4
4.265000E+1	1.864228E+0	3.080345E+0	1.864656E+0	2.733278E-1	2.352858E+3	-1.851510E+3	4.616672E+3	-2.966948E+3	6.655090E+3	-1.065762E+4	7.844685E+3	-1.729602E+4
4.266000E+1	1.873431E+0	3.223442E+0	1.873859E+0	2.734217E-1	2.352770E+3	-1.850895E+3	4.616760E+3	-2.966860E+3	6.653861E+3	-1.065717E+4	7.845035E+3	-1.729620E+4
4.267000E+1	1.883509E+0	3.279862E+0	1.883938E+0	2.735245E-1	2.352770E+3	-1.850052E+3	4.616760E+3	-2.966860E+3	6.652174E+3	-1.065630E+4	7.845878E+3	-1.729620E+4
4.268000E+1	1.892500E+0	3.282935E+0	1.892928E+0	2.736163E-1	2.352770E+3	-1.849832E+3	4.616760E+3	-2.966975E+3	6.651333E+3	-1.065584E+4	7.846155E+3	-1.729620E+4
4.269000E+1	1.902050E+0	3.150709E+0	1.902478E+0	2.737137E-1	2.352770E+3	-1.850154E+3	4.616760E+3	-2.967189E+3	6.651225E+3	-1.065574E+4	7.845941E+3	-1.729620E+4
4.270000E+1	1.911307E+0	3.176266E+0	1.911735E+0	2.738082E-1	2.352770E+3	-1.850475E+3	4.616760E+3	-2.967404E+3	6.651118E+3	-1.065564E+4	7.845726E+3	-1.729620E+4
4.271000E+1	1.920843E+0	3.367578E+0	1.921271E+0	2.739055E-1	2.352770E+3	-1.850797E+3	4.616760E+3	-2.967618E+3	6.651011E+3	-1.065553E+4	7.845512E+3	-1.729620E+4
4.272000E+1	1.929353E+0	3.189565E+0	1.929781E+0	2.739923E-1	2.352770E+3	-1.851119E+3	4.616760E+3	-2.967832E+3	6.650904E+3	-1.065543E+4	7.845298E+3	-1.729620E+4
4.273000E+1	1.939110E+0	3.164349E+0	1.939538E+0	2.740919E-1	2.352770E+3	-1.851440E+3	4.616760E+3	-2.968047E+3	6.650797E+3	-1.065532E+4	7.845083E+3	-1.729620E+4
4.274000E+1	1.948538E+0	3.006693E+0	1.948966E+0	2.741881E-1	2.352770E+3	-1.851762E+3	4.616760E+3	-2.968261E+3	6.650689E+3	-1.065522E+4	7.844869E+3	-1.729620E+4
4.275000E+1	1.958285E+0	3.321490E+0	1.958713E+0	2.742876E-1	2.352770E+3	-1.852084E+3	4.616760E+3	-2.968476E+3	6.650582E+3	-1.065511E+4	7.844654E+3	-1.729620E+4
4.276000E+1	1.966749E+0	3.324287E+0	1.967177E+0	2.743739E-1	2.352770E+3	-1.852405E+3	4.616760E+3	-2.968690E+3	6.650475E+3	-1.065501E+4	7.844440E+3	-1.729620E+4
4.277000E+1	1.975873E+0	3.105718E+0	1.976301E+0	2.744670E-1	2.352770E+3	-1.852727E+3	4.616760E+3	-2.968905E+3	6.650368E+3	-1.065491E+4	7.844225E+3	-1.729620E+4
4.278000E+1	1.985106E+0	3.130749E+0	1.985534E+0	2.745612E-1	2.352770E+3	-1.853049E+3	4.616760E+3	-2.969119E+3	6.650260E+3	-1.065480E+4	7.844011E+3	-1.729620E+4
4.279000E+1	1.994839E+0	3.208438E+0	1.995267E+0	2.746606E-1	2.352770E+3	-1.853370E+3	4.616760E+3	-2.969334E+3	6.650153E+3	-1.065470E+4	7.843796E+3	-1.729620E+4
4.280000E+1	2.004248E+0	3.264558E+0	2.004676E+0	2.747566E-1	2.352770E+3	-1.853692E+3	4.616760E+3	-2.969548E+3	6.650046E+3	-1.065459E+4	7.843582E+3	-1.729620E+4
4.281000E+1	2.014032E+0	3.181996E+0	2.014460E+0	2.748564E-1	2.352770E+3	-1.854014E+3	4.616760E+3	-2.969762E+3	6.649939E+3	-1.065449E+4	7.843368E+3	-1.729620E+4
4.282000E+1	2.024325E+0	3.034309E+0	2.024753E+0	2.749614E-1	2.352770E+3	-1.854335E+3	4.616760E+3	-2.969977E+3	6.649832E+3	-1.065438E+4	7.843153E+3	-1.729620E+4
4.283000E+1	2.034546E+0	3.124496E+0	2.034974E+0	2.750657E-1	2.352770E+3	-1.854657E+3	4.616760E+3	-2.970191E+3	6.649724E+3	-1.065428E+4	7.842939E+3	-1.729620E+4
4.284000E+1	2.045059E+0	3.329116E+0	2.045487E+0	2.751730E-1	2.352770E+3	-1.854979E+3	4.616760E+3	-2.970406E+3	6.649617E+3	-1.065418E+4	7.842724E+3	-1.729620E+4
4.285000E+1	2.055975E+0	3.213082E+0	2.056403E+0	2.752844E-1	2.352770E+3	-1.853072E+3	4.615006E+3	-2.966860E+3	6.647594E+3	-1.065419E+4	7.840432E+3	-1.729629E+4
4.286000E+1	2.066969E+0	3.214999E+0	2.067397E+0	2.753966E-1	2.352770E+3	-1.851482E+3	4.615536E+3	-2.966860E+3	6.647064E+3	-1.065471E+4	7.838842E+3	-1.729681E+4
4.287000E+1	2.077498E+0	3.113032E+0	2.077926E+0	2.755040E-1	2.352770E+3	-1.849892E+3	4.616066E+3	-2.966860E+3	6.646534E+3	-1.065522E+4	7.837252E+3	-1.729732E+4
4.288000E+1	2.088036E+0	3.375742E+0	2.088464E+0	2.756116E-1	2.352770E+3	-1.848302E+3	4.616596E+3	-2.966860E+3	6.646004E+3	-1.065574E+4	7.835662E+3	-1.729784E+4
4.289000E+1	2.099040E+0	3.211784E+0	2.099469E+0	2.757238E-1	2.352770E+3	-1.848367E+3	4.616760E+3	-2.967138E+3	6.645283E+3	-1.065534E+4	7.835170E+3	-1.729829E+4
4.290000E+1	2.108369E+0	3.242341E+0	2.108797E+0	2.758190E-1	2.352770E+3	-1.849173E+3	4.616760E+3	-2.967542E+3	6.644477E+3	-1.065454E+4	7.835170E+3	-1.729870E+4
4.291000E+1	2.117535E+0	3.129901E+0	2.117963E+0	2.759126E-1	2.352770E+3	-1.849980E+3	4.616760E+3	-2.967945E+3	6.643670E+3	-1.065373E+4	7.835170E+3	-1.729911E+4
4.292000E+1	2.126531E+0	3.289398E+0	2.126959E+0	2.760044E-1	2.352770E+3	-1.850786E+3	4.616760E+3	-2.968348E+3	6.642864E+3	-1.065292E+4	7.835170E+3	-1.729953E+4
4.293000E+1	2.136012E+0	3.335225E+0	2.136440E+0	2.761011E-1	2.352770E+3	-1.851450E+3	4.616641E+3	-2.968770E+3	6.642021E+3	-1.065220E+4	7.834991E+3	-1.729984E+4
4.294000E+1	2.145357E+0	3.203669E+0	2.145785E+0	2.761965E-1	2.352770E+3	-1.850871E+3	4.615481E+3	-2.969349E+3	6.640861E+3	-1.065220E+4	7.833252E+3	-1.729924E+4
4.295000E+1	2.154594E+0	3.149751E+0	2.155022E+0	2.762907E-1	2.352770E+3	-1.850291E+3	4.614322E+3	-2.969929E+3	6.639702E+3	-1.065220E+4	7.831513E+3	-1.729865E+4
4.296000E+1	2.164060E+0	3.207971E+0	2.164488E+0	2.763873E-1	2.352770E+3	-1.849711E+3	4.613163E+3	-2.970509E+3	6.638543E+3	-1.065220E+4	7.829774E+3	-1.729805E+4
4.297000E+1	2.173680E+0	3.296804E+0	2.174108E+0	2.764855E-1	2.352418E+3	-1.849660E+3	4.613060E+3	-2.970912E+3	6.638792E+3	-1.065256E+4	7.828916E+3	-1.729800E+4
4.298000E+1	2.183304E+0	3.288153E+0	2.183732E+0	2.765837E-1	2.352031E+3	-1.849660E+3	4.613060E+3	-2.971299E+3	6.639179E+3	-1.065296E+4	7.828143E+3	-1.729800E+4
4.299000E+1	2.193110E+0	3.121296E+0	2.193538E+0	2.766837E-1	2.351645E+3	-1.849660E+3	4.613060E+3	-2.971685E+3	6.639565E+3	-1.065336E+4	7.827370E+3	-1.729800E+4
4.300000E+1	2.201384E+0	3.132308E+0	2.201812E+0	2.767682E-1	2.351258E+3	-1.849660E+3	4.613060E+3	-2.972072E+3	6.639952E+3	-1.065375E+4	7.826597E+3	-1.729800E+4
4.301000E+1	2.210179E+0	3.287657E+0	2.210607E+0	2.768579E-1	2.350928E+3	-1.849676E+3	4.613060E+3	-2.972402E+3	6.640290E+3	-1.065408E+4	7.825936E+3	-1.729800E+4
4.302000E+1	2.219377E+0	3.320293E+0	2.219805E+0	2.769518E-1	2.350990E+3	-1.849801E+3	4.613060E+3	-2.972340E+3	6.640290E+3	-1.065396E+4	7.826061E+3	-1.729800E+4
4.303000E+1	2.228122E+0	3.153926E+0	2.228550E+0	2.770410E-1	2.351053E+3	-1.849926E+3	4.613060E+3	-2.972277E+3	6.640290E+3	-1.065383E+4	7.826186E+3	-1.729800E+4
4.304000E+1	2.237720E+0	3.072307E+0	2.238148E+0	2.771389E-1	2.351116E+3	-1.850052E+3	4.613060E+3	-2.972214E+3	6.640290E+3	-1.065371E+4	7.826312E+3	-1.729800E+4
4.305000E+1	2.248558E+0	3.305832E+0	2.248987E+0	2.772495E-1	2.351178E+3	-1.850177E+3	4.613060E+3	-2.972152E+3	6.640290E+3	-1.065358E+4	7.826437E+3	-1.729800E+4
4.306000E+1	2.258971E+0	3.322846E+0	2.259399E+0	2.773558E-1	2.351241E+3	-1.850302E+3	4.613060E+3	-2.972089E+3	6.640290E+3	-1.065346E+4	7.826562E+3	-1.729800E+4
4.307000E+1	2.269469E+0	3.089626E+0	2.269897E+0	2.774629E-1	2.351304E+3	-1.850428E+3	4.613060E+3	-2.972026E+3	6.640290E+3	-1.065333E+4	7.826688E+3	-1.729800E+4
4.308000E+1	2.280148E+0	3.155794E+0	2.280576E+0	2.775719E-1	2.351366E+3	-1.850553E+3	4.613060E+3	-2.971964E+3	6.640290E+3	-1.065321E+4	7.826813E+3	-1.729800E+4
4.309000E+1	2.290640E+0	3.223047E+0	2.291068E+0	2.776789E-1	2.351429E+3	-1.850678E+3	4.613060E+3	-2.971901E+3	6.640290E+3	-1.065308E+4	7.826938E+3	-1.729800E+4
4.310000E+1	2.301686E+0	3.374622E+0	2.302114E+0	2.777917E-1	2.351492E+3	-1.850804E+3	4.613060E+3	-2.971838E+3	6.640290E+3	-1.065296E+4	7.827064E+3	-1.729800E+4
4.311000E+1	2.313403E+0	3.285596E+0	2.313831E+0	2.779112E-1	2.351554E+3	-1.850929E+3	4.613060E+3	-2.971776E+3	6.640290E+3	-1.065283E+4	7.827189E+3	-1.729800E+4
4.312000E+1	2.324213E+0	3.088105E+0	2.324641E+0	2.780215E-1	2.351617E+3	-1.851054E+3	4.613060E+3	-2.971713E+3	6.640290E+3	-1.065271E+4	7.827314E+3	-1.729800E+4
4.313000E+1	2.334313E+0	3.263358E+0	2.334741E+0	2.781246E-1	2.351680E+3	-1.851180E+3	4.613060E+3	-2.971650E+3	6.640290E+3	-1.065258E+4	7.827440E+3	-1.729800E+4
4.314000E+1	2.344792E+0	3.360414E+0	2.345220E+0	2.782315E-1	2.351742E+3	-1.851305E+3	4.613060E+3	-2.971588E+3	6.640290E+3	-1.065246E+4	7.827565E+3	-1.729800E+4
4.315000E+1	2.354864E+0	3.251438E+0	2.355292E+0	2.783343E-1	2.351805E+3	-1.851430E+3	4.613060E+3	-2.971525E+3	6.640290E+3	-1.065233E+4	7.827690E+3	-1.729800E+4
4.316000E+1	2.364675E+0	3.240545E+0	2.365103E+0	2.784344E-1	2.351868E+3	-1.851556E+3	4.613060E+3	-2.971462E+3	6.640290E+3	-1.065220E+4	7.827816E+3	-1.729800E+4
4.317000E+1	2.374256E+0	3.159500E+0	2.374684E+0	2.785322E-1	2.351930E+3	-1.851681E+3	4.613060E+3	-2.971400E+3	6.640290E+3	-1.065208E+4	7.827941E+3	-1.729800E+4
4.318000E+1	2.383738E+0	3.419327E+0	2.384166E+0	2.786289E-1	2.351993E+3	-1.851806E+3	4.613060E+3	-2.971337E+3	6.640290E+3	-1.065195E+4	7.828066E+3	-1.729800E+4
4.319000E+1	2.393193E+0	3.260318E+0	2.393621E+0	2.787254E-1	2.352056E+3	-1.851932E+3	4.613060E+3	-2.971274E+3	6.640290E+3	-1.065183E+4	7.828192E+3	-1.729800E+4
4.320000E+1	2.402129E+0	3.239905E+0	2.402557E+0	2.788166E-1	2.352118E+3	-1.852057E+3	4.613060E+3	-2.971212E+3	6.640290E+3	-1.065170E+4	7.828317E+3	-1.729800E+4
4.321000E+1	2.411435E+0	3.217564E+0	2.411863E+0	2.789115E-1	2.352181E+3	-1.852182E+3	4.613060E+3	-2.971149E+3	6.640290E+3	-1.065158E+4	7.828442E+3	-1.729800E+4
4.322000E+1	2.420749E+0	3.307720E+0	2.421177E+0	2.790066E-1	2.352244E+3	-1.852308E+3	4.613060E+3	-2.971086E+3	6.640290E+3	-1.065145E+4	7.828568E+3	-1.729800E+4
4.323000E+1	2.429723E+0	3.336026E+0	2.430151E+0	2.790982E-1	2.352306E+3	-1.852433E+3	4.613060E+3	-2.971024E+3	6.640290E+3	-1.065133E+4	7.828693E+3	-1.729800E+4
4.324000E+1	2.439386E+0	3.227051E+0	2.439814E+0	2.791968E-1	2.352369E+3	-1.852558E+3	4.613060E+3	-2.970961E+3	6.640290E+3	-1.065120E+4	7.828818E+3	-1.729800E+4
4.325000E+1	2.448532E+0	3.173758E+0	2.448960E+0	2.792901E-1	2.352432E+3	-1.852684E+3	4.613060E+3	-2.970898E+3	6.640290E+3	-1.065108E+4	7.828944E+3	-1.729800E+4
4.326000E+1	2.458110E+0	3.258030E+0	2.458538E+0	2.793878E-1	2.352494E+3	-1.852809E+3	4.613060E+3	-2.970836E+3	6.640290E+3	-1.065095E+4	7.829069E+3	-1.729800E+4
4.327000E+1	2.468292E+0	3.257439E+0	2.468720E+0	2.794917E-1	2.352557E+3	-1.852934E+3	4.613060E+3	-2.970773E+3	6.640290E+3	-1.065083E+4	7.829194E+3	-1.729800E+4
4.328000E+1	2.478413E+0	3.369373E+0	2.478841E+0	2.795950E-1	2.352620E+3	-1.853060E+3	4.613060E+3	-2.970710E+3	6.640290E+3	-1.065070E+4	7.829320E+3	-1.729800E+4
4.329000E+1	2.489181E+0	3.142594E+0	2.489609E+0	2.797049E-1	2.352682E+3	-1.853185E+3	4.613060E+3	-2.970648E+3	6.640290E+3	-1.065058E+4	7.829445E+3	-1.729800E+4
4.330000E+1	2.497885E+0	3.194551E+0	2.498313E+0	2.797937E-1	2.352745E+3	-1.853310E+3	4.613060E+3	-2.970585E+3	6.640290E+3	-1.065045E+4	7.829570E+3	-1.729800E+4
4.331000E+1	2.508053E+0	3.366831E+0	2.508481E+0	2.798974E-1	2.349070E+3	-1.849441E+3	4.611429E+3	-2.972191E+3	6.630821E+3	-1.064916E+4	7.821791E+3	-1.729823E+4
4.332000E+1	2.517132E+0	3.260147E+0	2.517560E+0	2.799901E-1	2.349070E+3	-1.849077E+3	4.611793E+3	-2.971827E+3	6.630457E+3	-1.065026E+4	7.821064E+3	-1.729860E+4
4.333000E+1	2.526619E+0	3.224296E+0	2.527047E+0	2.800869E-1	2.349070E+3	-1.848713E+3	4.612157E+3	-2.971463E+3	6.630093E+3	-1.065137E+4	7.820336E+3	-1.729897E+4
4.334000E+1	2.536135E+0	3.139071E+0	2.536563E+0	2.801840E-1	2.349070E+3	-1.848350E+3	4.612520E+3	-2.971100E+3	6.629730E+3	-1.065247E+4	7.819609E+3	-1.729935E+4
4.335000E+1	2.545270E+0	3.302288E+0	2.545698E+0	2.802772E-1	2.349070E+3	-1.847986E+3	4.612884E+3	-2.970736E+3	6.629366E+3	-1.065357E+4	7.818882E+3	-1.729972E+4
4.336000E+1	2.554170E+0	3.290047E+0	2.554598E+0	2.803680E-1	2.349070E+3	-1.847984E+3	4.612886E+3	-2.970560E+3	6.629016E+3	-1.065410E+4	7.818356E+3	-1.730007E+4
4.337000E+1	2.562883E+0	3.210790E+0	2.563311E+0	2.804569E-1	2.349070E+3	-1.848322E+3	4.612548E+3	-2.970560E+3	6.628678E+3	-1.065410E+4	7.818018E+3	-1.730040E+4
4.338000E+1	2.571889E+0	3.205389E+0	2.572318E+0	2.805488E-1	2.349070E+3	-1.848659E+3	4.612211E+3	-2.970560E+3	6.628341E+3	-1.065410E+4	7.817681E+3	-1.730073E+4
4.339000E+1	2.581024E+0	3.211407E+0	2.581452E+0	2.806420E-1	2.349070E+3	-1.848996E+3	4.611874E+3	-2.970560E+3	6.628004E+3	-1.065410E+4	7.817344E+3	-1.730105E+4
4.340000E+1	2.590734E+0	3.332650E+0	2.591162E+0	2.807411E-1	2.349070E+3	-1.849333E+3	4.611537E+3	-2.970560E+3	6.627667E+3	-1.065410E+4	7.817007E+3	-1.730138E+4
4.341000E+1	2.599684E+0	3.299506E+0	2.600112E+0	2.808325E-1	2.349128E+3	-1.849748E+3	4.611239E+3	-2.970560E+3	6.627311E+3	-1.065404E+4	7.816680E+3	-1.730170E+4
4.342000E+1	2.610395E+0	3.087780E+0	2.610823E+0	2.809417E-1	2.350983E+3	-1.852530E+3	4.612167E+3	-2.970560E+3	6.626383E+3	-1.065219E+4	7.816680E+3	-1.730170E+4
4.343000E+1	2.621616E+0	3.285399E+0	2.622044E+0	2.810562E-1	2.352770E+3	-1.855187E+3	4.613037E+3	-2.970583E+3	6.625490E+3	-1.065041E+4	7.816657E+3	-1.730169E+4
4.344000E+1	2.632873E+0	3.354310E+0	2.633301E+0	2.811711E-1	2.352770E+3	-1.854569E+3	4.612419E+3	-2.971201E+3	6.625490E+3	-1.065071E+4	7.816039E+3	-1.730139E+4
4.345000E+1	2.643430E+0	3.281048E+0	2.643858E+0	2.812788E-1	2.352770E+3	-1.853951E+3	4.611801E+3	-2.971819E+3	6.625490E+3	-1.065101E+4	7.815421E+3	-1.730109E+4
4.346000E+1	2.653603E+0	3.245890E+0	2.654031E+0	2.813826E-1	2.352770E+3	-1.853332E+3	4.611182E+3	-2.972438E+3	6.625490E+3	-1.065131E+4	7.814802E+3	-1.730079E+4
4.347000E+1	2.663976E+0	3.054335E+0	2.664404E+0	2.814885E-1	2.352770E+3	-1.852714E+3	4.610564E+3	-2.973056E+3	6.625490E+3	-1.065161E+4	7.814184E+3	-1.730049E+4
4.348000E+1	2.674220E+0	3.406461E+0	2.674648E+0	2.815930E-1	2.352770E+3	-1.852096E+3	4.609946E+3	-2.973674E+3	6.625490E+3	-1.065192E+4	7.813566E+3	-1.730018E+4
4.349000E+1	2.685900E+0	3.180808E+0	2.686328E+0	2.817122E-1	2.352709E+3	-1.851693E+3	4.609421E+3	-2.974321E+3	6.625551E+3	-1.065214E+4	7.812919E+3	-1.729984E+4
4.350000E+1	2.696885E+0	3.233428E+0	2.697313E+0	2.818243E-1	2.351550E+3	-1.855171E+3	4.610580E+3	-2.975480E+3	6.626710E+3	-1.065101E+4	7.811760E+3	-1.729865E+4
4.351000E+1	2.707026E+0	3.093001E+0	2.707454E+0	2.819278E-1	2.350920E+3	-1.856561E+3	4.611459E+3	-2.975861E+3	6.627091E+3	-1.065014E+4	7.811629E+3	-1.729850E+4
4.352000E+1	2.716946E+0	3.222676E+0	2.717374E+0	2.820290E-1	2.350920E+3	-1.855470E+3	4.612005E+3	-2.975315E+3	6.626545E+3	-1.064958E+4	7.812720E+3	-1.729959E+4
4.353000E+1	2.727131E+0	3.330029E+0	2.727559E+0	2.821329E-1	2.350920E+3	-1.854379E+3	4.612550E+3	-2.974770E+3	6.626000E+3	-1.064902E+4	7.813811E+3	-1.730068E+4
4.354000E+1	2.736724E+0	3.225290E+0	2.737153E+0	2.822308E-1	2.350920E+3	-1.853306E+3	4.613033E+3	-2.974233E+3	6.625408E+3	-1.064858E+4	7.814748E+3	-1.730170E+4
4.355000E+1	2.746357E+0	3.091841E+0	2.746785E+0	2.823291E-1	2.350920E+3	-1.852481E+3	4.612621E+3	-2.973821E+3	6.624172E+3	-1.064983E+4	7.813512E+3	-1.730170E+4
4.356000E+1	2.756256E+0	3.363038E+0	2.756684E+0	2.824301E-1	2.350920E+3	-1.851657E+3	4.612208E+3	-2.973408E+3	6.622935E+3	-1.065108E+4	7.812275E+3	-1.730170E+4
4.357000E+1	2.765605E+0	3.280554E+0	2.766033E+0	2.825255E-1	2.350920E+3	-1.850832E+3	4.611796E+3	-2.972996E+3	6.621698E+3	-1.065233E+4	7.811038E+3	-1.730170E+4
4.358000E+1	2.774444E+0	3.293516E+0	2.774872E+0	2.826157E-1	2.350920E+3	-1.850008E+3	4.611384E+3	-2.972584E+3	6.620462E+3	-1.065357E+4	7.809802E+3	-1.730170E+4
4.359000E+1	2.784939E+0	3.181780E+0	2.785367E+0	2.827228E-1	2.350920E+3	-1.849660E+3	4.611545E+3	-2.972410E+3	6.619605E+3	-1.065410E+4	7.809280E+3	-1.730204E+4
4.360000E+1	2.794160E+0	3.270394E+0	2.794588E+0	2.828169E-1	2.350920E+3	-1.849660E+3	4.612125E+3	-2.972410E+3	6.619025E+3	-1.065410E+4	7.809280E+3	-1.730264E+4
4.361000E+1	2.803413E+0	3.379346E+0	2.803841E+0	2.829113E-1	2.350920E+3	-1.849660E+3	4.612704E+3	-2.972410E+3	6.618446E+3	-1.065410E+4	7.809280E+3	-1.730323E+4
4.362000E+1	2.813315E+0	3.279283E+0	2.813743E+0	2.830124E-1	2.350920E+3	-1.849953E+3	4.613060E+3	-2.972556E+3	6.618090E+3	-1.065381E+4	7.809134E+3	-1.730360E+4
4.363000E+1	2.822007E+0	3.238276E+0	2.822436E+0	2.831011E-1	2.350920E+3	-1.850710E+3	4.613060E+3	-2.972935E+3	6.618090E+3	-1.065305E+4	7.808755E+3	-1.730360E+4
4.364000E+1	2.830641E+0	3.146148E+0	2.831069E+0	2.831892E-1	2.350920E+3	-1.851467E+3	4.613060E+3	-2.973313E+3	6.618090E+3	-1.065229E+4	7.808377E+3	-1.730360E+4
4.365000E+1	2.839733E+0	3.324603E+0	2.840161E+0	2.832819E-1	2.350920E+3	-1.852224E+3	4.613060E+3	-2.973692E+3	6.618090E+3	-1.065154E+4	7.807998E+3	-1.730360E+4
4.366000E+1	2.848670E+0	3.329671E+0	2.849098E+0	2.833731E-1	2.350920E+3	-1.852981E+3	4.613060E+3	-2.974071E+3	6.618090E+3	-1.065078E+4	7.807619E+3	-1.730360E+4
4.367000E+1	2.858121E+0	3.262090E+0	2.858549E+0	2.834696E-1	2.350920E+3	-1.853360E+3	4.613030E+3	-2.974260E+3	6.618090E+3	-1.065040E+4	7.807339E+3	-1.730357E+4
4.368000E+1	2.867946E+0	3.228952E+0	2.868374E+0	2.835698E-1	2.350920E+3	-1.853360E+3	4.612969E+3	-2.974260E+3	6.618090E+3	-1.065040E+4	7.807157E+3	-1.730351E+4
4.369000E+1	2.877785E+0	3.282832E+0	2.878213E+0	2.836702E-1	2.350920E+3	-1.853360E+3	4.612908E+3	-2.974260E+3	6.618090E+3	-1.065040E+4	7.806975E+3	-1.730344E+4
4.370000E+1	2.887446E+0	3.389947E+0	2.887875E+0	2.837688E-1	2.350920E+3	-1.853360E+3	4.612848E+3	-2.974260E+3	6.618090E+3	-1.065040E+4	7.806794E+3	-1.730338E+4
4.371000E+1	2.896993E+0	3.294962E+0	2.897421E+0	2.838662E-1	2.350920E+3	-1.853360E+3	4.612787E+3	-2.974260E+3	6.618090E+3	-1.065040E+4	7.806612E+3	-1.730332E+4
4.372000E+1	2.906836E+0	3.124440E+0	2.907264E+0	2.839667E-1	2.350920E+3	-1.853360E+3	4.612727E+3	-2.974260E+3	6.618090E+3	-1.065040E+4	7.806430E+3	-1.730326E+4
4.373000E+1	2.917152E+0	3.320178E+0	2.917580E+0	2.840719E-1	2.350920E+3	-1.853360E+3	4.612666E+3	-2.974260E+3	6.618090E+3	-1.065040E+4	7.806248E+3	-1.730320E+4
4.374000E+1	2.926588E+0	3.289697E+0	2.927016E+0	2.841682E-1	2.350920E+3	-1.853360E+3	4.612605E+3	-2.974260E+3	6.618090E+3	-1.065040E+4	7.806066E+3	-1.730313E+4
4.375000E+1	2.936445E+0	3.303855E+0	2.936873E+0	2.842688E-1	2.350920E+3	-1.853360E+3	4.612545E+3	-2.974260E+3	6.618090E+3	-1.065040E+4	7.805884E+3	-1.730307E+4
4.376000E+1	2.945701E+0	3.295415E+0	2.946129E+0	2.843632E-1	2.350920E+3	-1.853360E+3	4.612484E+3	-2.974260E+3	6.618090E+3	-1.065040E+4	7.805702E+3	-1.730301E+4
4.377000E+1	2.955327E+0	3.081914E+0	2.955755E+0	2.844615E-1	2.350920E+3	-1.853360E+3	4.612424E+3	-2.974260E+3	6.618090E+3	-1.065040E+4	7.805521E+3	-1.730295E+4
4.378000E+1	2.964290E+0	3.403763E+0	2.964718E+0	2.845529E-1	2.350920E+3	-1.853360E+3	4.612363E+3	-2.974260E+3	6.618090E+3	-1.065040E+4	7.805339E+3	-1.730288E+4
4.379000E+1	2.972740E+0	3.307557E+0	2.973169E+0	2.846391E-1	2.350920E+3	-1.853360E+3	4.612302E+3	-2.974260E+3	6.618090E+3	-1.065040E+4	7.805157E+3	-1.730282E+4
4.380000E+1	2.980575E+0	3.224655E+0	2.981003E+0	2.847191E-1	2.350920E+3	-1.853360E+3	4.612242E+3	-2.974260E+3	6.618090E+3	-1.065040E+4	7.804975E+3	-1.730276E+4
4.381000E+1	2.989725E+0	3.185962E+0	2.990153E+0	2.848125E-1	2.350920E+3	-1.853360E+3	4.612181E+3	-2.974260E+3	6.618090E+3	-1.065040E+4	7.804793E+3	-1.730270E+4
4.382000E+1	3.000509E+0	3.322936E+0	3.000937E+0	2.849225E-1	2.350920E+3	-1.853360E+3	4.612120E+3	-2.974260E+3	6.618090E+3	-1.065040E+4	7.804611E+3	-1.730264E+4
4.383000E+1	3.009777E+0	3.378450E+0	3.010205E+0	2.850171E-1	2.350920E+3	-1.853360E+3	4.612060E+3	-2.974260E+3	6.618090E+3	-1.065040E+4	7.804429E+3	-1.730257E+4
4.384000E+1	3.018611E+0	3.221299E+0	3.019040E+0	2.851072E-1	2.350920E+3	-1.853360E+3	4.611999E+3	-2.974260E+3	6.618090E+3	-1.065040E+4	7.804248E+3	-1.730251E+4
4.385000E+1	3.027950E+0	3.099375E+0	3.028378E+0	2.852025E-1	2.350920E+3	-1.853360E+3	4.611939E+3	-2.974260E+3	6.618090E+3	-1.065040E+4	7.804066E+3	-1.730245E+4
4.386000E+1	3.038797E+0	3.381161E+0	3.039225E+0	2.853132E-1	2.350920E+3	-1.853360E+3	4.611878E+3	-2.974260E+3	6.618090E+3	-1.065040E+4	7.803884E+3	-1.730239E+4
4.387000E+1	3.049418E+0	3.321314E+0	3.049846E+0	2.854216E-1	2.350920E+3	-1.853360E+3	4.611817E+3	-2.974260E+3	6.618090E+3	-1.065040E+4	7.803702E+3	-1.730232E+4
4.388000E+1	3.058502E+0	3.334872E+0	3.058930E+0	2.855143E-1	2.350920E+3	-1.853360E+3	4.611757E+3	-2.974260E+3	6.618090E+3	-1.065040E+4	7.803520E+3	-1.730226E+4
4.389000E+1	3.069353E+0	3.127248E+0	3.069781E+0	2.856250E-1	2.350920E+3	-1.853360E+3	4.611696E+3	-2.974260E+3	6.618090E+3	-1.065040E+4	7.803338E+3	-1.730220E+4
4.390000E+1	3.079404E+0	3.219496E+0	3.079832E+0	2.857275E-1	2.350920E+3	-1.853360E+3	4.611635E+3	-2.974260E+3	6.618090E+3	-1.065040E+4	7.803156E+3	-1.730214E+4
4.391000E+1	3.089543E+0	3.453615E+0	3.089971E+0	2.858310E-1	2.350920E+3	-1.853360E+3	4.611575E+3	-2.974260E+3	6.618090E+3	-1.065040E+4	7.802975E+3	-1.730207E+4
4.392000E+1	3.099461E+0	3.335436E+0	3.099889E+0	2.859322E-1	2.350920E+3	-1.853360E+3	4.611514E+3	-2.974260E+3	6.618090E+3	-1.065040E+4	7.802793E+3	-1.730201E+4
4.393000E+1	3.109914E+0	3.339011E+0	3.110342E+0	2.860389E-1	2.350920E+3	-1.853360E+3	4.611454E+3	-2.974260E+3	6.618090E+3	-1.065040E+4	7.802611E+3	-1.730195E+4
4.394000E+1	3.119481E+0	3.155814E+0	3.119909E+0	2.861365E-1	2.350920E+3	-1.853360E+3	4.611393E+3	-2.974260E+3	6.618090E+3	-1.065040E+4	7.802429E+3	-1.730189E+4
4.395000E+1	3.128974E+0	3.398456E+0	3.129402E+0	2.862334E-1	2.350920E+3	-1.853360E+3	4.611332E+3	-2.974260E+3	6.618090E+3	-1.065040E+4	7.802247E+3	-1.730183E+4
4.396000E+1	3.138729E+0	3.380473E+0	3.139157E+0	2.863329E-1	2.350920E+3	-1.853360E+3	4.611272E+3	-2.974260E+3	6.618090E+3	-1.065040E+4	7.802065E+3	-1.730176E+4
4.397000E+1	3.148349E+0	3.225658E+0	3.148777E+0	2.864311E-1	2.350920E+3	-1.853360E+3	4.611211E+3	-2.974260E+3	6.618090E+3	-1.065040E+4	7.801883E+3	-1.730170E+4
4.398000E+1	3.157260E+0	3.279142E+0	3.157688E+0	2.865220E-1	2.347643E+3	-1.848233E+3	4.609360E+3	-2.977537E+3	6.610277E+3	-1.065094E+4	7.791203E+3	-1.730360E+4
4.399000E+1	3.166301E+0	3.358495E+0	3.166729E+0	2.866143E-1	2.348075E+3	-1.848665E+3	4.609360E+3	-2.977105E+3	6.609845E+3	-1.064966E+4	7.791635E+3	-1.730360E+4
4.400000E+1	3.176585E+0	3.440644E+0	3.177013E+0	2.867192E-1	2.348506E+3	-1.849096E+3	4.609360E+3	-2.976674E+3	6.609414E+3	-1.064838E+4	7.792066E+3	-1.730360E+4
4.401000E+1	3.186667E+0	3.298902E+0	3.187095E+0	2.868221E-1	2.348938E+3	-1.849528E+3	4.609360E+3	-2.976242E+3	6.608982E+3	-1.064709E+4	7.792498E+3	-1.730360E+4
4.402000E+1	3.196756E+0	3.212416E+0	3.197184E+0	2.869250E-1	2.349070E+3	-1.849124E+3	4.609360E+3	-2.975574E+3	6.607779E+3	-1.064722E+4	7.792630E+3	-1.730412E+4
4.403000E+1	3.206620E+0	3.340227E+0	3.207048E+0	2.870257E-1	2.349070E+3	-1.848352E+3	4.609360E+3	-2.974802E+3	6.606233E+3	-1.064797E+4	7.792630E+3	-1.730487E+4
4.404000E+1	3.216995E+0	3.262925E+0	3.217423E+0	2.871315E-1	2.349015E+3	-1.847755E+3	4.609360E+3	-2.974260E+3	6.605095E+3	-1.064861E+4	7.792465E+3	-1.730540E+4
4.405000E+1	3.227087E+0	3.292779E+0	3.227515E+0	2.872345E-1	2.348831E+3	-1.847571E+3	4.609360E+3	-2.974260E+3	6.604911E+3	-1.064898E+4	7.791914E+3	-1.730540E+4
4.406000E+1	3.237142E+0	3.322373E+0	3.237570E+0	2.873371E-1	2.348648E+3	-1.847388E+3	4.609360E+3	-2.974260E+3	6.604728E+3	-1.064934E+4	7.791363E+3	-1.730540E+4
4.407000E+1	3.246410E+0	3.193788E+0	3.246838E+0	2.874317E-1	2.348464E+3	-1.847204E+3	4.609360E+3	-2.974260E+3	6.604544E+3	-1.064971E+4	7.790812E+3	-1.730540E+4
4.408000E+1	3.256824E+0	3.423599E+0	3.257252E+0	2.875380E-1	2.348280E+3	-1.847020E+3	4.609360E+3	-2.974260E+3	6.604360E+3	-1.065008E+4	7.790261E+3	-1.730540E+4
4.409000E+1	3.267085E+0	3.248705E+0	3.267513E+0	2.876427E-1	2.348097E+3	-1.846837E+3	4.609360E+3	-2.974260E+3	6.604177E+3	-1.065045E+4	7.789710E+3	-1.730540E+4
4.410000E+1	3.275743E+0	3.282498E+0	3.276171E+0	2.877310E-1	2.347913E+3	-1.846653E+3	4.609360E+3	-2.974260E+3	6.603993E+3	-1.065081E+4	7.789159E+3	-1.730540E+4
4.411000E+1	3.284984E+0	3.180017E+0	3.285412E+0	2.878253E-1	2.347729E+3	-1.846469E+3	4.609360E+3	-2.974260E+3	6.603809E+3	-1.065118E+4	7.788608E+3	-1.730540E+4
4.412000E+1	3.293554E+0	3.343432E+0	3.293982E+0	2.879128E-1	2.347546E+3	-1.846286E+3	4.609360E+3	-2.974260E+3	6.603626E+3	-1.065155E+4	7.788057E+3	-1.730540E+4
4.413000E+1	3.302888E+0	3.387779E+0	3.303316E+0	2.880080E-1	2.347362E+3	-1.846102E+3	4.609360E+3	-2.974260E+3	6.603442E+3	-1.065192E+4	7.787506E+3	-1.730540E+4
4.414000E+1	3.312279E+0	3.295351E+0	3.312708E+0	2.881038E-1	2.343702E+3	-1.849842E+3	4.609178E+3	-2.974625E+3	6.597568E+3	-1.064850E+4	7.786533E+3	-1.730910E+4
4.415000E+1	3.322118E+0	3.178413E+0	3.322546E+0	2.882042E-1	2.344509E+3	-1.850649E+3	4.608371E+3	-2.976238E+3	6.596761E+3	-1.064850E+4	7.784113E+3	-1.730910E+4
4.416000E+1	3.331131E+0	3.375845E+0	3.331559E+0	2.882962E-1	2.345315E+3	-1.851455E+3	4.607565E+3	-2.977851E+3	6.595955E+3	-1.064850E+4	7.781694E+3	-1.730910E+4
4.417000E+1	3.341325E+0	3.306479E+0	3.341753E+0	2.884002E-1	2.345370E+3	-1.851001E+3	4.607510E+3	-2.978469E+3	6.595900E+3	-1.064850E+4	7.780004E+3	-1.730861E+4
4.418000E+1	3.350944E+0	3.366366E+0	3.351372E+0	2.884984E-1	2.345370E+3	-1.850456E+3	4.607510E+3	-2.979014E+3	6.595900E+3	-1.064850E+4	7.778367E+3	-1.730807E+4
4.419000E+1	3.361624E+0	3.213490E+0	3.362052E+0	2.886073E-1	2.345370E+3	-1.849910E+3	4.607510E+3	-2.979560E+3	6.595900E+3	-1.064850E+4	7.776731E+3	-1.730754E+4
4.420000E+1	3.371978E+0	3.330779E+0	3.372406E+0	2.887130E-1	2.345807E+3	-1.850097E+3	4.607728E+3	-2.979810E+3	6.595900E+3	-1.064829E+4	7.776417E+3	-1.730730E+4
4.421000E+1	3.381828E+0	3.384268E+0	3.382256E+0	2.888135E-1	2.346613E+3	-1.850903E+3	4.608132E+3	-2.979810E+3	6.595900E+3	-1.064790E+4	7.777223E+3	-1.730730E+4
4.422000E+1	3.391649E+0	3.296367E+0	3.392077E+0	2.889137E-1	2.347420E+3	-1.851710E+3	4.608535E+3	-2.979810E+3	6.595900E+3	-1.064750E+4	7.778030E+3	-1.730730E+4
4.423000E+1	3.401240E+0	3.274290E+0	3.401668E+0	2.890116E-1	2.348226E+3	-1.852516E+3	4.608938E+3	-2.979810E+3	6.595900E+3	-1.064711E+4	7.778836E+3	-1.730730E+4
4.424000E+1	3.410503E+0	3.208962E+0	3.410931E+0	2.891061E-1	2.349033E+3	-1.853323E+3	4.609341E+3	-2.979810E+3	6.595900E+3	-1.064672E+4	7.779643E+3	-1.730730E+4
4.425000E+1	3.419947E+0	3.429180E+0	3.420375E+0	2.892025E-1	2.348534E+3	-1.851216E+3	4.608288E+3	-2.979274E+3	6.594828E+3	-1.064777E+4	7.779144E+3	-1.730782E+4
4.426000E+1	3.428512E+0	3.413124E+0	3.428940E+0	2.892899E-1	2.347972E+3	-1.848967E+3	4.607164E+3	-2.978712E+3	6.593704E+3	-1.064890E+4	7.778582E+3	-1.730837E+4
4.427000E+1	3.438063E+0	3.225225E+0	3.438491E+0	2.893873E-1	2.347410E+3	-1.846719E+3	4.606039E+3	-2.978150E+3	6.592579E+3	-1.065002E+4	7.778020E+3	-1.730892E+4
4.428000E+1	3.446922E+0	3.219283E+0	3.447350E+0	2.894777E-1	2.347080E+3	-1.845960E+3	4.605800E+3	-2.977820E+3	6.592060E+3	-1.065040E+4	7.777551E+3	-1.730924E+4
4.429000E+1	3.455526E+0	3.328790E+0	3.455955E+0	2.895655E-1	2.346870E+3	-1.845960E+3	4.606010E+3	-2.977610E+3	6.591850E+3	-1.065040E+4	7.777129E+3	-1.730946E+4
4.430000E+1	3.465481E+0	3.394826E+0	3.465909E+0	2.896671E-1	2.346659E+3	-1.845960E+3	4.606221E+3	-2.977399E+3	6.591639E+3	-1.065040E+4	7.776708E+3	-1.730968E+4
4.431000E+1	3.475045E+0	3.262111E+0	3.475473E+0	2.897647E-1	2.346448E+3	-1.845960E+3	4.606432E+3	-2.977188E+3	6.591428E+3	-1.065040E+4	7.776286E+3	-1.730989E+4
4.432000E+1	3.483906E+0	3.094679E+0	3.484334E+0	2.898551E-1	2.346237E+3	-1.845960E+3	4.606643E+3	-2.976977E+3	6.591217E+3	-1.065040E+4	7.775864E+3	-1.731011E+4
4.433000E+1	3.493273E+0	3.437841E+0	3.493701E+0	2.899507E-1	2.346026E+3	-1.845960E+3	4.606854E+3	-2.976766E+3	6.591006E+3	-1.065040E+4	7.775443E+3	-1.731033E+4
4.434000E+1	3.502824E+0	3.409832E+0	3.503252E+0	2.900482E-1	2.345816E+3	-1.845960E+3	4.607064E+3	-2.976556E+3	6.590796E+3	-1.065040E+4	7.775021E+3	-1.731054E+4
4.435000E+1	3.512307E+0	3.329901E+0	3.512735E+0	2.901449E-1	2.345605E+3	-1.845960E+3	4.607275E+3	-2.976345E+3	6.590585E+3	-1.065040E+4	7.774600E+3	-1.731076E+4
4.436000E+1	3.521511E+0	3.216026E+0	3.521939E+0	2.902388E-1	2.345394E+3	-1.845960E+3	4.607486E+3	-2.976134E+3	6.590374E+3	-1.065040E+4	7.774178E+3	-1.731098E+4
4.437000E+1	3.531321E+0	3.251432E+0	3.531749E+0	2.903389E-1	2.345225E+3	-1.846105E+3	4.607510E+3	-2.976110E+3	6.590059E+3	-1.065011E+4	7.774275E+3	-1.731114E+4
4.438000E+1	3.540729E+0	3.407609E+0	3.541157E+0	2.904350E-1	2.345060E+3	-1.846270E+3	4.607510E+3	-2.976110E+3	6.589731E+3	-1.064978E+4	7.774440E+3	-1.731130E+4
4.439000E+1	3.550687E+0	3.310332E+0	3.551115E+0	2.905366E-1	2.344896E+3	-1.846434E+3	4.607510E+3	-2.976110E+3	6.589403E+3	-1.064945E+4	7.774604E+3	-1.731146E+4
4.440000E+1	3.560400E+0	3.348659E+0	3.560828E+0	2.906357E-1	2.344732E+3	-1.846598E+3	4.607510E+3	-2.976110E+3	6.589074E+3	-1.064912E+4	7.774768E+3	-1.731162E+4
4.441000E+1	3.569952E+0	3.269396E+0	3.570380E+0	2.907331E-1	2.344568E+3	-1.846762E+3	4.607510E+3	-2.976110E+3	6.588746E+3	-1.064880E+4	7.774932E+3	-1.731178E+4
4.442000E+1	3.579101E+0	3.343368E+0	3.579529E+0	2.908265E-1	2.344404E+3	-1.846926E+3	4.607510E+3	-2.976110E+3	6.588418E+3	-1.064847E+4	7.775096E+3	-1.731194E+4
4.443000E+1	3.589088E+0	3.447640E+0	3.589516E+0	2.909284E-1	2.344240E+3	-1.847090E+3	4.607510E+3	-2.976110E+3	6.588089E+3	-1.064814E+4	7.775260E+3	-1.731210E+4
4.444000E+1	3.598966E+0	3.313663E+0	3.599394E+0	2.910292E-1	2.344075E+3	-1.847255E+3	4.607510E+3	-2.976110E+3	6.587761E+3	-1.064781E+4	7.775425E+3	-1.731226E+4
4.445000E+1	3.609793E+0	3.202624E+0	3.610221E+0	2.911397E-1	2.343911E+3	-1.847419E+3	4.607510E+3	-2.976110E+3	6.587433E+3	-1.064748E+4	7.775589E+3	-1.731242E+4
4.446000E+1	3.620889E+0	3.423386E+0	3.621317E+0	2.912529E-1	2.343747E+3	-1.847583E+3	4.607510E+3	-2.976110E+3	6.587104E+3	-1.064715E+4	7.775753E+3	-1.731258E+4
4.447000E+1	3.632360E+0	3.344700E+0	3.632788E+0	2.913700E-1	2.343583E+3	-1.847747E+3	4.607510E+3	-2.976110E+3	6.586776E+3	-1.064683E+4	7.775917E+3	-1.731274E+4
4.448000E+1	3.643589E+0	3.369847E+0	3.644017E+0	2.914845E-1	2.346874E+3	-1.848156E+3	4.605660E+3	-2.980156E+3	6.588846E+3	-1.064816E+4	7.770084E+3	-1.730910E+4
4.449000E+1	3.654893E+0	3.199603E+0	3.655321E+0	2.915999E-1	2.346312E+3	-1.848718E+3	4.605660E+3	-2.980718E+3	6.589408E+3	-1.064762E+4	7.769522E+3	-1.730910E+4
4.450000E+1	3.665039E+0	3.357884E+0	3.665467E+0	2.917034E-1	2.345749E+3	-1.849281E+3	4.605660E+3	-2.981281E+3	6.589971E+3	-1.064707E+4	7.768959E+3	-1.730910E+4
4.451000E+1	3.675174E+0	3.355281E+0	3.675602E+0	2.918068E-1	2.345147E+3	-1.849883E+3	4.605660E+3	-2.981437E+3	6.590127E+3	-1.064625E+4	7.769473E+3	-1.730910E+4
4.452000E+1	3.685199E+0	3.287587E+0	3.685627E+0	2.919091E-1	2.344460E+3	-1.850570E+3	4.605660E+3	-2.980750E+3	6.589440E+3	-1.064488E+4	7.772221E+3	-1.730910E+4
4.453000E+1	3.694881E+0	3.341257E+0	3.695309E+0	2.920079E-1	2.343773E+3	-1.851257E+3	4.605660E+3	-2.980063E+3	6.588753E+3	-1.064351E+4	7.774969E+3	-1.730910E+4
4.454000E+1	3.704599E+0	3.244040E+0	3.705027E+0	2.921071E-1	2.343520E+3	-1.849556E+3	4.605660E+3	-2.978833E+3	6.587523E+3	-1.064590E+4	7.774026E+3	-1.731010E+4
4.455000E+1	3.714021E+0	3.370515E+0	3.714449E+0	2.922032E-1	2.343398E+3	-1.847810E+3	4.605782E+3	-2.977838E+3	6.586650E+3	-1.064850E+4	7.772158E+3	-1.731100E+4
4.456000E+1	3.723113E+0	3.302225E+0	3.723541E+0	2.922960E-1	2.343117E+3	-1.847810E+3	4.606063E+3	-2.977557E+3	6.586650E+3	-1.064850E+4	7.771877E+3	-1.731100E+4
4.457000E+1	3.733296E+0	3.287833E+0	3.733724E+0	2.923999E-1	2.342836E+3	-1.847810E+3	4.606344E+3	-2.977276E+3	6.586650E+3	-1.064850E+4	7.771596E+3	-1.731100E+4
4.458000E+1	3.743615E+0	3.228827E+0	3.744043E+0	2.925052E-1	2.342555E+3	-1.847810E+3	4.606625E+3	-2.976995E+3	6.586650E+3	-1.064850E+4	7.771315E+3	-1.731100E+4
4.459000E+1	3.754086E+0	3.391695E+0	3.754514E+0	2.926121E-1	2.342273E+3	-1.847810E+3	4.606907E+3	-2.976713E+3	6.586650E+3	-1.064850E+4	7.771033E+3	-1.731100E+4
4.460000E+1	3.764536E+0	3.402499E+0	3.764964E+0	2.927187E-1	2.341992E+3	-1.847810E+3	4.607188E+3	-2.976432E+3	6.586650E+3	-1.064850E+4	7.770752E+3	-1.731100E+4
4.461000E+1	3.774574E+0	3.366912E+0	3.775002E+0	2.928211E-1	2.341711E+3	-1.847810E+3	4.607469E+3	-2.976151E+3	6.586650E+3	-1.064850E+4	7.770471E+3	-1.731100E+4
4.462000E+1	3.784975E+0	3.129076E+0	3.785403E+0	2.929273E-1	2.342503E+3	-1.848226E+3	4.607510E+3	-2.976526E+3	6.586650E+3	-1.064767E+4	7.770430E+3	-1.731100E+4
4.463000E+1	3.795133E+0	3.396935E+0	3.795561E+0	2.930309E-1	2.343479E+3	-1.848714E+3	4.607510E+3	-2.977014E+3	6.586650E+3	-1.064669E+4	7.770430E+3	-1.731100E+4
4.464000E+1	3.805980E+0	3.347313E+0	3.806409E+0	2.931416E-1	2.344455E+3	-1.849203E+3	4.607510E+3	-2.977503E+3	6.586650E+3	-1.064571E+4	7.770430E+3	-1.731100E+4
4.465000E+1	3.816780E+0	3.358708E+0	3.817208E+0	2.932518E-1	2.345370E+3	-1.849649E+3	4.607510E+3	-2.977971E+3	6.586627E+3	-1.064481E+4	7.770385E+3	-1.731100E+4
4.466000E+1	3.827752E+0	3.251212E+0	3.828180E+0	2.933638E-1	2.345370E+3	-1.849469E+3	4.607510E+3	-2.978151E+3	6.586267E+3	-1.064500E+4	7.769665E+3	-1.731100E+4
4.467000E+1	3.839083E+0	3.235322E+0	3.839511E+0	2.934794E-1	2.345370E+3	-1.849288E+3	4.607510E+3	-2.978332E+3	6.585907E+3	-1.064518E+4	7.768946E+3	-1.731100E+4
4.468000E+1	3.849491E+0	3.390891E+0	3.849919E+0	2.935856E-1	2.345370E+3	-1.849108E+3	4.607510E+3	-2.978512E+3	6.585547E+3	-1.064537E+4	7.768226E+3	-1.731100E+4
4.469000E+1	3.859511E+0	3.358299E+0	3.859939E+0	2.936878E-1	2.345370E+3	-1.848928E+3	4.607510E+3	-2.978692E+3	6.585187E+3	-1.064555E+4	7.767507E+3	-1.731100E+4
4.470000E+1	3.869545E+0	3.243858E+0	3.869974E+0	2.937902E-1	2.345370E+3	-1.848748E+3	4.607510E+3	-2.978872E+3	6.584826E+3	-1.064574E+4	7.766788E+3	-1.731100E+4
4.471000E+1	3.878571E+0	3.255136E+0	3.878999E+0	2.938823E-1	2.345370E+3	-1.848568E+3	4.607510E+3	-2.979052E+3	6.584466E+3	-1.064592E+4	7.766068E+3	-1.731100E+4
4.472000E+1	3.887992E+0	3.371409E+0	3.888420E+0	2.939784E-1	2.345370E+3	-1.848388E+3	4.607510E+3	-2.979232E+3	6.584106E+3	-1.064611E+4	7.765349E+3	-1.731100E+4
4.473000E+1	3.896868E+0	3.429264E+0	3.897296E+0	2.940690E-1	2.345370E+3	-1.848208E+3	4.607510E+3	-2.979412E+3	6.583746E+3	-1.064629E+4	7.764630E+3	-1.731100E+4
4.474000E+1	3.905053E+0	3.279631E+0	3.905481E+0	2.941525E-1	2.345370E+3	-1.848028E+3	4.607510E+3	-2.979592E+3	6.583386E+3	-1.064648E+4	7.763910E+3	-1.731100E+4
4.475000E+1	3.915046E+0	3.184989E+0	3.915474E+0	2.942545E-1	2.345370E+3	-1.847848E+3	4.607510E+3	-2.979772E+3	6.583025E+3	-1.064666E+4	7.763191E+3	-1.731100E+4
4.476000E+1	3.923659E+0	3.366996E+0	3.924087E+0	2.943424E-1	2.344806E+3	-1.848532E+3	4.603810E+3	-2.979246E+3	6.579972E+3	-1.064468E+4	7.763762E+3	-1.730968E+4
4.477000E+1	3.932961E+0	3.366080E+0	3.933389E+0	2.944373E-1	2.344093E+3	-1.847105E+3	4.603810E+3	-2.978533E+3	6.578545E+3	-1.064680E+4	7.762335E+3	-1.731041E+4
4.478000E+1	3.942137E+0	3.285766E+0	3.942565E+0	2.945309E-1	2.343520E+3	-1.846054E+3	4.603904E+3	-2.978054E+3	6.577306E+3	-1.064841E+4	7.761096E+3	-1.731109E+4
4.479000E+1	3.950799E+0	3.210755E+0	3.951227E+0	2.946193E-1	2.343520E+3	-1.846529E+3	4.604379E+3	-2.978529E+3	6.576831E+3	-1.064795E+4	7.760621E+3	-1.731155E+4
4.480000E+1	3.959135E+0	3.390047E+0	3.959563E+0	2.947044E-1	2.343520E+3	-1.847005E+3	4.604855E+3	-2.979005E+3	6.576355E+3	-1.064748E+4	7.760145E+3	-1.731202E+4
4.481000E+1	3.968484E+0	3.497066E+0	3.968912E+0	2.947998E-1	2.343520E+3	-1.847481E+3	4.605331E+3	-2.979481E+3	6.575879E+3	-1.064702E+4	7.759669E+3	-1.731248E+4
4.482000E+1	3.978190E+0	3.322913E+0	3.978618E+0	2.948988E-1	2.343683E+3	-1.847647E+3	4.605497E+3	-2.979973E+3	6.575224E+3	-1.064653E+4	7.759014E+3	-1.731297E+4
4.483000E+1	3.988001E+0	3.311978E+0	3.988429E+0	2.949989E-1	2.344213E+3	-1.847117E+3	4.604967E+3	-2.980503E+3	6.574164E+3	-1.064599E+4	7.757954E+3	-1.731351E+4
4.484000E+1	3.997244E+0	3.232288E+0	3.997672E+0	2.950933E-1	2.344743E+3	-1.846587E+3	4.604437E+3	-2.981033E+3	6.573104E+3	-1.064544E+4	7.756894E+3	-1.731406E+4
4.485000E+1	4.006449E+0	3.411285E+0	4.006877E+0	2.951872E-1	2.345273E+3	-1.846057E+3	4.603907E+3	-2.981563E+3	6.572044E+3	-1.064490E+4	7.755834E+3	-1.731460E+4
4.486000E+1	4.015648E+0	3.383711E+0	4.016076E+0	2.952811E-1	2.344359E+3	-1.845960E+3	4.603810E+3	-2.981997E+3	6.572187E+3	-1.064480E+4	7.754966E+3	-1.731435E+4
4.487000E+1	4.025949E+0	3.292852E+0	4.026377E+0	2.953862E-1	2.343123E+3	-1.845960E+3	4.603810E+3	-2.982409E+3	6.572599E+3	-1.064480E+4	7.754142E+3	-1.731393E+4
4.488000E+1	4.036288E+0	3.244027E+0	4.036716E+0	2.954917E-1	2.341886E+3	-1.845960E+3	4.603810E+3	-2.982821E+3	6.573011E+3	-1.064480E+4	7.753317E+3	-1.731351E+4
4.489000E+1	4.046684E+0	3.448915E+0	4.047112E+0	2.955978E-1	2.340650E+3	-1.845960E+3	4.603810E+3	-2.983233E+3	6.573423E+3	-1.064480E+4	7.752493E+3	-1.731308E+4
4.490000E+1	4.056612E+0	3.374224E+0	4.057040E+0	2.956991E-1	2.339867E+3	-1.846055E+3	4.603810E+3	-2.983510E+3	6.573653E+3	-1.064480E+4	7.751940E+3	-1.731280E+4
4.491000E+1	4.067904E+0	3.283202E+0	4.068332E+0	2.958143E-1	2.340011E+3	-1.846342E+3	4.603810E+3	-2.983510E+3	6.573509E+3	-1.064480E+4	7.751940E+3	-1.731280E+4
4.492000E+1	4.078285E+0	3.129785E+0	4.078713E+0	2.959202E-1	2.340155E+3	-1.846630E+3	4.603810E+3	-2.983510E+3	6.573365E+3	-1.064480E+4	7.751940E+3	-1.731280E+4
4.493000E+1	4.088205E+0	3.517065E+0	4.088633E+0	2.960214E-1	2.340299E+3	-1.846917E+3	4.603810E+3	-2.983510E+3	6.573221E+3	-1.064480E+4	7.751940E+3	-1.731280E+4
4.494000E+1	4.097756E+0	3.302725E+0	4.098184E+0	2.961189E-1	2.340443E+3	-1.847205E+3	4.603810E+3	-2.983510E+3	6.573077E+3	-1.064480E+4	7.751940E+3	-1.731280E+4
4.495000E+1	4.107325E+0	3.350020E+0	4.107753E+0	2.962165E-1	2.340586E+3	-1.847493E+3	4.603810E+3	-2.983510E+3	6.572934E+3	-1.064480E+4	7.751940E+3	-1.731280E+4
4.496000E+1	4.117124E+0	3.232839E+0	4.117552E+0	2.963165E-1	2.340730E+3	-1.847780E+3	4.603810E+3	-2.983510E+3	6.572790E+3	-1.064480E+4	7.751940E+3	-1.731280E+4
4.497000E+1	4.127191E+0	3.279036E+0	4.127619E+0	2.964193E-1	2.340874E+3	-1.848068E+3	4.603810E+3	-2.983510E+3	6.572646E+3	-1.064480E+4	7.751940E+3	-1.731280E+4
4.498000E+1	4.137214E+0	3.414491E+0	4.137642E+0	2.965215E-1	2.341018E+3	-1.848355E+3	4.603810E+3	-2.983510E+3	6.572502E+3	-1.064480E+4	7.751940E+3	-1.731280E+4
4.499000E+1	4.146498E+0	3.252913E+0	4.146926E+0	2.966163E-1	2.341161E+3	-1.848643E+3	4.603810E+3	-2.983510E+3	6.572359E+3	-1.064480E+4	7.751940E+3	-1.731280E+4
4.500000E+1	4.155691E+0	3.258223E+0	4.156119E+0	2.967101E-1	2.341305E+3	-1.848931E+3	4.603810E+3	-2.983510E+3	6.572215E+3	-1.064480E+4	7.751940E+3	-1.731280E+4
4.501000E+1	4.165534E+0	3.312721E+0	4.165962E+0	2.968105E-1	2.341449E+3	-1.849218E+3	4.603810E+3	-2.983510E+3	6.572071E+3	-1.064480E+4	7.751940E+3	-1.731280E+4
4.502000E+1	4.175908E+0	3.380865E+0	4.176336E+0	2.969164E-1	2.341593E+3	-1.849506E+3	4.603810E+3	-2.983510E+3	6.571927E+3	-1.064480E+4	7.751940E+3	-1.731280E+4
4.503000E+1	4.186195E+0	3.461424E+0	4.186623E+0	2.970213E-1	2.343437E+3	-1.845960E+3	4.600193E+3	-2.981619E+3	6.569959E+3	-1.064670E+4	7.751940E+3	-1.731284E+4
4.504000E+1	4.196764E+0	3.209984E+0	4.197192E+0	2.971292E-1	2.343259E+3	-1.845960E+3	4.600371E+3	-2.981529E+3	6.569869E+3	-1.064670E+4	7.751940E+3	-1.731293E+4
4.505000E+1	4.206196E+0	3.233101E+0	4.206624E+0	2.972254E-1	2.343081E+3	-1.845960E+3	4.600549E+3	-2.981440E+3	6.569780E+3	-1.064670E+4	7.751940E+3	-1.731303E+4
4.506000E+1	4.215420E+0	3.444005E+0	4.215848E+0	2.973196E-1	2.342902E+3	-1.845960E+3	4.600728E+3	-2.981351E+3	6.569691E+3	-1.064670E+4	7.751940E+3	-1.731312E+4
4.507000E+1	4.225179E+0	3.396888E+0	4.225607E+0	2.974191E-1	2.342724E+3	-1.845960E+3	4.600906E+3	-2.981262E+3	6.569602E+3	-1.064670E+4	7.751940E+3	-1.731321E+4
4.508000E+1	4.235393E+0	3.408067E+0	4.235821E+0	2.975234E-1	2.342546E+3	-1.845960E+3	4.601084E+3	-2.981173E+3	6.569513E+3	-1.064670E+4	7.751940E+3	-1.731330E+4
4.509000E+1	4.245101E+0	3.160019E+0	4.245529E+0	2.976224E-1	2.342367E+3	-1.845960E+3	4.601263E+3	-2.981084E+3	6.569424E+3	-1.064670E+4	7.751940E+3	-1.731339E+4
4.510000E+1	4.254421E+0	3.434337E+0	4.254849E+0	2.977175E-1	2.342189E+3	-1.845960E+3	4.601441E+3	-2.980994E+3	6.569334E+3	-1.064670E+4	7.751940E+3	-1.731348E+4
4.511000E+1	4.263752E+0	3.387913E+0	4.264180E+0	2.978127E-1	2.342010E+3	-1.845960E+3	4.601620E+3	-2.980905E+3	6.569245E+3	-1.064670E+4	7.751940E+3	-1.731358E+4
4.512000E+1	4.273633E+0	3.285177E+0	4.274061E+0	2.979136E-1	2.341832E+3	-1.845960E+3	4.601798E+3	-2.980816E+3	6.569156E+3	-1.064670E+4	7.751940E+3	-1.731367E+4
4.513000E+1	4.284101E+0	3.309169E+0	4.284529E+0	2.980204E-1	2.341654E+3	-1.845960E+3	4.601976E+3	-2.980727E+3	6.569067E+3	-1.064670E+4	7.751940E+3	-1.731376E+4
4.514000E+1	4.295066E+0	3.322193E+0	4.295494E+0	2.981323E-1	2.341475E+3	-1.845960E+3	4.602155E+3	-2.980638E+3	6.568978E+3	-1.064670E+4	7.751940E+3	-1.731385E+4
4.515000E+1	4.305676E+0	3.401888E+0	4.306104E+0	2.982405E-1	2.341297E+3	-1.845960E+3	4.602333E+3	-2.980548E+3	6.568888E+3	-1.064670E+4	7.751940E+3	-1.731394E+4
4.516000E+1	4.316039E+0	3.347614E+0	4.316467E+0	2.983463E-1	2.341119E+3	-1.845960E+3	4.602511E+3	-2.980459E+3	6.568799E+3	-1.064670E+4	7.751940E+3	-1.731403E+4
4.517000E+1	4.327125E+0	3.344216E+0	4.327553E+0	2.984594E-1	2.340940E+3	-1.845960E+3	4.602690E+3	-2.980370E+3	6.568710E+3	-1.064670E+4	7.751940E+3	-1.731412E+4
4.518000E+1	4.337363E+0	3.313461E+0	4.337791E+0	2.985639E-1	2.340762E+3	-1.845960E+3	4.602868E+3	-2.980281E+3	6.568621E+3	-1.064670E+4	7.751940E+3	-1.731422E+4
4.519000E+1	4.347470E+0	3.367659E+0	4.347899E+0	2.986670E-1	2.340584E+3	-1.845960E+3	4.603046E+3	-2.980192E+3	6.568532E+3	-1.064670E+4	7.751940E+3	-1.731431E+4
4.520000E+1	4.358339E+0	3.392690E+0	4.358767E+0	2.987779E-1	2.340405E+3	-1.845960E+3	4.603225E+3	-2.980103E+3	6.568443E+3	-1.064670E+4	7.751940E+3	-1.731440E+4
4.521000E+1	4.368301E+0	3.392433E+0	4.368729E+0	2.988796E-1	2.340227E+3	-1.845960E+3	4.603403E+3	-2.980013E+3	6.568353E+3	-1.064670E+4	7.751940E+3	-1.731449E+4
4.522000E+1	4.377212E+0	3.142914E+0	4.377640E+0	2.989705E-1	2.340048E+3	-1.845960E+3	4.603582E+3	-2.979924E+3	6.568264E+3	-1.064670E+4	7.751940E+3	-1.731458E+4
4.523000E+1	4.386120E+0	3.547075E+0	4.386548E+0	2.990614E-1	2.339870E+3	-1.845960E+3	4.603760E+3	-2.979835E+3	6.568175E+3	-1.064670E+4	7.751940E+3	-1.731467E+4
4.524000E+1	4.395146E+0	3.323343E+0	4.395575E+0	2.991535E-1	2.343520E+3	-1.845960E+3	4.603810E+3	-2.981660E+3	6.564450E+3	-1.064378E+4	7.745605E+3	-1.731320E+4
4.525000E+1	4.403676E+0	3.358288E+0	4.404105E+0	2.992405E-1	2.343520E+3	-1.845960E+3	4.603810E+3	-2.981660E+3	6.564450E+3	-1.064488E+4	7.744514E+3	-1.731376E+4
4.526000E+1	4.412249E+0	3.274493E+0	4.412677E+0	2.993280E-1	2.343520E+3	-1.845960E+3	4.603810E+3	-2.981660E+3	6.564450E+3	-1.064597E+4	7.743423E+3	-1.731432E+4
4.527000E+1	4.421244E+0	3.320797E+0	4.421672E+0	2.994198E-1	2.343471E+3	-1.846009E+3	4.603810E+3	-2.981611E+3	6.564401E+3	-1.064665E+4	7.742739E+3	-1.731475E+4
4.528000E+1	4.431208E+0	3.444061E+0	4.431636E+0	2.995215E-1	2.343320E+3	-1.846160E+3	4.603810E+3	-2.981460E+3	6.564250E+3	-1.064649E+4	7.742890E+3	-1.731489E+4
4.529000E+1	4.441792E+0	3.379582E+0	4.442220E+0	2.996295E-1	2.343169E+3	-1.846311E+3	4.603810E+3	-2.981309E+3	6.564099E+3	-1.064634E+4	7.743041E+3	-1.731504E+4
4.530000E+1	4.452140E+0	3.255119E+0	4.452568E+0	2.997351E-1	2.343018E+3	-1.846462E+3	4.603810E+3	-2.981158E+3	6.563948E+3	-1.064618E+4	7.743192E+3	-1.731519E+4
4.531000E+1	4.462741E+0	3.367631E+0	4.463169E+0	2.998432E-1	2.342867E+3	-1.846613E+3	4.603810E+3	-2.981007E+3	6.563797E+3	-1.064603E+4	7.743343E+3	-1.731534E+4
4.532000E+1	4.473084E+0	3.341543E+0	4.473512E+0	2.999488E-1	2.342716E+3	-1.846764E+3	4.603810E+3	-2.980856E+3	6.563646E+3	-1.064587E+4	7.743494E+3	-1.731548E+4
4.533000E+1	4.483314E+0	3.468567E+0	4.483742E+0	3.000532E-1	2.342566E+3	-1.846914E+3	4.603810E+3	-2.980706E+3	6.563496E+3	-1.064572E+4	7.743644E+3	-1.731563E+4
4.534000E+1	4.494161E+0	3.276116E+0	4.494590E+0	3.001639E-1	2.342415E+3	-1.847065E+3	4.603810E+3	-2.980555E+3	6.563345E+3	-1.064556E+4	7.743795E+3	-1.731578E+4
4.535000E+1	4.503513E+0	3.386147E+0	4.503941E+0	3.002593E-1	2.342264E+3	-1.847216E+3	4.603810E+3	-2.980404E+3	6.563194E+3	-1.064541E+4	7.743946E+3	-1.731592E+4
4.536000E+1	4.513504E+0	3.480557E+0	4.513932E+0	3.003612E-1	2.342113E+3	-1.847367E+3	4.603810E+3	-2.980253E+3	6.563043E+3	-1.064526E+4	7.744097E+3	-1.731607E+4
4.537000E+1	4.523673E+0	3.362624E+0	4.524101E+0	3.004650E-1	2.341962E+3	-1.847518E+3	4.603810E+3	-2.980102E+3	6.562892E+3	-1.064510E+4	7.744248E+3	-1.731622E+4
4.538000E+1	4.533469E+0	3.393452E+0	4.533897E+0	3.005649E-1	2.341812E+3	-1.847668E+3	4.603810E+3	-2.979952E+3	6.562742E+3	-1.064495E+4	7.744398E+3	-1.731636E+4
4.539000E+1	4.542729E+0	3.229686E+0	4.543157E+0	3.006594E-1	2.341670E+3	-1.848061E+3	4.603559E+3	-2.981911E+3	6.560625E+3	-1.064123E+4	7.740337E+3	-1.731470E+4
4.540000E+1	4.551989E+0	3.412067E+0	4.552417E+0	3.007539E-1	2.341787E+3	-1.851393E+3	4.600110E+3	-2.985477E+3	6.558910E+3	-1.064288E+4	7.733673E+3	-1.731470E+4
4.541000E+1	4.559933E+0	3.468223E+0	4.560361E+0	3.008350E-1	2.342500E+3	-1.850680E+3	4.600110E+3	-2.986190E+3	6.558910E+3	-1.064215E+4	7.735100E+3	-1.731470E+4
4.542000E+1	4.567151E+0	3.246146E+0	4.567579E+0	3.009086E-1	2.343213E+3	-1.849967E+3	4.600110E+3	-2.986903E+3	6.558910E+3	-1.064141E+4	7.736527E+3	-1.731470E+4
4.543000E+1	4.572156E+0	3.333057E+0	4.572584E+0	3.009597E-1	2.343300E+3	-1.849219E+3	4.600110E+3	-2.986769E+3	6.558469E+3	-1.064154E+4	7.736920E+3	-1.731470E+4
4.544000E+1	4.575366E+0	3.351369E+0	4.575794E+0	3.009925E-1	2.342913E+3	-1.848446E+3	4.600110E+3	-2.985996E+3	6.557696E+3	-1.064231E+4	7.736533E+3	-1.731470E+4
4.545000E+1	4.576883E+0	3.455977E+0	4.577311E+0	3.010079E-1	2.342527E+3	-1.847673E+3	4.600110E+3	-2.985223E+3	6.556923E+3	-1.064309E+4	7.736147E+3	-1.731470E+4
4.546000E+1	4.577771E+0	3.259021E+0	4.578199E+0	3.010170E-1	2.342140E+3	-1.846900E+3	4.600110E+3	-2.984450E+3	6.556150E+3	-1.064386E+4	7.735760E+3	-1.731470E+4
4.547000E+1	4.578387E+0	3.425350E+0	4.578815E+0	3.010233E-1	2.341754E+3	-1.846128E+3	4.600110E+3	-2.983678E+3	6.555378E+3	-1.064463E+4	7.735374E+3	-1.731470E+4
4.548000E+1	4.578878E+0	3.449717E+0	4.579306E+0	3.010283E-1	2.341100E+3	-1.845960E+3	4.599825E+3	-2.983795E+3	6.554355E+3	-1.064509E+4	7.734151E+3	-1.731527E+4
4.549000E+1	4.579465E+0	3.313840E+0	4.579893E+0	3.010343E-1	2.340373E+3	-1.845960E+3	4.599461E+3	-2.984159E+3	6.553264E+3	-1.064547E+4	7.732696E+3	-1.731600E+4
4.550000E+1	4.579981E+0	3.230052E+0	4.580409E+0	3.010396E-1	2.339645E+3	-1.845960E+3	4.599098E+3	-2.984522E+3	6.552173E+3	-1.064584E+4	7.731241E+3	-1.731672E+4
4.551000E+1	4.580494E+0	3.397695E+0	4.580922E+0	3.010448E-1	2.338918E+3	-1.845960E+3	4.598734E+3	-2.984886E+3	6.551082E+3	-1.064621E+4	7.729786E+3	-1.731745E+4
4.552000E+1	4.581009E+0	3.496833E+0	4.581437E+0	3.010501E-1	2.338191E+3	-1.845960E+3	4.598370E+3	-2.985250E+3	6.549991E+3	-1.064659E+4	7.728331E+3	-1.731818E+4
4.553000E+1	4.581509E+0	3.340701E+0	4.581937E+0	3.010552E-1	2.338416E+3	-1.845960E+3	4.597814E+3	-2.985806E+3	6.548769E+3	-1.064624E+4	7.727444E+3	-1.731929E+4
4.554000E+1	4.581940E+0	3.157461E+0	4.582368E+0	3.010596E-1	2.339055E+3	-1.845960E+3	4.597175E+3	-2.986445E+3	6.547489E+3	-1.064559E+4	7.726805E+3	-1.732057E+4
4.555000E+1	4.582258E+0	3.181795E+0	4.582686E+0	3.010628E-1	2.339695E+3	-1.845960E+3	4.596535E+3	-2.987085E+3	6.546210E+3	-1.064493E+4	7.726165E+3	-1.732185E+4
4.556000E+1	4.582566E+0	3.353031E+0	4.582994E+0	3.010659E-1	2.339820E+3	-1.845501E+3	4.596180E+3	-2.987440E+3	6.545730E+3	-1.064504E+4	7.725351E+3	-1.732186E+4
4.557000E+1	4.582836E+0	3.399670E+0	4.583264E+0	3.010687E-1	2.339820E+3	-1.844930E+3	4.595895E+3	-2.987725E+3	6.545445E+3	-1.064533E+4	7.724495E+3	-1.732157E+4
4.558000E+1	4.583074E+0	3.267463E+0	4.583502E+0	3.010711E-1	2.339820E+3	-1.844359E+3	4.595610E+3	-2.988010E+3	6.545160E+3	-1.064562E+4	7.723639E+3	-1.732128E+4
4.559000E+1	4.583373E+0	3.184917E+0	4.583801E+0	3.010742E-1	2.339820E+3	-1.843789E+3	4.595324E+3	-2.988296E+3	6.544874E+3	-1.064592E+4	7.722783E+3	-1.732098E+4
4.560000E+1	4.583652E+0	3.500268E+0	4.584080E+0	3.010770E-1	2.339820E+3	-1.843218E+3	4.595039E+3	-2.988581E+3	6.544589E+3	-1.064621E+4	7.721927E+3	-1.732069E+4
4.561000E+1	4.583794E+0	3.436379E+0	4.584222E+0	3.010785E-1	2.339820E+3	-1.842647E+3	4.594754E+3	-2.988866E+3	6.544304E+3	-1.064650E+4	7.721071E+3	-1.732040E+4
4.562000E+1	4.583926E+0	3.205404E+0	4.584354E+0	3.010798E-1	2.339599E+3	-1.842481E+3	4.594560E+3	-2.989281E+3	6.544110E+3	-1.064670E+4	7.720048E+3	-1.732043E+4
4.563000E+1	4.584158E+0	3.277490E+0	4.584586E+0	3.010822E-1	2.338912E+3	-1.843168E+3	4.594560E+3	-2.989968E+3	6.544110E+3	-1.064670E+4	7.718674E+3	-1.732113E+4
4.564000E+1	4.584419E+0	3.409056E+0	4.584847E+0	3.010848E-1	2.338225E+3	-1.843855E+3	4.594560E+3	-2.990655E+3	6.544110E+3	-1.064670E+4	7.717300E+3	-1.732184E+4
4.565000E+1	4.584573E+0	3.289784E+0	4.585001E+0	3.010864E-1	2.338164E+3	-1.844304E+3	4.594754E+3	-2.990910E+3	6.544110E+3	-1.064650E+4	7.717373E+3	-1.732190E+4
4.566000E+1	4.584722E+0	3.283523E+0	4.585150E+0	3.010879E-1	2.338474E+3	-1.844614E+3	4.595064E+3	-2.990910E+3	6.544110E+3	-1.064618E+4	7.718301E+3	-1.732158E+4
4.567000E+1	4.584938E+0	3.395349E+0	4.585366E+0	3.010901E-1	2.338783E+3	-1.844923E+3	4.595373E+3	-2.990910E+3	6.544110E+3	-1.064587E+4	7.719228E+3	-1.732127E+4
4.568000E+1	4.585170E+0	3.411096E+0	4.585598E+0	3.010925E-1	2.339092E+3	-1.845232E+3	4.595682E+3	-2.990910E+3	6.544110E+3	-1.064555E+4	7.720156E+3	-1.732095E+4
4.569000E+1	4.585292E+0	3.392720E+0	4.585720E+0	3.010938E-1	2.339401E+3	-1.845541E+3	4.595991E+3	-2.990910E+3	6.544110E+3	-1.064523E+4	7.721083E+3	-1.732063E+4
4.570000E+1	4.585386E+0	3.303572E+0	4.585814E+0	3.010947E-1	2.339710E+3	-1.845850E+3	4.596300E+3	-2.990910E+3	6.544110E+3	-1.064491E+4	7.722011E+3	-1.732031E+4
4.571000E+1	4.585487E+0	3.296818E+0	4.585915E+0	3.010957E-1	2.340299E+3	-1.844524E+3	4.595931E+3	-2.989953E+3	6.543631E+3	-1.064576E+4	7.721861E+3	-1.732069E+4
4.572000E+1	4.585579E+0	3.339944E+0	4.586007E+0	3.010967E-1	2.341041E+3	-1.842298E+3	4.595189E+3	-2.988469E+3	6.542889E+3	-1.064724E+4	7.721119E+3	-1.732145E+4
4.573000E+1	4.585651E+0	3.411358E+0	4.586079E+0	3.010974E-1	2.341514E+3	-1.840462E+3	4.594612E+3	-2.987210E+3	6.542156E+3	-1.064855E+4	7.720386E+3	-1.732215E+4
4.574000E+1	4.585682E+0	3.241610E+0	4.586110E+0	3.010977E-1	2.340483E+3	-1.840806E+3	4.594956E+3	-2.987210E+3	6.541469E+3	-1.064891E+4	7.719699E+3	-1.732248E+4
4.575000E+1	4.585724E+0	3.310650E+0	4.586153E+0	3.010982E-1	2.339453E+3	-1.841149E+3	4.595299E+3	-2.987210E+3	6.540782E+3	-1.064926E+4	7.719012E+3	-1.732282E+4
4.576000E+1	4.585761E+0	3.293984E+0	4.586189E+0	3.010985E-1	2.338422E+3	-1.841493E+3	4.595643E+3	-2.987210E+3	6.540095E+3	-1.064961E+4	7.718325E+3	-1.732315E+4
4.577000E+1	4.585784E+0	3.390562E+0	4.586212E+0	3.010988E-1	2.337392E+3	-1.841836E+3	4.595986E+3	-2.987210E+3	6.539408E+3	-1.064996E+4	7.717638E+3	-1.732349E+4
4.578000E+1	4.585818E+0	3.454137E+0	4.586246E+0	3.010991E-1	2.336361E+3	-1.842180E+3	4.596330E+3	-2.987210E+3	6.538721E+3	-1.065032E+4	7.716951E+3	-1.732382E+4
4.579000E+1	4.585857E+0	3.341682E+0	4.586285E+0	3.010995E-1	2.336120E+3	-1.842447E+3	4.596317E+3	-2.987303E+3	6.538373E+3	-1.065021E+4	7.716697E+3	-1.732400E+4
4.580000E+1	4.585901E+0	3.192984E+0	4.586329E+0	3.011000E-1	2.336120E+3	-1.842691E+3	4.596194E+3	-2.987426E+3	6.538129E+3	-1.064997E+4	7.716574E+3	-1.732412E+4
4.581000E+1	4.585922E+0	3.327966E+0	4.586350E+0	3.011002E-1	2.336120E+3	-1.842935E+3	4.596072E+3	-2.987548E+3	6.537885E+3	-1.064972E+4	7.716452E+3	-1.732425E+4
4.582000E+1	4.585956E+0	3.400087E+0	4.586384E+0	3.011005E-1	2.336120E+3	-1.843179E+3	4.595950E+3	-2.987670E+3	6.537641E+3	-1.064948E+4	7.716330E+3	-1.732437E+4
4.583000E+1	4.586006E+0	3.417786E+0	4.586434E+0	3.011010E-1	2.336120E+3	-1.843423E+3	4.595828E+3	-2.987792E+3	6.537397E+3	-1.064924E+4	7.716208E+3	-1.732450E+4
4.584000E+1	4.586023E+0	3.282093E+0	4.586451E+0	3.011012E-1	2.336120E+3	-1.843667E+3	4.595706E+3	-2.987914E+3	6.537153E+3	-1.064899E+4	7.716086E+3	-1.732462E+4
4.585000E+1	4.586053E+0	3.296647E+0	4.586481E+0	3.011015E-1	2.336120E+3	-1.843911E+3	4.595584E+3	-2.988036E+3	6.536909E+3	-1.064875E+4	7.715964E+3	-1.732475E+4
4.586000E+1	4.586095E+0	3.410558E+0	4.586523E+0	3.011020E-1	2.336120E+3	-1.844155E+3	4.595462E+3	-2.988158E+3	6.536665E+3	-1.064850E+4	7.715842E+3	-1.732487E+4
4.587000E+1	4.586127E+0	3.337631E+0	4.586555E+0	3.011023E-1	2.336120E+3	-1.844400E+3	4.595340E+3	-2.988280E+3	6.536420E+3	-1.064826E+4	7.715720E+3	-1.732500E+4
4.588000E+1	4.586133E+0	3.273042E+0	4.586561E+0	3.011023E-1	2.336120E+3	-1.844644E+3	4.595218E+3	-2.988402E+3	6.536176E+3	-1.064802E+4	7.715598E+3	-1.732512E+4
4.589000E+1	4.586148E+0	3.207311E+0	4.586576E+0	3.011025E-1	2.336120E+3	-1.844888E+3	4.595096E+3	-2.988524E+3	6.535932E+3	-1.064777E+4	7.715476E+3	-1.732525E+4
4.590000E+1	4.586170E+0	3.433706E+0	4.586598E+0	3.011027E-1	2.336120E+3	-1.845132E+3	4.594974E+3	-2.988646E+3	6.535688E+3	-1.064753E+4	7.715354E+3	-1.732537E+4
4.591000E+1	4.586191E+0	3.531088E+0	4.586619E+0	3.011029E-1	2.336120E+3	-1.845376E+3	4.594852E+3	-2.988768E+3	6.535444E+3	-1.064728E+4	7.715232E+3	-1.732550E+4
4.592000E+1	4.586231E+0	3.339520E+0	4.586659E+0	3.011033E-1	2.336120E+3	-1.845620E+3	4.594730E+3	-2.988890E+3	6.535200E+3	-1.064704E+4	7.715110E+3	-1.732563E+4
4.593000E+1	4.586302E+0	3.207492E+0	4.586730E+0	3.011041E-1	2.336120E+3	-1.845864E+3	4.594608E+3	-2.989012E+3	6.534956E+3	-1.064680E+4	7.714988E+3	-1.732575E+4
4.594000E+1	4.586314E+0	3.334027E+0	4.586742E+0	3.011042E-1	2.337970E+3	-1.845060E+3	4.594560E+3	-2.989958E+3	6.533460E+3	-1.064850E+4	7.708950E+3	-1.732580E+4
4.595000E+1	4.586313E+0	3.410110E+0	4.586741E+0	3.011042E-1	2.337970E+3	-1.843576E+3	4.594560E+3	-2.991438E+3	6.534202E+3	-1.064850E+4	7.708208E+3	-1.732580E+4
4.596000E+1	4.586322E+0	3.308522E+0	4.586750E+0	3.011043E-1	2.339712E+3	-1.840303E+3	4.590914E+3	-2.992750E+3	6.534806E+3	-1.064496E+4	7.714779E+3	-1.732396E+4
4.597000E+1	4.586327E+0	3.212669E+0	4.586755E+0	3.011043E-1	2.338761E+3	-1.839354E+3	4.591389E+3	-2.992750E+3	6.534331E+3	-1.064640E+4	7.713354E+3	-1.732444E+4
4.598000E+1	4.586332E+0	3.262443E+0	4.586760E+0	3.011044E-1	2.337810E+3	-1.838405E+3	4.591865E+3	-2.992750E+3	6.533855E+3	-1.064784E+4	7.711930E+3	-1.732493E+4
4.599000E+1	4.586330E+0	3.462913E+0	4.586758E+0	3.011044E-1	2.336858E+3	-1.837456E+3	4.592341E+3	-2.992750E+3	6.533379E+3	-1.064928E+4	7.710506E+3	-1.732542E+4
4.600000E+1	4.586334E+0	3.282478E+0	4.586762E+0	3.011044E-1	2.335801E+3	-1.837039E+3	4.592710E+3	-2.992113E+3	6.532372E+3	-1.065040E+4	7.709400E+3	-1.732611E+4
4.601000E+1	4.586330E+0	3.185533E+0	4.586758E+0	3.011043E-1	2.334374E+3	-1.838466E+3	4.592710E+3	-2.989268E+3	6.529519E+3	-1.065040E+4	7.709400E+3	-1.732750E+4
4.602000E+1	4.586336E+0	3.220367E+0	4.586764E+0	3.011044E-1	2.334652E+3	-1.838188E+3	4.592710E+3	-2.989442E+3	6.529310E+3	-1.065001E+4	7.709018E+3	-1.732799E+4
4.603000E+1	4.586345E+0	3.510756E+0	4.586773E+0	3.011045E-1	2.335064E+3	-1.837776E+3	4.592710E+3	-2.989854E+3	6.529310E+3	-1.064958E+4	7.708606E+3	-1.732842E+4
4.604000E+1	4.586343E+0	3.366794E+0	4.586771E+0	3.011045E-1	2.335477E+3	-1.837363E+3	4.592710E+3	-2.990267E+3	6.529310E+3	-1.064916E+4	7.708193E+3	-1.732884E+4
4.605000E+1	4.586338E+0	3.249639E+0	4.586766E+0	3.011044E-1	2.335889E+3	-1.836951E+3	4.592710E+3	-2.990679E+3	6.529310E+3	-1.064874E+4	7.707781E+3	-1.732926E+4
4.606000E+1	4.586340E+0	3.230209E+0	4.586768E+0	3.011044E-1	2.335926E+3	-1.837107E+3	4.592710E+3	-2.990910E+3	6.529310E+3	-1.064850E+4	7.707162E+3	-1.732930E+4
4.607000E+1	4.586344E+0	3.487329E+0	4.586772E+0	3.011045E-1	2.335484E+3	-1.837988E+3	4.592710E+3	-2.990910E+3	6.529310E+3	-1.064850E+4	7.706279E+3	-1.732885E+4
4.608000E+1	4.586333E+0	3.429811E+0	4.586761E+0	3.011044E-1	2.335043E+3	-1.838869E+3	4.592710E+3	-2.990910E+3	6.529310E+3	-1.064850E+4	7.705396E+3	-1.732839E+4
4.609000E+1	4.586314E+0	3.216243E+0	4.586742E+0	3.011042E-1	2.334601E+3	-1.839750E+3	4.592710E+3	-2.990910E+3	6.529310E+3	-1.064850E+4	7.704512E+3	-1.732794E+4
4.610000E+1	4.586297E+0	3.340904E+0	4.586726E+0	3.011040E-1	2.334420E+3	-1.840859E+3	4.592710E+3	-2.991059E+3	6.529310E+3	-1.064850E+4	7.703850E+3	-1.732760E+4
4.611000E+1	4.586296E+0	3.460207E+0	4.586724E+0	3.011040E-1	2.335018E+3	-1.842654E+3	4.592710E+3	-2.991654E+3	6.529310E+3	-1.064850E+4	7.703850E+3	-1.732760E+4
4.612000E+1	4.586302E+0	3.304021E+0	4.586730E+0	3.011041E-1	2.335617E+3	-1.844450E+3	4.592710E+3	-2.992249E+3	6.529310E+3	-1.064850E+4	7.703850E+3	-1.732760E+4
4.613000E+1	4.586309E+0	3.264759E+0	4.586737E+0	3.011041E-1	2.336059E+3	-1.846021E+3	4.592771E+3	-2.992750E+3	6.529371E+3	-1.064838E+4	7.704095E+3	-1.732754E+4
4.614000E+1	4.586305E+0	3.255386E+0	4.586733E+0	3.011041E-1	2.335672E+3	-1.846408E+3	4.593158E+3	-2.992750E+3	6.529758E+3	-1.064760E+4	7.705641E+3	-1.732716E+4
4.615000E+1	4.586299E+0	3.355537E+0	4.586727E+0	3.011040E-1	2.335286E+3	-1.846794E+3	4.593544E+3	-2.992750E+3	6.530144E+3	-1.064683E+4	7.707187E+3	-1.732679E+4
4.616000E+1	4.586289E+0	3.330823E+0	4.586717E+0	3.011039E-1	2.334899E+3	-1.847181E+3	4.593931E+3	-2.992750E+3	6.530531E+3	-1.064606E+4	7.708732E+3	-1.732641E+4
4.617000E+1	4.586284E+0	3.238039E+0	4.586712E+0	3.011039E-1	2.334513E+3	-1.847567E+3	4.594317E+3	-2.992750E+3	6.530917E+3	-1.064529E+4	7.710278E+3	-1.732604E+4
4.618000E+1	4.586271E+0	3.260581E+0	4.586699E+0	3.011037E-1	2.334056E+3	-1.847164E+3	4.594130E+3	-2.992750E+3	6.530945E+3	-1.064566E+4	7.710820E+3	-1.732580E+4
4.619000E+1	4.586274E+0	3.292848E+0	4.586702E+0	3.011038E-1	2.333479E+3	-1.845425E+3	4.592970E+3	-2.992750E+3	6.530365E+3	-1.064798E+4	7.709660E+3	-1.732580E+4
4.620000E+1	4.586268E+0	3.445027E+0	4.586696E+0	3.011037E-1	2.332903E+3	-1.843686E+3	4.591811E+3	-2.992750E+3	6.529785E+3	-1.065030E+4	7.708501E+3	-1.732580E+4
4.621000E+1	4.586271E+0	3.287665E+0	4.586699E+0	3.011037E-1	2.332430E+3	-1.842247E+3	4.590860E+3	-2.992737E+3	6.529297E+3	-1.065219E+4	7.707550E+3	-1.732583E+4
4.622000E+1	4.586269E+0	3.269305E+0	4.586697E+0	3.011037E-1	2.332430E+3	-1.842172E+3	4.590860E+3	-2.992662E+3	6.529222E+3	-1.065211E+4	7.707550E+3	-1.732598E+4
4.623000E+1	4.586256E+0	3.288599E+0	4.586684E+0	3.011036E-1	2.332430E+3	-1.842097E+3	4.590860E+3	-2.992588E+3	6.529147E+3	-1.065204E+4	7.707550E+3	-1.732613E+4
4.624000E+1	4.586249E+0	3.367131E+0	4.586677E+0	3.011035E-1	2.332430E+3	-1.842022E+3	4.590860E+3	-2.992513E+3	6.529072E+3	-1.065197E+4	7.707550E+3	-1.732628E+4
4.625000E+1	4.586241E+0	3.268993E+0	4.586669E+0	3.011034E-1	2.332430E+3	-1.841947E+3	4.590860E+3	-2.992439E+3	6.528997E+3	-1.065190E+4	7.707550E+3	-1.732643E+4
4.626000E+1	4.586236E+0	3.306544E+0	4.586664E+0	3.011034E-1	2.332430E+3	-1.841873E+3	4.590860E+3	-2.992365E+3	6.528923E+3	-1.065182E+4	7.707550E+3	-1.732657E+4
4.627000E+1	4.586216E+0	3.246141E+0	4.586644E+0	3.011032E-1	2.332430E+3	-1.841798E+3	4.590860E+3	-2.992290E+3	6.528848E+3	-1.065175E+4	7.707550E+3	-1.732672E+4
4.628000E+1	4.586205E+0	3.297122E+0	4.586633E+0	3.011031E-1	2.332430E+3	-1.841723E+3	4.590860E+3	-2.992216E+3	6.528773E+3	-1.065168E+4	7.707550E+3	-1.732687E+4
4.629000E+1	4.586200E+0	3.363100E+0	4.586628E+0	3.011030E-1	2.332430E+3	-1.841648E+3	4.590860E+3	-2.992141E+3	6.528698E+3	-1.065160E+4	7.707550E+3	-1.732702E+4
4.630000E+1	4.586195E+0	3.358839E+0	4.586623E+0	3.011030E-1	2.332430E+3	-1.841573E+3	4.590860E+3	-2.992067E+3	6.528623E+3	-1.065153E+4	7.707550E+3	-1.732717E+4
4.631000E+1	4.586193E+0	3.402154E+0	4.586621E+0	3.011030E-1	2.332430E+3	-1.841499E+3	4.590860E+3	-2.991993E+3	6.528549E+3	-1.065146E+4	7.707550E+3	-1.732732E+4
4.632000E+1	4.586178E+0	3.275295E+0	4.586606E+0	3.011028E-1	2.332430E+3	-1.841424E+3	4.590860E+3	-2.991918E+3	6.528474E+3	-1.065139E+4	7.707550E+3	-1.732747E+4
4.633000E+1	4.586161E+0	3.324039E+0	4.586589E+0	3.011026E-1	2.332430E+3	-1.841349E+3	4.590860E+3	-2.991844E+3	6.528399E+3	-1.065131E+4	7.707550E+3	-1.732762E+4
4.634000E+1	4.586134E+0	3.398135E+0	4.586562E+0	3.011024E-1	2.332430E+3	-1.841274E+3	4.590860E+3	-2.991770E+3	6.528324E+3	-1.065124E+4	7.707550E+3	-1.732777E+4
4.635000E+1	4.586072E+0	3.361199E+0	4.586500E+0	3.011017E-1	2.332430E+3	-1.841199E+3	4.590860E+3	-2.991695E+3	6.528249E+3	-1.065117E+4	7.707550E+3	-1.732792E+4
4.636000E+1	4.586027E+0	3.240914E+0	4.586455E+0	3.011013E-1	2.332430E+3	-1.841125E+3	4.590860E+3	-2.991621E+3	6.528175E+3	-1.065110E+4	7.707550E+3	-1.732807E+4
4.637000E+1	4.585990E+0	3.340182E+0	4.586418E+0	3.011009E-1	2.332430E+3	-1.841050E+3	4.590860E+3	-2.991546E+3	6.528100E+3	-1.065102E+4	7.707550E+3	-1.732822E+4
4.638000E+1	4.585949E+0	3.395385E+0	4.586377E+0	3.011005E-1	2.332430E+3	-1.840975E+3	4.590860E+3	-2.991472E+3	6.528025E+3	-1.065095E+4	7.707550E+3	-1.732837E+4
4.639000E+1	4.585895E+0	3.312844E+0	4.586323E+0	3.010999E-1	2.332430E+3	-1.840900E+3	4.590860E+3	-2.991398E+3	6.527950E+3	-1.065088E+4	7.707550E+3	-1.732852E+4
4.640000E+1	4.585881E+0	3.226514E+0	4.586309E+0	3.010998E-1	2.332430E+3	-1.840825E+3	4.590860E+3	-2.991323E+3	6.527875E+3	-1.065080E+4	7.707550E+3	-1.732867E+4
4.641000E+1	4.585871E+0	3.406576E+0	4.586299E+0	3.010997E-1	2.332430E+3	-1.840751E+3	4.590860E+3	-2.991249E+3	6.527801E+3	-1.065073E+4	7.707550E+3	-1.732882E+4
4.642000E+1	4.585870E+0	3.293585E+0	4.586298E+0	3.010997E-1	2.332430E+3	-1.840676E+3	4.590860E+3	-2.991174E+3	6.527726E+3	-1.065066E+4	7.707550E+3	-1.732897E+4
4.643000E+1	4.585856E+0	3.187913E+0	4.586284E+0	3.010995E-1	2.332430E+3	-1.840601E+3	4.590860E+3	-2.991100E+3	6.527651E+3	-1.065059E+4	7.707550E+3	-1.732912E+4
4.644000E+1	4.585840E+0	3.311949E+0	4.586268E+0	3.010993E-1	2.332430E+3	-1.840526E+3	4.590860E+3	-2.991026E+3	6.527576E+3	-1.065051E+4	7.707550E+3	-1.732927E+4
4.645000E+1	4.585827E+0	3.376520E+0	4.586255E+0	3.010992E-1	2.332430E+3	-1.840451E+3	4.590860E+3	-2.990951E+3	6.527501E+3	-1.065044E+4	7.707550E+3	-1.732942E+4
4.646000E+1	4.585812E+0	3.475036E+0	4.586240E+0	3.010991E-1	2.335661E+3	-1.840410E+3	4.590401E+3	-2.991825E+3	6.525610E+3	-1.064897E+4	7.704323E+3	-1.733038E+4
4.647000E+1	4.585780E+0	3.412425E+0	4.586208E+0	3.010987E-1	2.334336E+3	-1.840410E+3	4.589076E+3	-2.994468E+3	6.525610E+3	-1.065033E+4	7.700349E+3	-1.732773E+4
4.648000E+1	4.585748E+0	3.232612E+0	4.586176E+0	3.010984E-1	2.335526E+3	-1.841369E+3	4.590860E+3	-2.992454E+3	6.523760E+3	-1.065191E+4	7.702595E+3	-1.732979E+4
4.649000E+1	4.585744E+0	3.174204E+0	4.586173E+0	3.010984E-1	2.334828E+3	-1.840321E+3	4.590860E+3	-2.992106E+3	6.523760E+3	-1.065157E+4	7.703295E+3	-1.733013E+4
4.650000E+1	4.585735E+0	3.311250E+0	4.586164E+0	3.010983E-1	2.334130E+3	-1.839273E+3	4.590860E+3	-2.991758E+3	6.523760E+3	-1.065123E+4	7.703995E+3	-1.733047E+4
4.651000E+1	4.585697E+0	3.410427E+0	4.586125E+0	3.010979E-1	2.333432E+3	-1.838224E+3	4.590860E+3	-2.991410E+3	6.523760E+3	-1.065089E+4	7.704695E+3	-1.733081E+4
4.652000E+1	4.585646E+0	3.324084E+0	4.586074E+0	3.010974E-1	2.332734E+3	-1.837176E+3	4.590860E+3	-2.991062E+3	6.523760E+3	-1.065055E+4	7.705395E+3	-1.733115E+4
4.653000E+1	4.585613E+0	3.244471E+0	4.586041E+0	3.010970E-1	2.332494E+3	-1.836914E+3	4.590860E+3	-2.990910E+3	6.523760E+3	-1.065033E+4	7.705571E+3	-1.733130E+4
4.654000E+1	4.585559E+0	3.289756E+0	4.585987E+0	3.010965E-1	2.332608E+3	-1.837256E+3	4.590860E+3	-2.990910E+3	6.523760E+3	-1.065022E+4	7.705342E+3	-1.733130E+4
4.655000E+1	4.585550E+0	3.395035E+0	4.585978E+0	3.010964E-1	2.332722E+3	-1.837599E+3	4.590860E+3	-2.990910E+3	6.523760E+3	-1.065010E+4	7.705113E+3	-1.733130E+4
4.656000E+1	4.585519E+0	3.291455E+0	4.585947E+0	3.010961E-1	2.332836E+3	-1.837942E+3	4.590860E+3	-2.990910E+3	6.523760E+3	-1.064998E+4	7.704884E+3	-1.733130E+4
4.657000E+1	4.585490E+0	3.257415E+0	4.585918E+0	3.010958E-1	2.332950E+3	-1.838285E+3	4.590860E+3	-2.990910E+3	6.523760E+3	-1.064986E+4	7.704655E+3	-1.733130E+4
4.658000E+1	4.585475E+0	3.276696E+0	4.585903E+0	3.010956E-1	2.333064E+3	-1.838628E+3	4.590860E+3	-2.990910E+3	6.523760E+3	-1.064975E+4	7.704426E+3	-1.733130E+4
4.659000E+1	4.585454E+0	3.339650E+0	4.585882E+0	3.010954E-1	2.333178E+3	-1.838971E+3	4.590860E+3	-2.990910E+3	6.523760E+3	-1.064963E+4	7.704197E+3	-1.733130E+4
4.660000E+1	4.585430E+0	3.341331E+0	4.585858E+0	3.010952E-1	2.333291E+3	-1.839314E+3	4.590860E+3	-2.990910E+3	6.523760E+3	-1.064951E+4	7.703968E+3	-1.733130E+4
4.661000E+1	4.585417E+0	3.198144E+0	4.585845E+0	3.010950E-1	2.333405E+3	-1.839657E+3	4.590860E+3	-2.990910E+3	6.523760E+3	-1.064939E+4	7.703739E+3	-1.733130E+4
4.662000E+1	4.585389E+0	3.219451E+0	4.585817E+0	3.010947E-1	2.333519E+3	-1.840000E+3	4.590860E+3	-2.990910E+3	6.523760E+3	-1.064928E+4	7.703510E+3	-1.733130E+4
4.663000E+1	4.585324E+0	3.442199E+0	4.585752E+0	3.010941E-1	2.333633E+3	-1.840342E+3	4.590860E+3	-2.990910E+3	6.523760E+3	-1.064916E+4	7.703281E+3	-1.733130E+4
4.664000E+1	4.585259E+0	3.324693E+0	4.585687E+0	3.010934E-1	2.333747E+3	-1.840685E+3	4.590860E+3	-2.990910E+3	6.523760E+3	-1.064904E+4	7.703052E+3	-1.733130E+4
4.665000E+1	4.585200E+0	3.203258E+0	4.585628E+0	3.010928E-1	2.333861E+3	-1.841028E+3	4.590860E+3	-2.990910E+3	6.523760E+3	-1.064892E+4	7.702823E+3	-1.733130E+4
4.666000E+1	4.585138E+0	3.257949E+0	4.585566E+0	3.010922E-1	2.333975E+3	-1.841371E+3	4.590860E+3	-2.990910E+3	6.523760E+3	-1.064880E+4	7.702594E+3	-1.733130E+4
4.667000E+1	4.585110E+0	3.465991E+0	4.585538E+0	3.010919E-1	2.334089E+3	-1.841714E+3	4.590860E+3	-2.990910E+3	6.523760E+3	-1.064869E+4	7.702365E+3	-1.733130E+4
4.668000E+1	4.585072E+0	3.419587E+0	4.585500E+0	3.010915E-1	2.334203E+3	-1.842057E+3	4.590860E+3	-2.990910E+3	6.523760E+3	-1.064857E+4	7.702136E+3	-1.733130E+4
4.669000E+1	4.585037E+0	3.255706E+0	4.585465E+0	3.010912E-1	2.335722E+3	-1.838570E+3	4.589010E+3	-2.990512E+3	6.523760E+3	-1.065120E+4	7.703054E+3	-1.732989E+4
4.670000E+1	4.585004E+0	3.082766E+0	4.585432E+0	3.010908E-1	2.334746E+3	-1.838570E+3	4.589010E+3	-2.989536E+3	6.523760E+3	-1.065315E+4	7.701101E+3	-1.733084E+4
4.671000E+1	4.584979E+0	3.373389E+0	4.585407E+0	3.010906E-1	2.334073E+3	-1.838767E+3	4.589208E+3	-2.989455E+3	6.523562E+3	-1.065370E+4	7.700348E+3	-1.733130E+4
4.672000E+1	4.584978E+0	3.446485E+0	4.585406E+0	3.010906E-1	2.333689E+3	-1.839151E+3	4.589595E+3	-2.990226E+3	6.523175E+3	-1.065293E+4	7.700735E+3	-1.733130E+4
4.673000E+1	4.584958E+0	3.288351E+0	4.585386E+0	3.010903E-1	2.333304E+3	-1.839536E+3	4.589981E+3	-2.990997E+3	6.522789E+3	-1.065216E+4	7.701121E+3	-1.733130E+4
4.674000E+1	4.584918E+0	3.185140E+0	4.585346E+0	3.010899E-1	2.332920E+3	-1.839920E+3	4.590368E+3	-2.991768E+3	6.522402E+3	-1.065138E+4	7.701508E+3	-1.733130E+4
4.675000E+1	4.584861E+0	3.258463E+0	4.585289E+0	3.010894E-1	2.332535E+3	-1.840305E+3	4.590754E+3	-2.992538E+3	6.522016E+3	-1.065061E+4	7.701894E+3	-1.733130E+4
4.676000E+1	4.584770E+0	3.475586E+0	4.585198E+0	3.010884E-1	2.332848E+3	-1.841251E+3	4.590439E+3	-2.993171E+3	6.521910E+3	-1.064997E+4	7.701579E+3	-1.733130E+4
4.677000E+1	4.584707E+0	3.363806E+0	4.585135E+0	3.010878E-1	2.333425E+3	-1.842411E+3	4.589860E+3	-2.993750E+3	6.521910E+3	-1.064937E+4	7.701000E+3	-1.733130E+4
4.678000E+1	4.584637E+0	3.190521E+0	4.585065E+0	3.010871E-1	2.334001E+3	-1.843570E+3	4.589280E+3	-2.994330E+3	6.521910E+3	-1.064878E+4	7.700420E+3	-1.733130E+4
4.679000E+1	4.584568E+0	3.190376E+0	4.584996E+0	3.010864E-1	2.334683E+3	-1.844316E+3	4.589010E+3	-2.994806E+3	6.522116E+3	-1.064871E+4	7.699737E+3	-1.733130E+4
4.680000E+1	4.584491E+0	3.387741E+0	4.584919E+0	3.010856E-1	2.335456E+3	-1.844703E+3	4.589010E+3	-2.995193E+3	6.522503E+3	-1.064911E+4	7.698964E+3	-1.733130E+4
4.681000E+1	4.584480E+0	3.404852E+0	4.584908E+0	3.010855E-1	2.336229E+3	-1.845089E+3	4.589010E+3	-2.995579E+3	6.522889E+3	-1.064951E+4	7.698191E+3	-1.733130E+4
4.682000E+1	4.584430E+0	3.185946E+0	4.584858E+0	3.010850E-1	2.337002E+3	-1.845476E+3	4.589010E+3	-2.995966E+3	6.523276E+3	-1.064990E+4	7.697418E+3	-1.733130E+4
4.683000E+1	4.584370E+0	3.195580E+0	4.584798E+0	3.010843E-1	2.337774E+3	-1.845862E+3	4.589010E+3	-2.996352E+3	6.523662E+3	-1.065030E+4	7.696646E+3	-1.733130E+4
4.684000E+1	4.584328E+0	3.483948E+0	4.584756E+0	3.010839E-1	2.337568E+3	-1.845960E+3	4.589010E+3	-2.996249E+3	6.523760E+3	-1.065000E+4	7.697052E+3	-1.733130E+4
4.685000E+1	4.584318E+0	3.396778E+0	4.584746E+0	3.010838E-1	2.337031E+3	-1.845960E+3	4.589010E+3	-2.995980E+3	6.523760E+3	-1.064946E+4	7.697859E+3	-1.733130E+4
4.686000E+1	4.584303E+0	3.197893E+0	4.584731E+0	3.010837E-1	2.336493E+3	-1.845960E+3	4.589010E+3	-2.995712E+3	6.523760E+3	-1.064892E+4	7.698665E+3	-1.733130E+4
4.687000E+1	4.584242E+0	3.125884E+0	4.584670E+0	3.010830E-1	2.335955E+3	-1.845960E+3	4.589010E+3	-2.995443E+3	6.523760E+3	-1.064839E+4	7.699472E+3	-1.733130E+4
4.688000E+1	4.584168E+0	3.428935E+0	4.584596E+0	3.010823E-1	2.335418E+3	-1.845960E+3	4.589010E+3	-2.995174E+3	6.523760E+3	-1.064785E+4	7.700278E+3	-1.733130E+4
4.689000E+1	4.584132E+0	3.436953E+0	4.584560E+0	3.010819E-1	2.334880E+3	-1.845960E+3	4.589010E+3	-2.994905E+3	6.523760E+3	-1.064731E+4	7.701085E+3	-1.733130E+4
4.690000E+1	4.584096E+0	3.282042E+0	4.584524E+0	3.010816E-1	2.334342E+3	-1.845960E+3	4.589010E+3	-2.994636E+3	6.523760E+3	-1.064677E+4	7.701891E+3	-1.733130E+4
4.691000E+1	4.584043E+0	3.183222E+0	4.584471E+0	3.010810E-1	2.334513E+3	-1.845717E+3	4.589010E+3	-2.994357E+3	6.523517E+3	-1.064719E+4	7.702000E+3	-1.733130E+4
4.692000E+1	4.583972E+0	3.270341E+0	4.584400E+0	3.010803E-1	2.334794E+3	-1.845436E+3	4.589010E+3	-2.994076E+3	6.523236E+3	-1.064775E+4	7.702000E+3	-1.733130E+4
4.693000E+1	4.583924E+0	3.412229E+0	4.584352E+0	3.010798E-1	2.335075E+3	-1.845155E+3	4.589010E+3	-2.993795E+3	6.522955E+3	-1.064831E+4	7.702000E+3	-1.733130E+4
4.694000E+1	4.583896E+0	3.191511E+0	4.584324E+0	3.010795E-1	2.335356E+3	-1.844874E+3	4.589010E+3	-2.993514E+3	6.522674E+3	-1.064887E+4	7.702000E+3	-1.733130E+4
4.695000E+1	4.583853E+0	3.201646E+0	4.584281E+0	3.010791E-1	2.335637E+3	-1.844593E+3	4.589010E+3	-2.993233E+3	6.522393E+3	-1.064943E+4	7.702000E+3	-1.733130E+4
4.696000E+1	4.583771E+0	3.336906E+0	4.584199E+0	3.010782E-1	2.335918E+3	-1.844312E+3	4.589010E+3	-2.992952E+3	6.522112E+3	-1.065000E+4	7.702000E+3	-1.733130E+4
4.697000E+1	4.583749E+0	3.497816E+0	4.584177E+0	3.010780E-1	2.335961E+3	-1.843951E+3	4.589010E+3	-2.992750E+3	6.521910E+3	-1.065048E+4	7.701841E+3	-1.733138E+4
4.698000E+1	4.583688E+0	3.348027E+0	4.584116E+0	3.010774E-1	2.335401E+3	-1.843389E+3	4.589010E+3	-2.992750E+3	6.521910E+3	-1.065075E+4	7.701279E+3	-1.733167E+4
4.699000E+1	4.583589E+0	3.197676E+0	4.584017E+0	3.010764E-1	2.334840E+3	-1.842827E+3	4.589010E+3	-2.992750E+3	6.521910E+3	-1.065102E+4	7.700717E+3	-1.733196E+4
4.700000E+1	4.583411E+0	3.187102E+0	4.583839E+0	3.010746E-1	2.334280E+3	-1.842265E+3	4.589010E+3	-2.992750E+3	6.521910E+3	-1.065130E+4	7.700155E+3	-1.733225E+4
4.701000E+1	4.583279E+0	3.454711E+0	4.583707E+0	3.010732E-1	2.333719E+3	-1.841703E+3	4.589010E+3	-2.992750E+3	6.521910E+3	-1.065157E+4	7.699593E+3	-1.733254E+4
4.702000E+1	4.583223E+0	3.383403E+0	4.583651E+0	3.010726E-1	2.333158E+3	-1.841140E+3	4.589010E+3	-2.992750E+3	6.521910E+3	-1.065184E+4	7.699030E+3	-1.733282E+4
4.703000E+1	4.583186E+0	3.214659E+0	4.583614E+0	3.010723E-1	2.332598E+3	-1.840578E+3	4.589010E+3	-2.992750E+3	6.521910E+3	-1.065212E+4	7.698468E+3	-1.733311E+4
4.704000E+1	4.583140E+0	3.238476E+0	4.583568E+0	3.010718E-1	2.332430E+3	-1.841174E+3	4.589520E+3	-2.993005E+3	6.521655E+3	-1.065169E+4	7.698555E+3	-1.733345E+4
4.705000E+1	4.583130E+0	3.452952E+0	4.583558E+0	3.010717E-1	2.332430E+3	-1.842266E+3	4.590247E+3	-2.993369E+3	6.521291E+3	-1.065096E+4	7.698919E+3	-1.733380E+4
4.706000E+1	4.583106E+0	3.414392E+0	4.583534E+0	3.010714E-1	2.332430E+3	-1.843357E+3	4.590974E+3	-2.993732E+3	6.520928E+3	-1.065024E+4	7.699282E+3	-1.733416E+4
4.707000E+1	4.583065E+0	3.324710E+0	4.583493E+0	3.010710E-1	2.332430E+3	-1.844448E+3	4.591702E+3	-2.994096E+3	6.520564E+3	-1.064951E+4	7.699646E+3	-1.733451E+4
4.708000E+1	4.583052E+0	3.214234E+0	4.583480E+0	3.010709E-1	2.332430E+3	-1.845539E+3	4.592429E+3	-2.994460E+3	6.520200E+3	-1.064878E+4	7.700010E+3	-1.733486E+4
4.709000E+1	4.583019E+0	3.218434E+0	4.583447E+0	3.010706E-1	2.334093E+3	-1.842082E+3	4.589010E+3	-2.996272E+3	6.521910E+3	-1.064833E+4	7.696984E+3	-1.733130E+4
4.710000E+1	4.582971E+0	3.460648E+0	4.583399E+0	3.010701E-1	2.333805E+3	-1.841792E+3	4.589010E+3	-2.995982E+3	6.521910E+3	-1.064804E+4	7.697853E+3	-1.733130E+4
4.711000E+1	4.582906E+0	3.301524E+0	4.583334E+0	3.010694E-1	2.333516E+3	-1.841502E+3	4.589010E+3	-2.995692E+3	6.521910E+3	-1.064776E+4	7.698723E+3	-1.733130E+4
4.712000E+1	4.582890E+0	3.112372E+0	4.583318E+0	3.010692E-1	2.333228E+3	-1.841213E+3	4.589010E+3	-2.995403E+3	6.521910E+3	-1.064748E+4	7.699592E+3	-1.733130E+4
4.713000E+1	4.582873E+0	3.199544E+0	4.583301E+0	3.010691E-1	2.332940E+3	-1.840923E+3	4.589010E+3	-2.995113E+3	6.521910E+3	-1.064720E+4	7.700462E+3	-1.733130E+4
4.714000E+1	4.582853E+0	3.416653E+0	4.583281E+0	3.010689E-1	2.332652E+3	-1.840633E+3	4.589010E+3	-2.994823E+3	6.521910E+3	-1.064692E+4	7.701332E+3	-1.733130E+4
4.715000E+1	4.582815E+0	3.308157E+0	4.583243E+0	3.010685E-1	2.332430E+3	-1.840082E+3	4.588680E+3	-2.993942E+3	6.521910E+3	-1.064736E+4	7.701670E+3	-1.733130E+4
4.716000E+1	4.582772E+0	3.226258E+0	4.583200E+0	3.010680E-1	2.332430E+3	-1.838663E+3	4.587253E+3	-2.991096E+3	6.521910E+3	-1.065021E+4	7.700243E+3	-1.733130E+4
4.717000E+1	4.582732E+0	3.230552E+0	4.583160E+0	3.010676E-1	2.332430E+3	-1.838719E+3	4.587160E+3	-2.990910E+3	6.521761E+3	-1.065055E+4	7.700150E+3	-1.733145E+4
4.718000E+1	4.582688E+0	3.463320E+0	4.583117E+0	3.010672E-1	2.332430E+3	-1.838878E+3	4.587160E+3	-2.990910E+3	6.521601E+3	-1.065070E+4	7.700150E+3	-1.733162E+4
4.719000E+1	4.582645E+0	3.436060E+0	4.583073E+0	3.010667E-1	2.332430E+3	-1.839037E+3	4.587160E+3	-2.990910E+3	6.521441E+3	-1.065086E+4	7.700150E+3	-1.733178E+4
4.720000E+1	4.582586E+0	3.208673E+0	4.583014E+0	3.010661E-1	2.332430E+3	-1.839196E+3	4.587160E+3	-2.990910E+3	6.521281E+3	-1.065101E+4	7.700150E+3	-1.733195E+4
4.721000E+1	4.582540E+0	3.222287E+0	4.582968E+0	3.010657E-1	2.332430E+3	-1.839355E+3	4.587160E+3	-2.990910E+3	6.521121E+3	-1.065117E+4	7.700150E+3	-1.733211E+4
4.722000E+1	4.582496E+0	3.329137E+0	4.582924E+0	3.010652E-1	2.332430E+3	-1.839514E+3	4.587160E+3	-2.990910E+3	6.520961E+3	-1.065132E+4	7.700150E+3	-1.733227E+4
4.723000E+1	4.582478E+0	3.402955E+0	4.582906E+0	3.010650E-1	2.332430E+3	-1.839673E+3	4.587160E+3	-2.990910E+3	6.520801E+3	-1.065148E+4	7.700150E+3	-1.733244E+4
4.724000E+1	4.582441E+0	3.212207E+0	4.582869E+0	3.010647E-1	2.332430E+3	-1.839832E+3	4.587160E+3	-2.990910E+3	6.520641E+3	-1.065163E+4	7.700150E+3	-1.733260E+4
4.725000E+1	4.582399E+0	3.163570E+0	4.582827E+0	3.010642E-1	2.332430E+3	-1.839991E+3	4.587160E+3	-2.990910E+3	6.520481E+3	-1.065179E+4	7.700150E+3	-1.733277E+4
4.726000E+1	4.582376E+0	3.202585E+0	4.582804E+0	3.010640E-1	2.332430E+3	-1.840150E+3	4.587160E+3	-2.990910E+3	6.520321E+3	-1.065195E+4	7.700150E+3	-1.733293E+4
4.727000E+1	4.582314E+0	3.419301E+0	4.582742E+0	3.010634E-1	2.332430E+3	-1.840309E+3	4.587160E+3	-2.990910E+3	6.520161E+3	-1.065210E+4	7.700150E+3	-1.733310E+4
4.728000E+1	4.582190E+0	3.396181E+0	4.582618E+0	3.010621E-1	2.332430E+3	-1.842260E+3	4.587160E+3	-2.993202E+3	6.518210E+3	-1.065040E+4	7.697621E+3	-1.733320E+4
4.729000E+1	4.582128E+0	3.243661E+0	4.582556E+0	3.010615E-1	2.332430E+3	-1.842260E+3	4.587160E+3	-2.994439E+3	6.518210E+3	-1.065040E+4	7.695767E+3	-1.733320E+4
4.730000E+1	4.582096E+0	3.182845E+0	4.582524E+0	3.010611E-1	2.332430E+3	-1.842260E+3	4.587160E+3	-2.995676E+3	6.518210E+3	-1.065040E+4	7.693912E+3	-1.733320E+4
4.731000E+1	4.582052E+0	3.467488E+0	4.582480E+0	3.010607E-1	2.332129E+3	-1.842863E+3	4.587160E+3	-2.996149E+3	6.518813E+3	-1.065040E+4	7.692750E+3	-1.733289E+4
4.732000E+1	4.581991E+0	3.374502E+0	4.582419E+0	3.010601E-1	2.331322E+3	-1.844476E+3	4.587160E+3	-2.995342E+3	6.520426E+3	-1.065040E+4	7.692750E+3	-1.733206E+4
4.733000E+1	4.581970E+0	3.312139E+0	4.582398E+0	3.010599E-1	2.330672E+3	-1.845960E+3	4.587206E+3	-2.994600E+3	6.521910E+3	-1.065035E+4	7.692935E+3	-1.733130E+4
4.734000E+1	4.581959E+0	3.323845E+0	4.582387E+0	3.010597E-1	2.331829E+3	-1.845960E+3	4.587786E+3	-2.994600E+3	6.521910E+3	-1.064976E+4	7.695254E+3	-1.733130E+4
4.735000E+1	4.581921E+0	3.292688E+0	4.582349E+0	3.010594E-1	2.332985E+3	-1.845960E+3	4.588366E+3	-2.994600E+3	6.521910E+3	-1.064916E+4	7.697573E+3	-1.733130E+4
4.736000E+1	4.581850E+0	3.316415E+0	4.582278E+0	3.010586E-1	2.334141E+3	-1.845960E+3	4.588945E+3	-2.994600E+3	6.521910E+3	-1.064857E+4	7.699891E+3	-1.733130E+4
4.737000E+1	4.581765E+0	3.313687E+0	4.582193E+0	3.010578E-1	2.334270E+3	-1.844930E+3	4.589010E+3	-2.994257E+3	6.521223E+3	-1.064919E+4	7.699807E+3	-1.733130E+4
4.738000E+1	4.581643E+0	3.265661E+0	4.582071E+0	3.010565E-1	2.334270E+3	-1.843771E+3	4.589010E+3	-2.993870E+3	6.520450E+3	-1.064996E+4	7.699420E+3	-1.733130E+4
4.739000E+1	4.581468E+0	3.238424E+0	4.581896E+0	3.010547E-1	2.334270E+3	-1.842611E+3	4.589010E+3	-2.993484E+3	6.519678E+3	-1.065073E+4	7.699034E+3	-1.733130E+4
4.740000E+1	4.581383E+0	3.297652E+0	4.581811E+0	3.010539E-1	2.334270E+3	-1.841452E+3	4.589010E+3	-2.993097E+3	6.518905E+3	-1.065151E+4	7.698647E+3	-1.733130E+4
4.741000E+1	4.581362E+0	3.357149E+0	4.581790E+0	3.010537E-1	2.334157E+3	-1.840467E+3	4.589067E+3	-2.992693E+3	6.518210E+3	-1.065220E+4	7.698243E+3	-1.733136E+4
4.742000E+1	4.581308E+0	3.274211E+0	4.581736E+0	3.010531E-1	2.333035E+3	-1.841029E+3	4.589629E+3	-2.992134E+3	6.518210E+3	-1.065220E+4	7.697681E+3	-1.733194E+4
4.743000E+1	4.581256E+0	3.304971E+0	4.581684E+0	3.010526E-1	2.331914E+3	-1.841591E+3	4.590191E+3	-2.991575E+3	6.518210E+3	-1.065220E+4	7.697119E+3	-1.733251E+4
4.744000E+1	4.581190E+0	3.427309E+0	4.581619E+0	3.010519E-1	2.330793E+3	-1.842153E+3	4.590753E+3	-2.991016E+3	6.518210E+3	-1.065220E+4	7.696557E+3	-1.733309E+4
4.745000E+1	4.581128E+0	3.300539E+0	4.581556E+0	3.010513E-1	2.330718E+3	-1.842398E+3	4.590722E+3	-2.991185E+3	6.517934E+3	-1.065207E+4	7.696450E+3	-1.733333E+4
4.746000E+1	4.581017E+0	3.150418E+0	4.581445E+0	3.010501E-1	2.330888E+3	-1.842568E+3	4.590552E+3	-2.991524E+3	6.517594E+3	-1.065190E+4	7.696450E+3	-1.733350E+4
4.747000E+1	4.580870E+0	3.177058E+0	4.581298E+0	3.010486E-1	2.331058E+3	-1.842738E+3	4.590382E+3	-2.991864E+3	6.517254E+3	-1.065173E+4	7.696450E+3	-1.733367E+4
4.748000E+1	4.580827E+0	3.461623E+0	4.581255E+0	3.010482E-1	2.331228E+3	-1.842908E+3	4.590212E+3	-2.992203E+3	6.516913E+3	-1.065157E+4	7.696450E+3	-1.733383E+4
4.749000E+1	4.580757E+0	3.323096E+0	4.581185E+0	3.010475E-1	2.331399E+3	-1.843079E+3	4.590041E+3	-2.992543E+3	6.516573E+3	-1.065140E+4	7.696450E+3	-1.733400E+4
4.750000E+1	4.580719E+0	3.199175E+0	4.581147E+0	3.010471E-1	2.331569E+3	-1.843249E+3	4.589871E+3	-2.992882E+3	6.516233E+3	-1.065124E+4	7.696450E+3	-1.733416E+4
4.751000E+1	4.580666E+0	3.255520E+0	4.581094E+0	3.010465E-1	2.331739E+3	-1.843419E+3	4.589701E+3	-2.993222E+3	6.515892E+3	-1.065107E+4	7.696450E+3	-1.733433E+4
4.752000E+1	4.580638E+0	3.319396E+0	4.581066E+0	3.010463E-1	2.331909E+3	-1.843589E+3	4.589531E+3	-2.993561E+3	6.515552E+3	-1.065091E+4	7.696450E+3	-1.733449E+4
4.753000E+1	4.580608E+0	3.281812E+0	4.581037E+0	3.010460E-1	2.332079E+3	-1.843759E+3	4.589361E+3	-2.993900E+3	6.515211E+3	-1.065074E+4	7.696450E+3	-1.733466E+4
4.754000E+1	4.580521E+0	3.213909E+0	4.580949E+0	3.010451E-1	2.332249E+3	-1.843929E+3	4.589191E+3	-2.994240E+3	6.514871E+3	-1.065058E+4	7.696450E+3	-1.733482E+4
4.755000E+1	4.580481E+0	3.286501E+0	4.580909E+0	3.010447E-1	2.332420E+3	-1.844100E+3	4.589020E+3	-2.994579E+3	6.514531E+3	-1.065041E+4	7.696450E+3	-1.733499E+4
4.756000E+1	4.580444E+0	3.355060E+0	4.580872E+0	3.010443E-1	2.332430E+3	-1.842260E+3	4.587160E+3	-2.994849E+3	6.518210E+3	-1.065040E+4	7.694600E+3	-1.733320E+4
4.757000E+1	4.580439E+0	3.373865E+0	4.580867E+0	3.010442E-1	2.332430E+3	-1.842260E+3	4.587160E+3	-2.995114E+3	6.518210E+3	-1.065040E+4	7.694600E+3	-1.733320E+4
4.758000E+1	4.580417E+0	3.315224E+0	4.580845E+0	3.010440E-1	2.332430E+3	-1.842260E+3	4.587160E+3	-2.995379E+3	6.518210E+3	-1.065040E+4	7.694600E+3	-1.733320E+4
4.759000E+1	4.580396E+0	3.280113E+0	4.580824E+0	3.010438E-1	2.332430E+3	-1.842260E+3	4.587160E+3	-2.995644E+3	6.518210E+3	-1.065040E+4	7.694600E+3	-1.733320E+4
4.760000E+1	4.580378E+0	3.295558E+0	4.580806E+0	3.010436E-1	2.332430E+3	-1.842260E+3	4.587160E+3	-2.995909E+3	6.518210E+3	-1.065040E+4	7.694600E+3	-1.733320E+4
4.761000E+1	4.580343E+0	3.337138E+0	4.580771E+0	3.010433E-1	2.332430E+3	-1.842260E+3	4.587160E+3	-2.996174E+3	6.518210E+3	-1.065040E+4	7.694600E+3	-1.733320E+4
4.762000E+1	4.580316E+0	3.205480E+0	4.580744E+0	3.010430E-1	2.332430E+3	-1.842260E+3	4.587160E+3	-2.996439E+3	6.518210E+3	-1.065040E+4	7.694600E+3	-1.733320E+4
4.763000E+1	4.580262E+0	3.221800E+0	4.580690E+0	3.010424E-1	2.332616E+3	-1.842073E+3	4.587160E+3	-2.996263E+3	6.518210E+3	-1.065021E+4	7.694974E+3	-1.733320E+4
4.764000E+1	4.580226E+0	3.269814E+0	4.580655E+0	3.010421E-1	2.332810E+3	-1.841878E+3	4.587160E+3	-2.996068E+3	6.518210E+3	-1.065001E+4	7.695364E+3	-1.733320E+4
4.765000E+1	4.580180E+0	3.364209E+0	4.580608E+0	3.010416E-1	2.333004E+3	-1.841682E+3	4.587160E+3	-2.995872E+3	6.518210E+3	-1.064981E+4	7.695755E+3	-1.733320E+4
4.766000E+1	4.580155E+0	3.303677E+0	4.580583E+0	3.010413E-1	2.333199E+3	-1.841487E+3	4.587160E+3	-2.995677E+3	6.518210E+3	-1.064961E+4	7.696146E+3	-1.733320E+4
4.767000E+1	4.580111E+0	3.232744E+0	4.580539E+0	3.010409E-1	2.333393E+3	-1.841292E+3	4.587160E+3	-2.995482E+3	6.518210E+3	-1.064941E+4	7.696536E+3	-1.733320E+4
4.768000E+1	4.580098E+0	3.265860E+0	4.580526E+0	3.010408E-1	2.333587E+3	-1.841097E+3	4.587160E+3	-2.995287E+3	6.518210E+3	-1.064921E+4	7.696927E+3	-1.733320E+4
4.769000E+1	4.580066E+0	3.387704E+0	4.580494E+0	3.010404E-1	2.333781E+3	-1.840901E+3	4.587160E+3	-2.995091E+3	6.518210E+3	-1.064900E+4	7.697317E+3	-1.733320E+4
4.770000E+1	4.579979E+0	3.347826E+0	4.580407E+0	3.010395E-1	2.333975E+3	-1.840706E+3	4.587160E+3	-2.994896E+3	6.518210E+3	-1.064880E+4	7.697708E+3	-1.733320E+4
4.771000E+1	4.579938E+0	3.240167E+0	4.580366E+0	3.010391E-1	2.334170E+3	-1.840511E+3	4.587160E+3	-2.994701E+3	6.518210E+3	-1.064860E+4	7.698098E+3	-1.733320E+4
4.772000E+1	4.579889E+0	3.220562E+0	4.580318E+0	3.010386E-1	2.334213E+3	-1.840410E+3	4.587217E+3	-2.994543E+3	6.518210E+3	-1.064867E+4	7.698186E+3	-1.733320E+4
4.773000E+1	4.579876E+0	3.251289E+0	4.580304E+0	3.010385E-1	2.334096E+3	-1.840410E+3	4.587335E+3	-2.994425E+3	6.518210E+3	-1.064903E+4	7.697950E+3	-1.733320E+4
4.774000E+1	4.579833E+0	3.353701E+0	4.580261E+0	3.010381E-1	2.333978E+3	-1.840410E+3	4.587453E+3	-2.994307E+3	6.518210E+3	-1.064939E+4	7.697713E+3	-1.733320E+4
4.775000E+1	4.579761E+0	3.350955E+0	4.580189E+0	3.010373E-1	2.333861E+3	-1.840410E+3	4.587572E+3	-2.994188E+3	6.518210E+3	-1.064975E+4	7.697477E+3	-1.733320E+4
4.776000E+1	4.579702E+0	3.356969E+0	4.580130E+0	3.010367E-1	2.333743E+3	-1.840410E+3	4.587690E+3	-2.994070E+3	6.518210E+3	-1.065010E+4	7.697241E+3	-1.733320E+4
4.777000E+1	4.579686E+0	3.306664E+0	4.580114E+0	3.010366E-1	2.333626E+3	-1.840410E+3	4.587808E+3	-2.993952E+3	6.518210E+3	-1.065046E+4	7.697004E+3	-1.733320E+4
4.778000E+1	4.579650E+0	3.357278E+0	4.580078E+0	3.010362E-1	2.333508E+3	-1.840410E+3	4.587926E+3	-2.993834E+3	6.518210E+3	-1.065082E+4	7.696768E+3	-1.733320E+4
4.779000E+1	4.579576E+0	3.277429E+0	4.580004E+0	3.010354E-1	2.333391E+3	-1.840410E+3	4.588044E+3	-2.993716E+3	6.518210E+3	-1.065118E+4	7.696532E+3	-1.733320E+4
4.780000E+1	4.579500E+0	3.238773E+0	4.579928E+0	3.010347E-1	2.333273E+3	-1.840410E+3	4.588162E+3	-2.993598E+3	6.518210E+3	-1.065153E+4	7.696295E+3	-1.733320E+4
4.781000E+1	4.579411E+0	3.288597E+0	4.579839E+0	3.010338E-1	2.333156E+3	-1.840410E+3	4.588280E+3	-2.993480E+3	6.518210E+3	-1.065189E+4	7.696059E+3	-1.733320E+4
4.782000E+1	4.579316E+0	3.395623E+0	4.579744E+0	3.010328E-1	2.333038E+3	-1.840410E+3	4.588399E+3	-2.993361E+3	6.518210E+3	-1.065225E+4	7.695823E+3	-1.733320E+4
4.783000E+1	4.579272E+0	3.360442E+0	4.579700E+0	3.010323E-1	2.332921E+3	-1.840410E+3	4.588517E+3	-2.993243E+3	6.518210E+3	-1.065261E+4	7.695587E+3	-1.733320E+4
4.784000E+1	4.579226E+0	3.262125E+0	4.579654E+0	3.010319E-1	2.332803E+3	-1.840410E+3	4.588635E+3	-2.993125E+3	6.518210E+3	-1.065296E+4	7.695350E+3	-1.733320E+4
4.785000E+1	4.579152E+0	3.258081E+0	4.579580E+0	3.010311E-1	2.332686E+3	-1.840410E+3	4.588753E+3	-2.993007E+3	6.518210E+3	-1.065332E+4	7.695114E+3	-1.733320E+4
4.786000E+1	4.579099E+0	3.258593E+0	4.579527E+0	3.010306E-1	2.332568E+3	-1.840410E+3	4.588871E+3	-2.992889E+3	6.518210E+3	-1.065368E+4	7.694878E+3	-1.733320E+4
4.787000E+1	4.579051E+0	3.312641E+0	4.579479E+0	3.010301E-1	2.332451E+3	-1.840410E+3	4.588989E+3	-2.992771E+3	6.518210E+3	-1.065404E+4	7.694641E+3	-1.733320E+4
4.788000E+1	4.578997E+0	3.267392E+0	4.579425E+0	3.010295E-1	2.333880E+3	-1.842935E+3	4.588225E+3	-2.993817E+3	6.518210E+3	-1.064969E+4	7.697515E+3	-1.733320E+4
4.789000E+1	4.578971E+0	3.305389E+0	4.579399E+0	3.010293E-1	2.333407E+3	-1.841511E+3	4.587274E+3	-2.992869E+3	6.518210E+3	-1.065113E+4	7.696564E+3	-1.733320E+4
4.790000E+1	4.578929E+0	3.292243E+0	4.579357E+0	3.010288E-1	2.332934E+3	-1.840086E+3	4.586323E+3	-2.991920E+3	6.518210E+3	-1.065257E+4	7.695613E+3	-1.733320E+4
4.791000E+1	4.578905E+0	3.351412E+0	4.579333E+0	3.010286E-1	2.332461E+3	-1.838662E+3	4.585372E+3	-2.990971E+3	6.518210E+3	-1.065401E+4	7.694662E+3	-1.733320E+4
4.792000E+1	4.578881E+0	3.250324E+0	4.579309E+0	3.010283E-1	2.332430E+3	-1.838570E+3	4.585977E+3	-2.991574E+3	6.516875E+3	-1.065277E+4	7.694600E+3	-1.733453E+4
4.793000E+1	4.578841E+0	3.284794E+0	4.579269E+0	3.010279E-1	2.332430E+3	-1.838570E+3	4.586691E+3	-2.992283E+3	6.515448E+3	-1.065134E+4	7.694600E+3	-1.733596E+4
4.794000E+1	4.578775E+0	3.268149E+0	4.579203E+0	3.010273E-1	2.332562E+3	-1.838570E+3	4.587160E+3	-2.992882E+3	6.514510E+3	-1.065040E+4	7.694468E+3	-1.733676E+4
4.795000E+1	4.578713E+0	3.468123E+0	4.579141E+0	3.010266E-1	2.332946E+3	-1.838570E+3	4.587160E+3	-2.993269E+3	6.514510E+3	-1.065040E+4	7.694081E+3	-1.733637E+4
4.796000E+1	4.578656E+0	3.317076E+0	4.579084E+0	3.010260E-1	2.333330E+3	-1.838570E+3	4.587160E+3	-2.993655E+3	6.514510E+3	-1.065040E+4	7.693695E+3	-1.733597E+4
4.797000E+1	4.578615E+0	3.242926E+0	4.579043E+0	3.010256E-1	2.333715E+3	-1.838570E+3	4.587160E+3	-2.994042E+3	6.514510E+3	-1.065040E+4	7.693308E+3	-1.733557E+4
4.798000E+1	4.578581E+0	3.333456E+0	4.579009E+0	3.010253E-1	2.334099E+3	-1.838570E+3	4.587160E+3	-2.994428E+3	6.514510E+3	-1.065040E+4	7.692922E+3	-1.733518E+4
4.799000E+1	4.578561E+0	3.388740E+0	4.578989E+0	3.010251E-1	2.334270E+3	-1.839212E+3	4.587160E+3	-2.994922E+3	6.514832E+3	-1.065040E+4	7.692428E+3	-1.733500E+4
4.800000E+1	4.578531E+0	3.336466E+0	4.578959E+0	3.010248E-1	2.334270E+3	-1.840368E+3	4.587160E+3	-2.995501E+3	6.515411E+3	-1.065040E+4	7.691849E+3	-1.733500E+4
4.801000E+1	4.578513E+0	3.322605E+0	4.578942E+0	3.010246E-1	2.334270E+3	-1.841524E+3	4.587160E+3	-2.996081E+3	6.515991E+3	-1.065040E+4	7.691269E+3	-1.733500E+4
4.802000E+1	4.578511E+0	3.285299E+0	4.578939E+0	3.010246E-1	2.333990E+3	-1.842401E+3	4.587301E+3	-2.996309E+3	6.516501E+3	-1.065026E+4	7.691322E+3	-1.733486E+4
4.803000E+1	4.578488E+0	3.274654E+0	4.578916E+0	3.010243E-1	2.333219E+3	-1.842787E+3	4.587687E+3	-2.995923E+3	6.516887E+3	-1.064986E+4	7.692481E+3	-1.733449E+4
4.804000E+1	4.578445E+0	3.335766E+0	4.578873E+0	3.010239E-1	2.332448E+3	-1.843173E+3	4.588073E+3	-2.995537E+3	6.517273E+3	-1.064946E+4	7.693640E+3	-1.733411E+4
4.805000E+1	4.578417E+0	3.330312E+0	4.578845E+0	3.010236E-1	2.331677E+3	-1.843560E+3	4.588460E+3	-2.995150E+3	6.517660E+3	-1.064906E+4	7.694800E+3	-1.733374E+4
4.806000E+1	4.578404E+0	3.265939E+0	4.578832E+0	3.010235E-1	2.330906E+3	-1.843946E+3	4.588846E+3	-2.994764E+3	6.518046E+3	-1.064867E+4	7.695959E+3	-1.733336E+4
4.807000E+1	4.578391E+0	3.209113E+0	4.578819E+0	3.010233E-1	2.330580E+3	-1.843858E+3	4.589010E+3	-2.994600E+3	6.518084E+3	-1.064863E+4	7.696576E+3	-1.733320E+4
4.808000E+1	4.578360E+0	3.320065E+0	4.578788E+0	3.010230E-1	2.330580E+3	-1.843422E+3	4.589010E+3	-2.994600E+3	6.517866E+3	-1.064885E+4	7.696794E+3	-1.733320E+4
4.809000E+1	4.578344E+0	3.292141E+0	4.578772E+0	3.010229E-1	2.330580E+3	-1.842985E+3	4.589010E+3	-2.994600E+3	6.517647E+3	-1.064908E+4	7.697013E+3	-1.733320E+4
4.810000E+1	4.578261E+0	3.342466E+0	4.578689E+0	3.010220E-1	2.330580E+3	-1.842548E+3	4.589010E+3	-2.994600E+3	6.517429E+3	-1.064930E+4	7.697231E+3	-1.733320E+4
4.811000E+1	4.578175E+0	3.285423E+0	4.578603E+0	3.010211E-1	2.330580E+3	-1.842112E+3	4.589010E+3	-2.994600E+3	6.517211E+3	-1.064953E+4	7.697449E+3	-1.733320E+4
4.812000E+1	4.578184E+0	3.271671E+0	4.578612E+0	3.010212E-1	2.330580E+3	-1.841675E+3	4.589010E+3	-2.994600E+3	6.516992E+3	-1.064975E+4	7.697668E+3	-1.733320E+4
4.813000E+1	4.578166E+0	3.424308E+0	4.578594E+0	3.010210E-1	2.330580E+3	-1.841238E+3	4.589010E+3	-2.994600E+3	6.516774E+3	-1.064997E+4	7.697886E+3	-1.733320E+4
4.814000E+1	4.578160E+0	3.356326E+0	4.578588E+0	3.010210E-1	2.330580E+3	-1.840802E+3	4.589010E+3	-2.994600E+3	6.516556E+3	-1.065020E+4	7.698104E+3	-1.733320E+4
4.815000E+1	4.578155E+0	3.256753E+0	4.578583E+0	3.010209E-1	2.330548E+3	-1.838667E+3	4.589010E+3	-2.994600E+3	6.516328E+3	-1.065404E+4	7.694600E+3	-1.733503E+4
4.816000E+1	4.578134E+0	3.221118E+0	4.578563E+0	3.010207E-1	2.330233E+3	-1.839609E+3	4.589010E+3	-2.994600E+3	6.516013E+3	-1.065341E+4	7.694600E+3	-1.733536E+4
4.817000E+1	4.578110E+0	3.308114E+0	4.578538E+0	3.010205E-1	2.329918E+3	-1.840551E+3	4.589010E+3	-2.994600E+3	6.515698E+3	-1.065278E+4	7.694600E+3	-1.733568E+4
4.818000E+1	4.578104E+0	3.370429E+0	4.578532E+0	3.010204E-1	2.329604E+3	-1.841493E+3	4.589010E+3	-2.994600E+3	6.515384E+3	-1.065215E+4	7.694600E+3	-1.733600E+4
4.819000E+1	4.578095E+0	3.255665E+0	4.578523E+0	3.010203E-1	2.329289E+3	-1.842435E+3	4.589010E+3	-2.994600E+3	6.515069E+3	-1.065152E+4	7.694600E+3	-1.733633E+4
4.820000E+1	4.578083E+0	3.254723E+0	4.578511E+0	3.010202E-1	2.328975E+3	-1.843377E+3	4.589010E+3	-2.994600E+3	6.514755E+3	-1.065089E+4	7.694600E+3	-1.733665E+4
4.821000E+1	4.578054E+0	3.447555E+0	4.578482E+0	3.010199E-1	2.328774E+3	-1.844066E+3	4.588922E+3	-2.994644E+3	6.514510E+3	-1.065044E+4	7.694512E+3	-1.733685E+4
4.822000E+1	4.578013E+0	3.353613E+0	4.578441E+0	3.010195E-1	2.328971E+3	-1.843869E+3	4.588528E+3	-2.994841E+3	6.514510E+3	-1.065063E+4	7.694118E+3	-1.733665E+4
4.823000E+1	4.577988E+0	3.214704E+0	4.578416E+0	3.010192E-1	2.329169E+3	-1.843671E+3	4.588133E+3	-2.995039E+3	6.514510E+3	-1.065083E+4	7.693723E+3	-1.733645E+4
4.824000E+1	4.577929E+0	3.206032E+0	4.578357E+0	3.010186E-1	2.329366E+3	-1.843474E+3	4.587738E+3	-2.995236E+3	6.514510E+3	-1.065102E+4	7.693328E+3	-1.733625E+4
4.825000E+1	4.577899E+0	3.493958E+0	4.578327E+0	3.010183E-1	2.329563E+3	-1.843277E+3	4.587344E+3	-2.995433E+3	6.514510E+3	-1.065121E+4	7.692934E+3	-1.733604E+4
4.826000E+1	4.577869E+0	3.421986E+0	4.578297E+0	3.010180E-1	2.329761E+3	-1.843079E+3	4.586949E+3	-2.995631E+3	6.514510E+3	-1.065140E+4	7.692539E+3	-1.733584E+4
4.827000E+1	4.577821E+0	3.168206E+0	4.578249E+0	3.010175E-1	2.329958E+3	-1.842882E+3	4.586554E+3	-2.995828E+3	6.514510E+3	-1.065159E+4	7.692144E+3	-1.733564E+4
4.828000E+1	4.577813E+0	3.173970E+0	4.578241E+0	3.010174E-1	2.330155E+3	-1.842685E+3	4.586160E+3	-2.996025E+3	6.514510E+3	-1.065179E+4	7.691750E+3	-1.733544E+4
4.829000E+1	4.577799E+0	3.337656E+0	4.578227E+0	3.010173E-1	2.330353E+3	-1.842487E+3	4.585765E+3	-2.996223E+3	6.514510E+3	-1.065198E+4	7.691355E+3	-1.733523E+4
4.830000E+1	4.577765E+0	3.491456E+0	4.578193E+0	3.010170E-1	2.330550E+3	-1.842290E+3	4.585370E+3	-2.996420E+3	6.514510E+3	-1.065217E+4	7.690960E+3	-1.733503E+4
4.831000E+1	4.577737E+0	3.385350E+0	4.578166E+0	3.010167E-1	2.330736E+3	-1.843954E+3	4.588854E+3	-2.998144E+3	6.514821E+3	-1.065189E+4	7.689517E+3	-1.733320E+4
4.832000E+1	4.577729E+0	3.135423E+0	4.578157E+0	3.010166E-1	2.330919E+3	-1.843771E+3	4.588671E+3	-2.997961E+3	6.515189E+3	-1.065152E+4	7.690068E+3	-1.733320E+4
4.833000E+1	4.577695E+0	3.257917E+0	4.578123E+0	3.010162E-1	2.331103E+3	-1.843587E+3	4.588487E+3	-2.997777E+3	6.515556E+3	-1.065115E+4	7.690619E+3	-1.733320E+4
4.834000E+1	4.577661E+0	3.460448E+0	4.578089E+0	3.010159E-1	2.331287E+3	-1.843403E+3	4.588303E+3	-2.997593E+3	6.515923E+3	-1.065079E+4	7.691170E+3	-1.733320E+4
4.835000E+1	4.577646E+0	3.357864E+0	4.578074E+0	3.010157E-1	2.331470E+3	-1.843220E+3	4.588120E+3	-2.997410E+3	6.516290E+3	-1.065042E+4	7.691721E+3	-1.733320E+4
4.836000E+1	4.577622E+0	3.225909E+0	4.578050E+0	3.010155E-1	2.331654E+3	-1.843036E+3	4.587936E+3	-2.997226E+3	6.516658E+3	-1.065005E+4	7.692272E+3	-1.733320E+4
4.837000E+1	4.577596E+0	3.256506E+0	4.578024E+0	3.010152E-1	2.331838E+3	-1.842852E+3	4.587752E+3	-2.997042E+3	6.517025E+3	-1.064968E+4	7.692823E+3	-1.733320E+4
4.838000E+1	4.577585E+0	3.490701E+0	4.578013E+0	3.010151E-1	2.332021E+3	-1.842669E+3	4.587569E+3	-2.996859E+3	6.517392E+3	-1.064932E+4	7.693374E+3	-1.733320E+4
4.839000E+1	4.577561E+0	3.362822E+0	4.577989E+0	3.010149E-1	2.332205E+3	-1.842485E+3	4.587385E+3	-2.996675E+3	6.517760E+3	-1.064895E+4	7.693925E+3	-1.733320E+4
4.840000E+1	4.577549E+0	3.178196E+0	4.577977E+0	3.010147E-1	2.332389E+3	-1.842301E+3	4.587201E+3	-2.996491E+3	6.518127E+3	-1.064858E+4	7.694476E+3	-1.733320E+4
4.841000E+1	4.577542E+0	3.250027E+0	4.577970E+0	3.010147E-1	2.332291E+3	-1.842539E+3	4.587160E+3	-2.996311E+3	6.518071E+3	-1.064878E+4	7.694600E+3	-1.733320E+4
4.842000E+1	4.577526E+0	3.377858E+0	4.577954E+0	3.010145E-1	2.332111E+3	-1.842899E+3	4.587160E+3	-2.996131E+3	6.517891E+3	-1.064914E+4	7.694600E+3	-1.733320E+4
4.843000E+1	4.577524E+0	3.342533E+0	4.577952E+0	3.010145E-1	2.331931E+3	-1.843259E+3	4.587160E+3	-2.995951E+3	6.517711E+3	-1.064950E+4	7.694600E+3	-1.733320E+4
4.844000E+1	4.577516E+0	3.189483E+0	4.577944E+0	3.010144E-1	2.331751E+3	-1.843619E+3	4.587160E+3	-2.995771E+3	6.517531E+3	-1.064986E+4	7.694600E+3	-1.733320E+4
4.845000E+1	4.577509E+0	3.241840E+0	4.577937E+0	3.010143E-1	2.331570E+3	-1.843979E+3	4.587160E+3	-2.995590E+3	6.517350E+3	-1.065022E+4	7.694600E+3	-1.733320E+4
4.846000E+1	4.577495E+0	3.391842E+0	4.577923E+0	3.010142E-1	2.331390E+3	-1.844339E+3	4.587160E+3	-2.995410E+3	6.517170E+3	-1.065058E+4	7.694600E+3	-1.733320E+4
4.847000E+1	4.577495E+0	3.423170E+0	4.577923E+0	3.010142E-1	2.331210E+3	-1.844699E+3	4.587160E+3	-2.995230E+3	6.516990E+3	-1.065094E+4	7.694600E+3	-1.733320E+4
4.848000E+1	4.577494E+0	3.307861E+0	4.577922E+0	3.010142E-1	2.331030E+3	-1.845059E+3	4.587160E+3	-2.995050E+3	6.516810E+3	-1.065130E+4	7.694600E+3	-1.733320E+4
4.849000E+1	4.577466E+0	3.203295E+0	4.577894E+0	3.010139E-1	2.330850E+3	-1.845419E+3	4.587160E+3	-2.994870E+3	6.516630E+3	-1.065166E+4	7.694600E+3	-1.733320E+4
4.850000E+1	4.577438E+0	3.230631E+0	4.577866E+0	3.010136E-1	2.330670E+3	-1.845779E+3	4.587160E+3	-2.994690E+3	6.516450E+3	-1.065202E+4	7.694600E+3	-1.733320E+4
4.851000E+1	4.577439E+0	3.462750E+0	4.577867E+0	3.010136E-1	2.328730E+3	-1.843267E+3	4.587160E+3	-2.993757E+3	6.513667E+3	-1.065241E+4	7.692750E+3	-1.733587E+4
4.852000E+1	4.577424E+0	3.401289E+0	4.577852E+0	3.010135E-1	2.333945E+3	-1.842097E+3	4.587160E+3	-2.996450E+3	6.516360E+3	-1.065023E+4	7.691389E+3	-1.733484E+4
4.853000E+1	4.577428E+0	3.289283E+0	4.577856E+0	3.010135E-1	2.333140E+3	-1.841694E+3	4.587160E+3	-2.996450E+3	6.516360E+3	-1.064982E+4	7.692599E+3	-1.733445E+4
4.854000E+1	4.577424E+0	3.134023E+0	4.577852E+0	3.010135E-1	2.332336E+3	-1.841290E+3	4.587160E+3	-2.996450E+3	6.516360E+3	-1.064940E+4	7.693809E+3	-1.733406E+4
4.855000E+1	4.577412E+0	3.322761E+0	4.577840E+0	3.010133E-1	2.331532E+3	-1.840887E+3	4.587160E+3	-2.996450E+3	6.516360E+3	-1.064899E+4	7.695019E+3	-1.733366E+4
4.856000E+1	4.577395E+0	3.348730E+0	4.577823E+0	3.010132E-1	2.330727E+3	-1.840484E+3	4.587160E+3	-2.996450E+3	6.516360E+3	-1.064858E+4	7.696228E+3	-1.733327E+4
4.857000E+1	4.577392E+0	3.306146E+0	4.577820E+0	3.010131E-1	2.330580E+3	-1.839924E+3	4.587160E+3	-2.996450E+3	6.515871E+3	-1.064948E+4	7.695472E+3	-1.733368E+4
4.858000E+1	4.577380E+0	3.146580E+0	4.577808E+0	3.010130E-1	2.330580E+3	-1.839329E+3	4.587160E+3	-2.996450E+3	6.515273E+3	-1.065067E+4	7.694276E+3	-1.733426E+4
4.859000E+1	4.577380E+0	3.246807E+0	4.577808E+0	3.010130E-1	2.330580E+3	-1.838734E+3	4.587160E+3	-2.996450E+3	6.514674E+3	-1.065187E+4	7.693079E+3	-1.733484E+4
4.860000E+1	4.577384E+0	3.423763E+0	4.577812E+0	3.010131E-1	2.330580E+3	-1.838849E+3	4.587440E+3	-2.996450E+3	6.514510E+3	-1.065249E+4	7.692750E+3	-1.733529E+4
4.861000E+1	4.577378E+0	3.373623E+0	4.577806E+0	3.010130E-1	2.330580E+3	-1.839233E+3	4.587827E+3	-2.996450E+3	6.514510E+3	-1.065288E+4	7.692750E+3	-1.733568E+4
4.862000E+1	4.577375E+0	3.140646E+0	4.577803E+0	3.010130E-1	2.330580E+3	-1.839617E+3	4.588213E+3	-2.996450E+3	6.514510E+3	-1.065328E+4	7.692750E+3	-1.733608E+4
4.863000E+1	4.577385E+0	3.266168E+0	4.577813E+0	3.010131E-1	2.330580E+3	-1.840002E+3	4.588600E+3	-2.996450E+3	6.514510E+3	-1.065368E+4	7.692750E+3	-1.733648E+4
4.864000E+1	4.577372E+0	3.399693E+0	4.577800E+0	3.010129E-1	2.330580E+3	-1.840386E+3	4.588986E+3	-2.996450E+3	6.514510E+3	-1.065408E+4	7.692750E+3	-1.733688E+4
4.865000E+1	4.577332E+0	3.305106E+0	4.577760E+0	3.010125E-1	2.330580E+3	-1.839869E+3	4.588466E+3	-2.995906E+3	6.513966E+3	-1.065354E+4	7.692750E+3	-1.733690E+4
4.866000E+1	4.577316E+0	3.183898E+0	4.577744E+0	3.010124E-1	2.330580E+3	-1.839293E+3	4.587887E+3	-2.995327E+3	6.513387E+3	-1.065295E+4	7.692750E+3	-1.733690E+4
4.867000E+1	4.577306E+0	3.168252E+0	4.577734E+0	3.010123E-1	2.330580E+3	-1.838716E+3	4.587307E+3	-2.994747E+3	6.512807E+3	-1.065235E+4	7.692750E+3	-1.733690E+4
4.868000E+1	4.577289E+0	3.340739E+0	4.577717E+0	3.010121E-1	2.330852E+3	-1.838840E+3	4.587160E+3	-2.994872E+3	6.512932E+3	-1.065220E+4	7.692207E+3	-1.733662E+4
4.869000E+1	4.577290E+0	3.387450E+0	4.577718E+0	3.010121E-1	2.331215E+3	-1.839202E+3	4.587160E+3	-2.995235E+3	6.513295E+3	-1.065220E+4	7.691480E+3	-1.733625E+4
4.870000E+1	4.577285E+0	3.297105E+0	4.577713E+0	3.010121E-1	2.331579E+3	-1.839564E+3	4.587160E+3	-2.995599E+3	6.513659E+3	-1.065220E+4	7.690752E+3	-1.733587E+4
4.871000E+1	4.577293E+0	3.175336E+0	4.577721E+0	3.010121E-1	2.331943E+3	-1.839925E+3	4.587160E+3	-2.995963E+3	6.514023E+3	-1.065220E+4	7.690025E+3	-1.733550E+4
4.872000E+1	4.577282E+0	3.417100E+0	4.577710E+0	3.010120E-1	2.332306E+3	-1.840287E+3	4.587160E+3	-2.996326E+3	6.514386E+3	-1.065220E+4	7.689297E+3	-1.733513E+4
4.873000E+1	4.577263E+0	3.435100E+0	4.577691E+0	3.010118E-1	2.332273E+3	-1.840567E+3	4.586847E+3	-2.996607E+3	6.514667E+3	-1.065205E+4	7.689207E+3	-1.733485E+4
4.874000E+1	4.577268E+0	3.308753E+0	4.577696E+0	3.010119E-1	2.332035E+3	-1.840805E+3	4.586373E+3	-2.996845E+3	6.514905E+3	-1.065182E+4	7.689445E+3	-1.733462E+4
4.875000E+1	4.577274E+0	3.165681E+0	4.577702E+0	3.010119E-1	2.331797E+3	-1.841043E+3	4.585898E+3	-2.997083E+3	6.515143E+3	-1.065158E+4	7.689683E+3	-1.733438E+4
4.876000E+1	4.577265E+0	3.265944E+0	4.577693E+0	3.010119E-1	2.331560E+3	-1.841280E+3	4.585424E+3	-2.997320E+3	6.515380E+3	-1.065135E+4	7.689920E+3	-1.733415E+4
4.877000E+1	4.577258E+0	3.377366E+0	4.577686E+0	3.010118E-1	2.331322E+3	-1.841518E+3	4.584950E+3	-2.997558E+3	6.515618E+3	-1.065112E+4	7.690158E+3	-1.733392E+4
4.878000E+1	4.577252E+0	3.302719E+0	4.577680E+0	3.010117E-1	2.331084E+3	-1.841756E+3	4.584475E+3	-2.997796E+3	6.515856E+3	-1.065089E+4	7.690396E+3	-1.733369E+4
4.879000E+1	4.577255E+0	3.133873E+0	4.577683E+0	3.010117E-1	2.330846E+3	-1.841994E+3	4.584001E+3	-2.998034E+3	6.516094E+3	-1.065066E+4	7.690634E+3	-1.733346E+4
4.880000E+1	4.577244E+0	3.152496E+0	4.577672E+0	3.010116E-1	2.330608E+3	-1.842232E+3	4.583526E+3	-2.998272E+3	6.516332E+3	-1.065043E+4	7.690872E+3	-1.733323E+4
4.881000E+1	4.577237E+0	3.429875E+0	4.577665E+0	3.010116E-1	2.332483E+3	-1.844004E+3	4.585310E+3	-2.996397E+3	6.516307E+3	-1.064866E+4	7.696344E+3	-1.733500E+4
4.882000E+1	4.577245E+0	3.391838E+0	4.577673E+0	3.010116E-1	2.332543E+3	-1.843883E+3	4.585310E+3	-2.996336E+3	6.516246E+3	-1.064884E+4	7.696223E+3	-1.733500E+4
4.883000E+1	4.577240E+0	3.285911E+0	4.577668E+0	3.010116E-1	2.332603E+3	-1.843762E+3	4.585310E+3	-2.996276E+3	6.516186E+3	-1.064903E+4	7.696102E+3	-1.733500E+4
4.884000E+1	4.577236E+0	3.191628E+0	4.577664E+0	3.010116E-1	2.332663E+3	-1.843641E+3	4.585310E+3	-2.996216E+3	6.516126E+3	-1.064921E+4	7.695981E+3	-1.733500E+4
4.885000E+1	4.577232E+0	3.354517E+0	4.577660E+0	3.010115E-1	2.332723E+3	-1.843520E+3	4.585310E+3	-2.996155E+3	6.516065E+3	-1.064939E+4	7.695860E+3	-1.733500E+4
4.886000E+1	4.577224E+0	3.395528E+0	4.577652E+0	3.010114E-1	2.332783E+3	-1.843399E+3	4.585310E+3	-2.996095E+3	6.516005E+3	-1.064958E+4	7.695739E+3	-1.733500E+4
4.887000E+1	4.577226E+0	3.306585E+0	4.577654E+0	3.010115E-1	2.332844E+3	-1.843278E+3	4.585310E+3	-2.996034E+3	6.515944E+3	-1.064976E+4	7.695618E+3	-1.733500E+4
4.888000E+1	4.577233E+0	3.206281E+0	4.577661E+0	3.010115E-1	2.332904E+3	-1.843158E+3	4.585310E+3	-2.995974E+3	6.515884E+3	-1.064994E+4	7.695498E+3	-1.733500E+4
4.889000E+1	4.577237E+0	3.296617E+0	4.577665E+0	3.010116E-1	2.332964E+3	-1.843037E+3	4.585310E+3	-2.995913E+3	6.515823E+3	-1.065012E+4	7.695377E+3	-1.733500E+4
4.890000E+1	4.577235E+0	3.312347E+0	4.577663E+0	3.010115E-1	2.333024E+3	-1.842916E+3	4.585310E+3	-2.995853E+3	6.515763E+3	-1.065031E+4	7.695256E+3	-1.733500E+4
4.891000E+1	4.577234E+0	3.270144E+0	4.577662E+0	3.010115E-1	2.333084E+3	-1.842795E+3	4.585310E+3	-2.995793E+3	6.515703E+3	-1.065049E+4	7.695135E+3	-1.733500E+4
4.892000E+1	4.577215E+0	3.249304E+0	4.577643E+0	3.010113E-1	2.333144E+3	-1.842674E+3	4.585310E+3	-2.995732E+3	6.515642E+3	-1.065067E+4	7.695014E+3	-1.733500E+4
4.893000E+1	4.577212E+0	3.258178E+0	4.577640E+0	3.010113E-1	2.333204E+3	-1.842553E+3	4.585310E+3	-2.995672E+3	6.515582E+3	-1.065086E+4	7.694893E+3	-1.733500E+4
4.894000E+1	4.577215E+0	3.324539E+0	4.577643E+0	3.010113E-1	2.333264E+3	-1.842433E+3	4.585310E+3	-2.995611E+3	6.515521E+3	-1.065104E+4	7.694773E+3	-1.733500E+4
4.895000E+1	4.577222E+0	3.338324E+0	4.577650E+0	3.010114E-1	2.333324E+3	-1.842312E+3	4.585310E+3	-2.995551E+3	6.515461E+3	-1.065122E+4	7.694652E+3	-1.733500E+4
4.896000E+1	4.577254E+0	3.154476E+0	4.577682E+0	3.010117E-1	2.333384E+3	-1.842191E+3	4.585310E+3	-2.995490E+3	6.515400E+3	-1.065140E+4	7.694531E+3	-1.733500E+4
4.897000E+1	4.577247E+0	3.166307E+0	4.577675E+0	3.010117E-1	2.333444E+3	-1.842070E+3	4.585310E+3	-2.995430E+3	6.515340E+3	-1.065159E+4	7.694410E+3	-1.733500E+4
4.898000E+1	4.577243E+0	3.427439E+0	4.577671E+0	3.010116E-1	2.333505E+3	-1.841949E+3	4.585310E+3	-2.995370E+3	6.515280E+3	-1.065177E+4	7.694289E+3	-1.733500E+4
4.899000E+1	4.577254E+0	3.444823E+0	4.577682E+0	3.010117E-1	2.333565E+3	-1.841828E+3	4.585310E+3	-2.995309E+3	6.515219E+3	-1.065195E+4	7.694168E+3	-1.733500E+4
4.900000E+1	4.577247E+0	3.312340E+0	4.577675E+0	3.010117E-1	2.333625E+3	-1.841708E+3	4.585310E+3	-2.995249E+3	6.515159E+3	-1.065214E+4	7.694048E+3	-1.733500E+4
4.901000E+1	4.577245E+0	3.189633E+0	4.577674E+0	3.010116E-1	2.333685E+3	-1.841587E+3	4.585310E+3	-2.995188E+3	6.515098E+3	-1.065232E+4	7.693927E+3	-1.733500E+4
4.902000E+1	4.577228E+0	3.300181E+0	4.577656E+0	3.010115E-1	2.333745E+3	-1.841466E+3	4.585310E+3	-2.995128E+3	6.515038E+3	-1.065250E+4	7.693806E+3	-1.733500E+4
4.903000E+1	4.577215E+0	3.378819E+0	4.577643E+0	3.010113E-1	2.333805E+3	-1.841345E+3	4.585310E+3	-2.995067E+3	6.514977E+3	-1.065268E+4	7.693685E+3	-1.733500E+4
4.904000E+1	4.577221E+0	3.308494E+0	4.577649E+0	3.010114E-1	2.333865E+3	-1.841224E+3	4.585310E+3	-2.995007E+3	6.514917E+3	-1.065287E+4	7.693564E+3	-1.733500E+4
4.905000E+1	4.577224E+0	3.301941E+0	4.577652E+0	3.010114E-1	2.333925E+3	-1.841103E+3	4.585310E+3	-2.994947E+3	6.514857E+3	-1.065305E+4	7.693443E+3	-1.733500E+4
4.906000E+1	4.577224E+0	3.370460E+0	4.577652E+0	3.010114E-1	2.333985E+3	-1.840982E+3	4.585310E+3	-2.994886E+3	6.514796E+3	-1.065323E+4	7.693322E+3	-1.733500E+4
4.907000E+1	4.577219E+0	3.288893E+0	4.577647E+0	3.010114E-1	2.334045E+3	-1.840862E+3	4.585310E+3	-2.994826E+3	6.514736E+3	-1.065342E+4	7.693202E+3	-1.733500E+4
4.908000E+1	4.577203E+0	3.268512E+0	4.577631E+0	3.010112E-1	2.334106E+3	-1.840741E+3	4.585310E+3	-2.994765E+3	6.514675E+3	-1.065360E+4	7.693081E+3	-1.733500E+4
4.909000E+1	4.577198E+0	3.309679E+0	4.577626E+0	3.010112E-1	2.334166E+3	-1.840620E+3	4.585310E+3	-2.994705E+3	6.514615E+3	-1.065378E+4	7.692960E+3	-1.733500E+4
4.910000E+1	4.577194E+0	3.338003E+0	4.577622E+0	3.010111E-1	2.334226E+3	-1.840499E+3	4.585310E+3	-2.994645E+3	6.514555E+3	-1.065397E+4	7.692839E+3	-1.733500E+4
4.911000E+1	4.577191E+0	3.359970E+0	4.577619E+0	3.010111E-1	2.330824E+3	-1.841141E+3	4.587160E+3	-2.994844E+3	6.512416E+3	-1.065196E+4	7.694356E+3	-1.733690E+4
4.912000E+1	4.577197E+0	3.238570E+0	4.577625E+0	3.010112E-1	2.331751E+3	-1.843924E+3	4.587160E+3	-2.995771E+3	6.511489E+3	-1.065106E+4	7.693429E+3	-1.733690E+4
4.913000E+1	4.577194E+0	3.228451E+0	4.577622E+0	3.010111E-1	2.330027E+3	-1.839673E+3	4.587160E+3	-2.994600E+3	6.512660E+3	-1.065353E+4	7.691453E+3	-1.733744E+4
4.914000E+1	4.577191E+0	3.294999E+0	4.577619E+0	3.010111E-1	2.328911E+3	-1.842260E+3	4.587341E+3	-2.994962E+3	6.512660E+3	-1.065220E+4	7.692569E+3	-1.733852E+4
4.915000E+1	4.577191E+0	3.517640E+0	4.577619E+0	3.010111E-1	2.329399E+3	-1.842260E+3	4.587829E+3	-2.995938E+3	6.512660E+3	-1.065220E+4	7.692081E+3	-1.733805E+4
4.916000E+1	4.577190E+0	3.377946E+0	4.577618E+0	3.010111E-1	2.329887E+3	-1.842260E+3	4.588317E+3	-2.996914E+3	6.512660E+3	-1.065220E+4	7.691593E+3	-1.733757E+4
4.917000E+1	4.577184E+0	3.264349E+0	4.577612E+0	3.010110E-1	2.330375E+3	-1.842260E+3	4.588805E+3	-2.997891E+3	6.512660E+3	-1.065220E+4	7.691105E+3	-1.733710E+4
4.918000E+1	4.577181E+0	3.232485E+0	4.577609E+0	3.010110E-1	2.330580E+3	-1.842260E+3	4.589010E+3	-2.998300E+3	6.512660E+3	-1.065220E+4	7.690387E+3	-1.733664E+4
4.919000E+1	4.577204E+0	3.388999E+0	4.577632E+0	3.010112E-1	2.330580E+3	-1.842260E+3	4.589010E+3	-2.998300E+3	6.512660E+3	-1.065220E+4	7.689504E+3	-1.733618E+4
4.920000E+1	4.577198E+0	3.309633E+0	4.577626E+0	3.010112E-1	2.330580E+3	-1.842260E+3	4.589010E+3	-2.998300E+3	6.512660E+3	-1.065220E+4	7.688620E+3	-1.733573E+4
4.921000E+1	4.577189E+0	3.222042E+0	4.577617E+0	3.010111E-1	2.330580E+3	-1.842260E+3	4.589010E+3	-2.998300E+3	6.512660E+3	-1.065220E+4	7.687737E+3	-1.733528E+4
4.922000E+1	4.577177E+0	3.162394E+0	4.577605E+0	3.010110E-1	2.330807E+3	-1.842487E+3	4.588556E+3	-2.998300E+3	6.512887E+3	-1.065198E+4	7.687882E+3	-1.733500E+4
4.923000E+1	4.577179E+0	3.386269E+0	4.577607E+0	3.010110E-1	2.331387E+3	-1.843067E+3	4.587396E+3	-2.998300E+3	6.513467E+3	-1.065141E+4	7.689621E+3	-1.733500E+4
4.924000E+1	4.577189E+0	3.442150E+0	4.577617E+0	3.010111E-1	2.331967E+3	-1.843647E+3	4.586237E+3	-2.998300E+3	6.514047E+3	-1.065085E+4	7.691360E+3	-1.733500E+4
4.925000E+1	4.577195E+0	3.276088E+0	4.577623E+0	3.010111E-1	2.332430E+3	-1.844033E+3	4.585465E+3	-2.998223E+3	6.514510E+3	-1.065040E+4	7.692827E+3	-1.733508E+4
4.926000E+1	4.577190E+0	3.221804E+0	4.577619E+0	3.010111E-1	2.332430E+3	-1.843646E+3	4.586238E+3	-2.997836E+3	6.514510E+3	-1.065040E+4	7.693214E+3	-1.733548E+4
4.927000E+1	4.577205E+0	3.256918E+0	4.577633E+0	3.010112E-1	2.332430E+3	-1.843260E+3	4.587011E+3	-2.997450E+3	6.514510E+3	-1.065040E+4	7.693600E+3	-1.733587E+4
4.928000E+1	4.577226E+0	3.423965E+0	4.577654E+0	3.010114E-1	2.332430E+3	-1.842873E+3	4.587784E+3	-2.997063E+3	6.514510E+3	-1.065040E+4	7.693987E+3	-1.733627E+4
4.929000E+1	4.577217E+0	3.313462E+0	4.577645E+0	3.010114E-1	2.332430E+3	-1.842487E+3	4.588557E+3	-2.996677E+3	6.514510E+3	-1.065040E+4	7.694373E+3	-1.733667E+4
4.930000E+1	4.577206E+0	3.248162E+0	4.577634E+0	3.010112E-1	2.332430E+3	-1.842304E+3	4.589010E+3	-2.996406E+3	6.514466E+3	-1.065049E+4	7.694512E+3	-1.733690E+4
4.931000E+1	4.577198E+0	3.329936E+0	4.577626E+0	3.010112E-1	2.332430E+3	-1.842410E+3	4.589010E+3	-2.996300E+3	6.514360E+3	-1.065070E+4	7.694300E+3	-1.733690E+4
4.932000E+1	4.577192E+0	3.349221E+0	4.577620E+0	3.010111E-1	2.332430E+3	-1.842516E+3	4.589010E+3	-2.996194E+3	6.514254E+3	-1.065091E+4	7.694088E+3	-1.733690E+4
4.933000E+1	4.577191E+0	3.248571E+0	4.577619E+0	3.010111E-1	2.332430E+3	-1.842622E+3	4.589010E+3	-2.996088E+3	6.514148E+3	-1.065112E+4	7.693876E+3	-1.733690E+4
4.934000E+1	4.577196E+0	3.191739E+0	4.577624E+0	3.010111E-1	2.332430E+3	-1.842728E+3	4.589010E+3	-2.995982E+3	6.514042E+3	-1.065134E+4	7.693664E+3	-1.733690E+4
4.935000E+1	4.577189E+0	3.220293E+0	4.577617E+0	3.010111E-1	2.332430E+3	-1.842834E+3	4.589010E+3	-2.995876E+3	6.513936E+3	-1.065155E+4	7.693452E+3	-1.733690E+4
4.936000E+1	4.577187E+0	3.432062E+0	4.577615E+0	3.010111E-1	2.332430E+3	-1.842940E+3	4.589010E+3	-2.995770E+3	6.513830E+3	-1.065176E+4	7.693240E+3	-1.733690E+4
4.937000E+1	4.577194E+0	3.256261E+0	4.577622E+0	3.010111E-1	2.332430E+3	-1.843046E+3	4.589010E+3	-2.995664E+3	6.513724E+3	-1.065197E+4	7.693028E+3	-1.733690E+4
4.938000E+1	4.577189E+0	3.192176E+0	4.577617E+0	3.010111E-1	2.332430E+3	-1.843152E+3	4.589010E+3	-2.995558E+3	6.513618E+3	-1.065218E+4	7.692816E+3	-1.733690E+4
4.939000E+1	4.577190E+0	3.247546E+0	4.577619E+0	3.010111E-1	2.332430E+3	-1.843258E+3	4.589010E+3	-2.995452E+3	6.513512E+3	-1.065240E+4	7.692604E+3	-1.733690E+4
4.940000E+1	4.577193E+0	3.445130E+0	4.577621E+0	3.010111E-1	2.332430E+3	-1.843364E+3	4.589010E+3	-2.995346E+3	6.513406E+3	-1.065261E+4	7.692392E+3	-1.733690E+4
4.941000E+1	4.577194E+0	3.406317E+0	4.577622E+0	3.010111E-1	2.332430E+3	-1.843470E+3	4.589010E+3	-2.995240E+3	6.513300E+3	-1.065282E+4	7.692180E+3	-1.733690E+4
4.942000E+1	4.577189E+0	3.254106E+0	4.577617E+0	3.010111E-1	2.332430E+3	-1.843576E+3	4.589010E+3	-2.995134E+3	6.513194E+3	-1.065303E+4	7.691968E+3	-1.733690E+4
4.943000E+1	4.577194E+0	3.253092E+0	4.577622E+0	3.010111E-1	2.332430E+3	-1.843682E+3	4.589010E+3	-2.995028E+3	6.513088E+3	-1.065324E+4	7.691756E+3	-1.733690E+4
4.944000E+1	4.577194E+0	3.339932E+0	4.577622E+0	3.010111E-1	2.332430E+3	-1.843788E+3	4.589010E+3	-2.994922E+3	6.512982E+3	-1.065346E+4	7.691544E+3	-1.733690E+4
4.945000E+1	4.577189E+0	3.396371E+0	4.577617E+0	3.010111E-1	2.332430E+3	-1.843894E+3	4.589010E+3	-2.994816E+3	6.512876E+3	-1.065367E+4	7.691333E+3	-1.733690E+4
4.946000E+1	4.577183E+0	3.307336E+0	4.577611E+0	3.010110E-1	2.332430E+3	-1.844000E+3	4.589010E+3	-2.994710E+3	6.512770E+3	-1.065388E+4	7.691121E+3	-1.733690E+4
4.947000E+1	4.577187E+0	3.136501E+0	4.577615E+0	3.010111E-1	2.332430E+3	-1.844106E+3	4.589010E+3	-2.994604E+3	6.512664E+3	-1.065409E+4	7.690909E+3	-1.733690E+4
4.948000E+1	4.577183E+0	3.176683E+0	4.577611E+0	3.010110E-1	2.330580E+3	-1.842260E+3	4.586975E+3	-2.996635E+3	6.512660E+3	-1.065183E+4	7.686092E+3	-1.733671E+4
4.949000E+1	4.577186E+0	3.421029E+0	4.577614E+0	3.010110E-1	2.330580E+3	-1.842260E+3	4.586781E+3	-2.996829E+3	6.512660E+3	-1.065144E+4	7.686864E+3	-1.733651E+4
4.950000E+1	4.577203E+0	3.376702E+0	4.577631E+0	3.010112E-1	2.330580E+3	-1.842260E+3	4.586588E+3	-2.997022E+3	6.512660E+3	-1.065106E+4	7.687637E+3	-1.733631E+4
4.951000E+1	4.577205E+0	3.246369E+0	4.577633E+0	3.010112E-1	2.330580E+3	-1.842260E+3	4.586395E+3	-2.997215E+3	6.512660E+3	-1.065067E+4	7.688410E+3	-1.733611E+4
4.952000E+1	4.577191E+0	3.188687E+0	4.577619E+0	3.010111E-1	2.330580E+3	-1.842260E+3	4.586202E+3	-2.997408E+3	6.512660E+3	-1.065028E+4	7.689182E+3	-1.733592E+4
4.953000E+1	4.577186E+0	3.405086E+0	4.577614E+0	3.010110E-1	2.330580E+3	-1.842260E+3	4.586009E+3	-2.997601E+3	6.512660E+3	-1.064990E+4	7.689955E+3	-1.733572E+4
4.954000E+1	4.577174E+0	3.453108E+0	4.577602E+0	3.010109E-1	2.330580E+3	-1.842260E+3	4.585816E+3	-2.997794E+3	6.512660E+3	-1.064951E+4	7.690728E+3	-1.733552E+4
4.955000E+1	4.577174E+0	3.297875E+0	4.577602E+0	3.010109E-1	2.330580E+3	-1.842260E+3	4.585622E+3	-2.997988E+3	6.512660E+3	-1.064912E+4	7.691500E+3	-1.733532E+4
4.956000E+1	4.577154E+0	3.205068E+0	4.577582E+0	3.010107E-1	2.330580E+3	-1.842260E+3	4.585429E+3	-2.998181E+3	6.512660E+3	-1.064874E+4	7.692273E+3	-1.733512E+4
4.957000E+1	4.577154E+0	3.320737E+0	4.577582E+0	3.010107E-1	2.330580E+3	-1.843652E+3	4.588781E+3	-2.996450E+3	6.512431E+3	-1.065244E+4	7.692292E+3	-1.733546E+4
4.958000E+1	4.577159E+0	3.458124E+0	4.577587E+0	3.010108E-1	2.330580E+3	-1.842454E+3	4.588182E+3	-2.996450E+3	6.511832E+3	-1.065305E+4	7.691094E+3	-1.733666E+4
4.959000E+1	4.577162E+0	3.247801E+0	4.577590E+0	3.010108E-1	2.330580E+3	-1.841256E+3	4.587583E+3	-2.996450E+3	6.511233E+3	-1.065367E+4	7.689896E+3	-1.733785E+4
4.960000E+1	4.577153E+0	3.169943E+0	4.577581E+0	3.010107E-1	2.330473E+3	-1.840624E+3	4.587160E+3	-2.996343E+3	6.510703E+3	-1.065389E+4	7.689157E+3	-1.733870E+4
4.961000E+1	4.577159E+0	3.304016E+0	4.577587E+0	3.010108E-1	2.330109E+3	-1.841351E+3	4.587160E+3	-2.995979E+3	6.510339E+3	-1.065316E+4	7.689521E+3	-1.733870E+4
4.962000E+1	4.577155E+0	3.325150E+0	4.577583E+0	3.010107E-1	2.329746E+3	-1.842079E+3	4.587160E+3	-2.995616E+3	6.509976E+3	-1.065243E+4	7.689884E+3	-1.733870E+4
4.963000E+1	4.577138E+0	3.197470E+0	4.577566E+0	3.010106E-1	2.329382E+3	-1.842806E+3	4.587160E+3	-2.995252E+3	6.509612E+3	-1.065170E+4	7.690248E+3	-1.733870E+4
4.964000E+1	4.577143E+0	3.282850E+0	4.577571E+0	3.010106E-1	2.329018E+3	-1.843533E+3	4.587160E+3	-2.994888E+3	6.509248E+3	-1.065098E+4	7.690612E+3	-1.733870E+4
4.965000E+1	4.577142E+0	3.227318E+0	4.577570E+0	3.010106E-1	2.328769E+3	-1.844110E+3	4.587160E+3	-2.994639E+3	6.508960E+3	-1.065044E+4	7.690822E+3	-1.733866E+4
4.966000E+1	4.577147E+0	3.351737E+0	4.577575E+0	3.010106E-1	2.328956E+3	-1.844110E+3	4.587160E+3	-2.994826E+3	6.508960E+3	-1.065062E+4	7.690448E+3	-1.733848E+4
4.967000E+1	4.577145E+0	3.353459E+0	4.577573E+0	3.010106E-1	2.329144E+3	-1.844110E+3	4.587160E+3	-2.995014E+3	6.508960E+3	-1.065080E+4	7.690073E+3	-1.733830E+4
4.968000E+1	4.577146E+0	3.341657E+0	4.577574E+0	3.010106E-1	2.329331E+3	-1.844110E+3	4.587160E+3	-2.995201E+3	6.508960E+3	-1.065098E+4	7.689698E+3	-1.733812E+4
4.969000E+1	4.577137E+0	3.263673E+0	4.577565E+0	3.010105E-1	2.329518E+3	-1.844110E+3	4.587160E+3	-2.995388E+3	6.508960E+3	-1.065117E+4	7.689323E+3	-1.733793E+4
4.970000E+1	4.577128E+0	3.279036E+0	4.577556E+0	3.010105E-1	2.329706E+3	-1.844110E+3	4.587160E+3	-2.995576E+3	6.508960E+3	-1.065135E+4	7.688949E+3	-1.733775E+4
4.971000E+1	4.577118E+0	3.326323E+0	4.577546E+0	3.010103E-1	2.329893E+3	-1.844110E+3	4.587160E+3	-2.995763E+3	6.508960E+3	-1.065153E+4	7.688574E+3	-1.733757E+4
4.972000E+1	4.577095E+0	3.262362E+0	4.577523E+0	3.010101E-1	2.330080E+3	-1.844110E+3	4.587160E+3	-2.995950E+3	6.508960E+3	-1.065171E+4	7.688199E+3	-1.733739E+4
4.973000E+1	4.577112E+0	3.188469E+0	4.577540E+0	3.010103E-1	2.330268E+3	-1.844110E+3	4.587160E+3	-2.996138E+3	6.508960E+3	-1.065190E+4	7.687824E+3	-1.733720E+4
4.974000E+1	4.577104E+0	3.221592E+0	4.577532E+0	3.010102E-1	2.330455E+3	-1.844110E+3	4.587160E+3	-2.996325E+3	6.508960E+3	-1.065208E+4	7.687450E+3	-1.733702E+4
4.975000E+1	4.577108E+0	3.388389E+0	4.577536E+0	3.010102E-1	2.332548E+3	-1.840292E+3	4.585429E+3	-2.998181E+3	6.510810E+3	-1.065052E+4	7.690900E+3	-1.733690E+4
4.976000E+1	4.577096E+0	3.387705E+0	4.577524E+0	3.010101E-1	2.332903E+3	-1.839937E+3	4.585786E+3	-2.997824E+3	6.510810E+3	-1.065086E+4	7.690900E+3	-1.733690E+4
4.977000E+1	4.577101E+0	3.182817E+0	4.577529E+0	3.010102E-1	2.333258E+3	-1.839582E+3	4.586143E+3	-2.997467E+3	6.510810E+3	-1.065121E+4	7.690900E+3	-1.733690E+4
4.978000E+1	4.577106E+0	3.203305E+0	4.577534E+0	3.010102E-1	2.333613E+3	-1.839227E+3	4.586499E+3	-2.997111E+3	6.510810E+3	-1.065156E+4	7.690900E+3	-1.733690E+4
4.979000E+1	4.577116E+0	3.404827E+0	4.577544E+0	3.010103E-1	2.333968E+3	-1.838872E+3	4.586856E+3	-2.996754E+3	6.510810E+3	-1.065190E+4	7.690900E+3	-1.733690E+4
4.980000E+1	4.577094E+0	3.415622E+0	4.577522E+0	3.010101E-1	2.334068E+3	-1.838469E+3	4.587160E+3	-2.996349E+3	6.510709E+3	-1.065230E+4	7.690799E+3	-1.733700E+4
4.981000E+1	4.577095E+0	3.232586E+0	4.577523E+0	3.010101E-1	2.332697E+3	-1.837782E+3	4.587160E+3	-2.995662E+3	6.510022E+3	-1.065301E+4	7.690112E+3	-1.733767E+4
4.982000E+1	4.577093E+0	3.120066E+0	4.577521E+0	3.010101E-1	2.331327E+3	-1.837094E+3	4.587160E+3	-2.994974E+3	6.509334E+3	-1.065372E+4	7.689424E+3	-1.733834E+4
4.983000E+1	4.577082E+0	3.401039E+0	4.577510E+0	3.010100E-1	2.330400E+3	-1.836900E+3	4.587340E+3	-2.994780E+3	6.508960E+3	-1.065392E+4	7.688870E+3	-1.733870E+4
4.984000E+1	4.577080E+0	3.430602E+0	4.577509E+0	3.010100E-1	2.330006E+3	-1.837294E+3	4.587734E+3	-2.995174E+3	6.508960E+3	-1.065351E+4	7.688476E+3	-1.733870E+4
4.985000E+1	4.577074E+0	3.282317E+0	4.577502E+0	3.010099E-1	2.329611E+3	-1.837689E+3	4.588129E+3	-2.995569E+3	6.508960E+3	-1.065310E+4	7.688081E+3	-1.733870E+4
4.986000E+1	4.577071E+0	3.159756E+0	4.577499E+0	3.010099E-1	2.329216E+3	-1.838084E+3	4.588524E+3	-2.995964E+3	6.508960E+3	-1.065270E+4	7.687686E+3	-1.733870E+4
4.987000E+1	4.577065E+0	3.249868E+0	4.577493E+0	3.010098E-1	2.328822E+3	-1.838478E+3	4.588918E+3	-2.996358E+3	6.508960E+3	-1.065229E+4	7.687292E+3	-1.733870E+4
4.988000E+1	4.577066E+0	3.495455E+0	4.577494E+0	3.010098E-1	2.328730E+3	-1.837680E+3	4.588417E+3	-2.997340E+3	6.508663E+3	-1.065220E+4	7.686607E+3	-1.733870E+4
4.989000E+1	4.577039E+0	3.364828E+0	4.577467E+0	3.010095E-1	2.328730E+3	-1.836521E+3	4.587644E+3	-2.998499E+3	6.508277E+3	-1.065220E+4	7.685834E+3	-1.733870E+4
4.990000E+1	4.577014E+0	3.219457E+0	4.577442E+0	3.010093E-1	2.328730E+3	-1.835362E+3	4.586871E+3	-2.999658E+3	6.507891E+3	-1.065220E+4	7.685061E+3	-1.733870E+4
4.991000E+1	4.577020E+0	3.197987E+0	4.577448E+0	3.010094E-1	2.328730E+3	-1.834202E+3	4.586098E+3	-3.000818E+3	6.507504E+3	-1.065220E+4	7.684288E+3	-1.733870E+4
4.992000E+1	4.577027E+0	3.350809E+0	4.577455E+0	3.010094E-1	2.328730E+3	-1.833043E+3	4.585325E+3	-3.001977E+3	6.507118E+3	-1.065220E+4	7.683515E+3	-1.733870E+4
4.993000E+1	4.577025E+0	3.359563E+0	4.577453E+0	3.010094E-1	2.328986E+3	-1.833532E+3	4.585310E+3	-3.001744E+3	6.507622E+3	-1.065220E+4	7.683500E+3	-1.733845E+4
4.994000E+1	4.577037E+0	3.282810E+0	4.577465E+0	3.010095E-1	2.329247E+3	-1.834055E+3	4.585310E+3	-3.001483E+3	6.508145E+3	-1.065220E+4	7.683500E+3	-1.733820E+4
4.995000E+1	4.577027E+0	3.272166E+0	4.577455E+0	3.010094E-1	2.329509E+3	-1.834577E+3	4.585310E+3	-3.001221E+3	6.508667E+3	-1.065220E+4	7.683500E+3	-1.733794E+4
4.996000E+1	4.577019E+0	3.392817E+0	4.577447E+0	3.010093E-1	2.329770E+3	-1.835100E+3	4.585310E+3	-3.000960E+3	6.509190E+3	-1.065220E+4	7.683500E+3	-1.733769E+4
4.997000E+1	4.577023E+0	3.298515E+0	4.577451E+0	3.010094E-1	2.330031E+3	-1.835622E+3	4.585310E+3	-3.000699E+3	6.509712E+3	-1.065220E+4	7.683500E+3	-1.733743E+4
4.998000E+1	4.577036E+0	3.251697E+0	4.577464E+0	3.010095E-1	2.330292E+3	-1.836145E+3	4.585310E+3	-3.000438E+3	6.510235E+3	-1.065220E+4	7.683500E+3	-1.733718E+4
4.999000E+1	4.577052E+0	3.302394E+0	4.577480E+0	3.010097E-1	2.330554E+3	-1.836667E+3	4.585310E+3	-3.000176E+3	6.510757E+3	-1.065220E+4	7.683500E+3	-1.733693E+4
5.000000E+1	4.577067E+0	3.439421E+0	4.577495E+0	3.010098E-1	2.330580E+3	-1.836934E+3	4.585310E+3	-2.999936E+3	6.510810E+3	-1.065199E+4	7.684355E+3	-1.733690E+4
5.001000E+1	4.577060E+0	3.326551E+0	4.577488E+0	3.010098E-1	2.330580E+3	-1.837172E+3	4.585310E+3	-2.999698E+3	6.510810E+3	-1.065176E+4	7.685307E+3	-1.733690E+4
5.002000E+1	4.577051E+0	3.217208E+0	4.577479E+0	3.010097E-1	2.330580E+3	-1.837409E+3	4.585310E+3	-2.999461E+3	6.510810E+3	-1.065153E+4	7.686258E+3	-1.733690E+4
5.003000E+1	4.577047E+0	3.261258E+0	4.577475E+0	3.010096E-1	2.330580E+3	-1.837647E+3	4.585310E+3	-2.999223E+3	6.510810E+3	-1.065130E+4	7.687209E+3	-1.733690E+4
5.004000E+1	4.577040E+0	3.296321E+0	4.577468E+0	3.010096E-1	2.330580E+3	-1.837885E+3	4.585310E+3	-2.998985E+3	6.510810E+3	-1.065107E+4	7.688160E+3	-1.733690E+4
5.005000E+1	4.577048E+0	3.288143E+0	4.577476E+0	3.010096E-1	2.330580E+3	-1.838123E+3	4.585310E+3	-2.998747E+3	6.510810E+3	-1.065084E+4	7.689112E+3	-1.733690E+4
5.006000E+1	4.577043E+0	3.279114E+0	4.577471E+0	3.010096E-1	2.330580E+3	-1.838361E+3	4.585310E+3	-2.998509E+3	6.510810E+3	-1.065060E+4	7.690063E+3	-1.733690E+4
5.007000E+1	4.577042E+0	3.274623E+0	4.577470E+0	3.010096E-1	2.328730E+3	-1.840263E+3	4.587012E+3	-2.994600E+3	6.508960E+3	-1.065395E+4	7.687348E+3	-1.733870E+4
5.008000E+1	4.577052E+0	3.315875E+0	4.577480E+0	3.010097E-1	2.328730E+3	-1.839032E+3	4.585775E+3	-2.994600E+3	6.508960E+3	-1.065268E+4	7.688585E+3	-1.733870E+4
5.009000E+1	4.577045E+0	3.382793E+0	4.577473E+0	3.010096E-1	2.328730E+3	-1.838858E+3	4.585310E+3	-2.994889E+3	6.508671E+3	-1.065192E+4	7.689050E+3	-1.733900E+4
5.010000E+1	4.577045E+0	3.291106E+0	4.577473E+0	3.010096E-1	2.328730E+3	-1.839319E+3	4.585310E+3	-2.995353E+3	6.508207E+3	-1.065147E+4	7.689050E+3	-1.733947E+4
5.011000E+1	4.577055E+0	3.264228E+0	4.577483E+0	3.010097E-1	2.328730E+3	-1.839780E+3	4.585310E+3	-2.995817E+3	6.507743E+3	-1.065102E+4	7.689050E+3	-1.733995E+4
5.012000E+1	4.577067E+0	3.252591E+0	4.577495E+0	3.010098E-1	2.328730E+3	-1.840241E+3	4.585310E+3	-2.996281E+3	6.507279E+3	-1.065056E+4	7.689050E+3	-1.734043E+4
5.013000E+1	4.577078E+0	3.479330E+0	4.577506E+0	3.010099E-1	2.328857E+3	-1.840537E+3	4.585310E+3	-2.996703E+3	6.507237E+3	-1.065040E+4	7.688797E+3	-1.734047E+4
5.014000E+1	4.577070E+0	3.311909E+0	4.577498E+0	3.010099E-1	2.329056E+3	-1.840736E+3	4.585310E+3	-2.997102E+3	6.507436E+3	-1.065040E+4	7.688398E+3	-1.734027E+4
5.015000E+1	4.577063E+0	3.192470E+0	4.577491E+0	3.010098E-1	2.329255E+3	-1.840935E+3	4.585310E+3	-2.997501E+3	6.507635E+3	-1.065040E+4	7.687999E+3	-1.734006E+4
5.016000E+1	4.577064E+0	3.212953E+0	4.577493E+0	3.010098E-1	2.329455E+3	-1.841135E+3	4.585310E+3	-2.997900E+3	6.507835E+3	-1.065040E+4	7.687600E+3	-1.733986E+4
5.017000E+1	4.577069E+0	3.399394E+0	4.577497E+0	3.010098E-1	2.329654E+3	-1.841334E+3	4.585310E+3	-2.998299E+3	6.508034E+3	-1.065040E+4	7.687201E+3	-1.733965E+4
5.018000E+1	4.577080E+0	3.360827E+0	4.577508E+0	3.010100E-1	2.329854E+3	-1.841534E+3	4.585310E+3	-2.998698E+3	6.508234E+3	-1.065040E+4	7.686802E+3	-1.733945E+4
5.019000E+1	4.577081E+0	3.245065E+0	4.577509E+0	3.010100E-1	2.330053E+3	-1.841733E+3	4.585310E+3	-2.999097E+3	6.508433E+3	-1.065040E+4	7.686403E+3	-1.733924E+4
5.020000E+1	4.577076E+0	3.272396E+0	4.577504E+0	3.010099E-1	2.330253E+3	-1.841933E+3	4.585310E+3	-2.999496E+3	6.508633E+3	-1.065040E+4	7.686004E+3	-1.733904E+4
5.021000E+1	4.577082E+0	3.285175E+0	4.577510E+0	3.010100E-1	2.330452E+3	-1.842132E+3	4.585310E+3	-2.999894E+3	6.508832E+3	-1.065040E+4	7.685606E+3	-1.733883E+4
5.022000E+1	4.577075E+0	3.268175E+0	4.577503E+0	3.010099E-1	2.327231E+3	-1.843935E+3	4.585310E+3	-2.998125E+3	6.510810E+3	-1.065022E+4	7.689576E+3	-1.733690E+4
5.023000E+1	4.577076E+0	3.274628E+0	4.577504E+0	3.010099E-1	2.328207E+3	-1.843446E+3	4.585310E+3	-2.997636E+3	6.510810E+3	-1.064972E+4	7.691041E+3	-1.733690E+4
5.024000E+1	4.577071E+0	3.281111E+0	4.577499E+0	3.010099E-1	2.329184E+3	-1.842958E+3	4.585310E+3	-2.997148E+3	6.510810E+3	-1.064922E+4	7.692505E+3	-1.733690E+4
5.025000E+1	4.577078E+0	3.243836E+0	4.577506E+0	3.010099E-1	2.330160E+3	-1.842470E+3	4.585310E+3	-2.996660E+3	6.510810E+3	-1.064872E+4	7.693970E+3	-1.733690E+4
5.026000E+1	4.577075E+0	3.315635E+0	4.577503E+0	3.010099E-1	2.330580E+3	-1.842053E+3	4.585310E+3	-2.996450E+3	6.510706E+3	-1.064881E+4	7.694289E+3	-1.733700E+4
5.027000E+1	4.577075E+0	3.296371E+0	4.577503E+0	3.010099E-1	2.330580E+3	-1.841691E+3	4.585310E+3	-2.996450E+3	6.510525E+3	-1.064936E+4	7.693744E+3	-1.733718E+4
5.028000E+1	4.577071E+0	3.364506E+0	4.577499E+0	3.010099E-1	2.330580E+3	-1.841328E+3	4.585310E+3	-2.996450E+3	6.510343E+3	-1.064991E+4	7.693198E+3	-1.733735E+4
5.029000E+1	4.577070E+0	3.258892E+0	4.577498E+0	3.010099E-1	2.330580E+3	-1.840965E+3	4.585310E+3	-2.996450E+3	6.510161E+3	-1.065047E+4	7.692653E+3	-1.733753E+4
5.030000E+1	4.577066E+0	3.308857E+0	4.577494E+0	3.010098E-1	2.330580E+3	-1.840602E+3	4.585310E+3	-2.996450E+3	6.509979E+3	-1.065102E+4	7.692107E+3	-1.733771E+4
5.031000E+1	4.577074E+0	3.275368E+0	4.577502E+0	3.010099E-1	2.330580E+3	-1.840240E+3	4.585310E+3	-2.996450E+3	6.509797E+3	-1.065157E+4	7.691561E+3	-1.733789E+4
5.032000E+1	4.577079E+0	3.190220E+0	4.577507E+0	3.010099E-1	2.330580E+3	-1.839877E+3	4.585310E+3	-2.996450E+3	6.509615E+3	-1.065212E+4	7.691016E+3	-1.733806E+4
5.033000E+1	4.577080E+0	3.251252E+0	4.577508E+0	3.010100E-1	2.330580E+3	-1.839514E+3	4.585310E+3	-2.996450E+3	6.509433E+3	-1.065267E+4	7.690470E+3	-1.733824E+4
5.034000E+1	4.577084E+0	3.397341E+0	4.577512E+0	3.010100E-1	2.330580E+3	-1.839152E+3	4.585310E+3	-2.996450E+3	6.509252E+3	-1.065322E+4	7.689925E+3	-1.733842E+4
5.035000E+1	4.577084E+0	3.373764E+0	4.577512E+0	3.010100E-1	2.330580E+3	-1.838789E+3	4.585310E+3	-2.996450E+3	6.509070E+3	-1.065377E+4	7.689379E+3	-1.733859E+4
5.036000E+1	4.577083E+0	3.302122E+0	4.577511E+0	3.010100E-1	2.328012E+3	-1.841542E+3	4.585876E+3	-2.997016E+3	6.508394E+3	-1.065165E+4	7.688484E+3	-1.734060E+4
5.037000E+1	4.577083E+0	3.255703E+0	4.577511E+0	3.010100E-1	2.330580E+3	-1.844166E+3	4.587104E+3	-2.998300E+3	6.507110E+3	-1.065045E+4	7.687087E+3	-1.734054E+4
5.038000E+1	4.577081E+0	3.330271E+0	4.577509E+0	3.010100E-1	2.330580E+3	-1.844728E+3	4.586542E+3	-2.998300E+3	6.507110E+3	-1.065100E+4	7.685963E+3	-1.733996E+4
5.039000E+1	4.577089E+0	3.399940E+0	4.577517E+0	3.010101E-1	2.330580E+3	-1.845291E+3	4.585979E+3	-2.998300E+3	6.507110E+3	-1.065155E+4	7.684839E+3	-1.733939E+4
5.040000E+1	4.577085E+0	3.254930E+0	4.577513E+0	3.010100E-1	2.330580E+3	-1.845853E+3	4.585417E+3	-2.998300E+3	6.507110E+3	-1.065210E+4	7.683715E+3	-1.733881E+4
5.041000E+1	4.577089E+0	3.191481E+0	4.577517E+0	3.010101E-1	2.330580E+3	-1.845634E+3	4.585310E+3	-2.998300E+3	6.507763E+3	-1.065188E+4	7.684153E+3	-1.733838E+4
5.042000E+1	4.577085E+0	3.285434E+0	4.577513E+0	3.010100E-1	2.330580E+3	-1.845230E+3	4.585310E+3	-2.998300E+3	6.508569E+3	-1.065149E+4	7.684959E+3	-1.733799E+4
5.043000E+1	4.577086E+0	3.461475E+0	4.577514E+0	3.010100E-1	2.330580E+3	-1.844827E+3	4.585310E+3	-2.998300E+3	6.509376E+3	-1.065110E+4	7.685766E+3	-1.733760E+4
5.044000E+1	4.577080E+0	3.316442E+0	4.577508E+0	3.010100E-1	2.330580E+3	-1.844424E+3	4.585310E+3	-2.998300E+3	6.510182E+3	-1.065071E+4	7.686572E+3	-1.733721E+4
5.045000E+1	4.577084E+0	3.244674E+0	4.577512E+0	3.010100E-1	2.330664E+3	-1.843691E+3	4.585394E+3	-2.998300E+3	6.510810E+3	-1.065040E+4	7.687368E+3	-1.733690E+4
5.046000E+1	4.577091E+0	3.298374E+0	4.577519E+0	3.010101E-1	2.331042E+3	-1.841801E+3	4.585772E+3	-2.998300E+3	6.510810E+3	-1.065040E+4	7.688125E+3	-1.733690E+4
5.047000E+1	4.577092E+0	3.334195E+0	4.577520E+0	3.010101E-1	2.331421E+3	-1.839910E+3	4.586151E+3	-2.998300E+3	6.510810E+3	-1.065040E+4	7.688882E+3	-1.733690E+4
5.048000E+1	4.577090E+0	3.253234E+0	4.577518E+0	3.010101E-1	2.331799E+3	-1.838019E+3	4.586529E+3	-2.998300E+3	6.510810E+3	-1.065040E+4	7.689639E+3	-1.733690E+4
5.049000E+1	4.577089E+0	3.230686E+0	4.577517E+0	3.010101E-1	2.332178E+3	-1.836128E+3	4.586908E+3	-2.998300E+3	6.510810E+3	-1.065040E+4	7.690396E+3	-1.733690E+4
5.050000E+1	4.577105E+0	3.236729E+0	4.577533E+0	3.010102E-1	2.332430E+3	-1.834785E+3	4.587160E+3	-2.998130E+3	6.510725E+3	-1.065065E+4	7.690645E+3	-1.733698E+4
5.051000E+1	4.577108E+0	3.304721E+0	4.577536E+0	3.010102E-1	2.332430E+3	-1.834531E+3	4.587160E+3	-2.997622E+3	6.510471E+3	-1.065141E+4	7.689883E+3	-1.733723E+4
5.052000E+1	4.577113E+0	3.280872E+0	4.577541E+0	3.010103E-1	2.332430E+3	-1.834277E+3	4.587160E+3	-2.997114E+3	6.510217E+3	-1.065216E+4	7.689120E+3	-1.733748E+4
5.053000E+1	4.577111E+0	3.273833E+0	4.577539E+0	3.010103E-1	2.332430E+3	-1.834023E+3	4.587160E+3	-2.996605E+3	6.509963E+3	-1.065292E+4	7.688358E+3	-1.733772E+4
5.054000E+1	4.577106E+0	3.316390E+0	4.577534E+0	3.010102E-1	2.332430E+3	-1.833769E+3	4.587160E+3	-2.996097E+3	6.509709E+3	-1.065367E+4	7.687596E+3	-1.733797E+4
5.055000E+1	4.577103E+0	3.345395E+0	4.577531E+0	3.010102E-1	2.332430E+3	-1.833514E+3	4.587160E+3	-2.995589E+3	6.509454E+3	-1.065443E+4	7.686833E+3	-1.733822E+4
5.056000E+1	4.577100E+0	3.355836E+0	4.577528E+0	3.010102E-1	2.332430E+3	-1.833260E+3	4.587160E+3	-2.995081E+3	6.509200E+3	-1.065519E+4	7.686071E+3	-1.733847E+4
5.057000E+1	4.577103E+0	3.290648E+0	4.577531E+0	3.010102E-1	2.332401E+3	-1.833077E+3	4.587170E+3	-2.994600E+3	6.508950E+3	-1.065588E+4	7.685369E+3	-1.733871E+4
5.058000E+1	4.577155E+0	3.256922E+0	4.577583E+0	3.010107E-1	2.331871E+3	-1.834136E+3	4.587346E+3	-2.994600E+3	6.508774E+3	-1.065553E+4	7.685722E+3	-1.733889E+4
5.059000E+1	4.577319E+0	3.293388E+0	4.577747E+0	3.010124E-1	2.331341E+3	-1.835195E+3	4.587523E+3	-2.994600E+3	6.508597E+3	-1.065517E+4	7.686076E+3	-1.733907E+4
5.060000E+1	4.577843E+0	3.379419E+0	4.578271E+0	3.010177E-1	2.330811E+3	-1.836254E+3	4.587700E+3	-2.994600E+3	6.508420E+3	-1.065482E+4	7.686429E+3	-1.733925E+4
5.061000E+1	4.579124E+0	3.228436E+0	4.579552E+0	3.010308E-1	2.330281E+3	-1.837313E+3	4.587876E+3	-2.994600E+3	6.508244E+3	-1.065447E+4	7.686782E+3	-1.733944E+4
5.062000E+1	4.581170E+0	3.156760E+0	4.581598E+0	3.010517E-1	2.329751E+3	-1.838372E+3	4.588053E+3	-2.994600E+3	6.508067E+3	-1.065411E+4	7.687136E+3	-1.733962E+4
5.063000E+1	4.583753E+0	3.313102E+0	4.584181E+0	3.010781E-1	2.329221E+3	-1.839431E+3	4.588230E+3	-2.994600E+3	6.507890E+3	-1.065376E+4	7.687489E+3	-1.733980E+4
5.064000E+1	4.586785E+0	3.426732E+0	4.587213E+0	3.011090E-1	2.328691E+3	-1.840490E+3	4.588406E+3	-2.994600E+3	6.507714E+3	-1.065341E+4	7.687842E+3	-1.733998E+4
5.065000E+1	4.590853E+0	3.285258E+0	4.591281E+0	3.011505E-1	2.328162E+3	-1.841549E+3	4.588583E+3	-2.994600E+3	6.507537E+3	-1.065305E+4	7.688196E+3	-1.734016E+4
5.066000E+1	4.596828E+0	3.237817E+0	4.597256E+0	3.012115E-1	2.327632E+3	-1.842608E+3	4.588759E+3	-2.994600E+3	6.507361E+3	-1.065270E+4	7.688549E+3	-1.734034E+4
5.067000E+1	4.604961E+0	3.262828E+0	4.605389E+0	3.012945E-1	2.327102E+3	-1.843667E+3	4.588936E+3	-2.994600E+3	6.507184E+3	-1.065235E+4	7.688902E+3	-1.734052E+4
5.068000E+1	4.615982E+0	3.410012E+0	4.616410E+0	3.014069E-1	2.329028E+3	-1.841304E+3	4.583767E+3	-2.998300E+3	6.509258E+3	-1.065131E+4	7.684693E+3	-1.733841E+4
5.069000E+1	4.630173E+0	3.286874E+0	4.630601E+0	3.015517E-1	2.329646E+3	-1.843159E+3	4.584382E+3	-2.998300E+3	6.509876E+3	-1.064948E+4	7.687166E+3	-1.733781E+4
5.070000E+1	4.646867E+0	3.278654E+0	4.647295E+0	3.017221E-1	2.330265E+3	-1.845015E+3	4.584997E+3	-2.998300E+3	6.510495E+3	-1.064764E+4	7.689639E+3	-1.733721E+4
5.071000E+1	4.664996E+0	3.298055E+0	4.665424E+0	3.019071E-1	2.330694E+3	-1.845960E+3	4.585537E+3	-2.998073E+3	6.511265E+3	-1.064681E+4	7.691355E+3	-1.733656E+4
5.072000E+1	4.684463E+0	3.362359E+0	4.684891E+0	3.021057E-1	2.330926E+3	-1.845960E+3	4.586001E+3	-2.997609E+3	6.512192E+3	-1.064704E+4	7.692282E+3	-1.733585E+4
5.073000E+1	4.704018E+0	3.381857E+0	4.704446E+0	3.023052E-1	2.331157E+3	-1.845960E+3	4.586465E+3	-2.997145E+3	6.513120E+3	-1.064726E+4	7.693210E+3	-1.733515E+4
5.074000E+1	4.723108E+0	3.349393E+0	4.723536E+0	3.025000E-1	2.331389E+3	-1.845960E+3	4.586929E+3	-2.996681E+3	6.514047E+3	-1.064749E+4	7.694137E+3	-1.733445E+4
5.075000E+1	4.741237E+0	3.291341E+0	4.741665E+0	3.026850E-1	2.331621E+3	-1.845960E+3	4.587392E+3	-2.996218E+3	6.514975E+3	-1.064771E+4	7.695065E+3	-1.733375E+4
5.076000E+1	4.757225E+0	3.369076E+0	4.757653E+0	3.028482E-1	2.331853E+3	-1.845960E+3	4.587856E+3	-2.995754E+3	6.515902E+3	-1.064794E+4	7.695992E+3	-1.733305E+4
5.077000E+1	4.771884E+0	3.423733E+0	4.772312E+0	3.029978E-1	2.332085E+3	-1.845960E+3	4.588320E+3	-2.995290E+3	6.516829E+3	-1.064816E+4	7.696919E+3	-1.733234E+4
5.078000E+1	4.784377E+0	3.333553E+0	4.784805E+0	3.031252E-1	2.332317E+3	-1.845960E+3	4.588783E+3	-2.994827E+3	6.517757E+3	-1.064839E+4	7.697847E+3	-1.733164E+4
5.079000E+1	4.795444E+0	3.237057E+0	4.795873E+0	3.032382E-1	2.332430E+3	-1.842640E+3	4.590860E+3	-2.990720E+3	6.520250E+3	-1.064812E+4	7.700530E+3	-1.733130E+4
5.080000E+1	4.805087E+0	3.301178E+0	4.805515E+0	3.033366E-1	2.332430E+3	-1.843382E+3	4.590860E+3	-2.990349E+3	6.520621E+3	-1.064738E+4	7.701272E+3	-1.733130E+4
5.081000E+1	4.814697E+0	3.456597E+0	4.815125E+0	3.034346E-1	2.332430E+3	-1.844124E+3	4.590860E+3	-2.989978E+3	6.520992E+3	-1.064664E+4	7.702014E+3	-1.733130E+4
5.082000E+1	4.823554E+0	3.377561E+0	4.823982E+0	3.035250E-1	2.332430E+3	-1.844865E+3	4.590860E+3	-2.989607E+3	6.521363E+3	-1.064589E+4	7.702755E+3	-1.733130E+4
5.083000E+1	4.832239E+0	3.272820E+0	4.832667E+0	3.036136E-1	2.332430E+3	-1.845607E+3	4.590860E+3	-2.989236E+3	6.521734E+3	-1.064515E+4	7.703497E+3	-1.733130E+4
5.084000E+1	4.841701E+0	3.309621E+0	4.842129E+0	3.037102E-1	2.332615E+3	-1.846053E+3	4.591045E+3	-2.989153E+3	6.522095E+3	-1.064480E+4	7.703850E+3	-1.733111E+4
5.085000E+1	4.851976E+0	3.440212E+0	4.852404E+0	3.038150E-1	2.332967E+3	-1.846229E+3	4.591399E+3	-2.989329E+3	6.522449E+3	-1.064480E+4	7.703850E+3	-1.733076E+4
5.086000E+1	4.862592E+0	3.426870E+0	4.863020E+0	3.039233E-1	2.333319E+3	-1.846406E+3	4.591752E+3	-2.989506E+3	6.522802E+3	-1.064480E+4	7.703850E+3	-1.733041E+4
5.087000E+1	4.873639E+0	3.275513E+0	4.874067E+0	3.040361E-1	2.333672E+3	-1.846583E+3	4.592105E+3	-2.989683E+3	6.523155E+3	-1.064480E+4	7.703850E+3	-1.733005E+4
5.088000E+1	4.884703E+0	3.255256E+0	4.885131E+0	3.041490E-1	2.334024E+3	-1.846759E+3	4.592458E+3	-2.989859E+3	6.523508E+3	-1.064480E+4	7.703850E+3	-1.732970E+4
5.089000E+1	4.896069E+0	3.395137E+0	4.896497E+0	3.042649E-1	2.334376E+3	-1.846936E+3	4.592811E+3	-2.990036E+3	6.523861E+3	-1.064480E+4	7.703850E+3	-1.732935E+4
5.090000E+1	4.908104E+0	3.446688E+0	4.908533E+0	3.043878E-1	2.334728E+3	-1.847112E+3	4.593165E+3	-2.990212E+3	6.524215E+3	-1.064480E+4	7.703850E+3	-1.732900E+4
5.091000E+1	4.920247E+0	3.367628E+0	4.920675E+0	3.045117E-1	2.335081E+3	-1.847289E+3	4.593518E+3	-2.990389E+3	6.524568E+3	-1.064480E+4	7.703850E+3	-1.732864E+4
5.092000E+1	4.931329E+0	3.252367E+0	4.931757E+0	3.046247E-1	2.335433E+3	-1.847466E+3	4.593871E+3	-2.990566E+3	6.524921E+3	-1.064480E+4	7.703850E+3	-1.732829E+4
5.093000E+1	4.942634E+0	3.337731E+0	4.943062E+0	3.047401E-1	2.335785E+3	-1.847642E+3	4.594224E+3	-2.990742E+3	6.525274E+3	-1.064480E+4	7.703850E+3	-1.732794E+4
5.094000E+1	4.953685E+0	3.437628E+0	4.954113E+0	3.048529E-1	2.337071E+3	-1.846859E+3	4.594560E+3	-2.991856E+3	6.527512E+3	-1.064480E+4	7.703850E+3	-1.732570E+4
5.095000E+1	4.963855E+0	3.344835E+0	4.964283E+0	3.049566E-1	2.337970E+3	-1.845960E+3	4.594560E+3	-2.991913E+3	6.530152E+3	-1.064230E+4	7.707217E+3	-1.732390E+4
5.096000E+1	4.974109E+0	3.249506E+0	4.974537E+0	3.050613E-1	2.337970E+3	-1.845960E+3	4.594560E+3	-2.991034E+3	6.531035E+3	-1.063967E+4	7.710751E+3	-1.732390E+4
5.097000E+1	4.983759E+0	3.270580E+0	4.984187E+0	3.051597E-1	2.337970E+3	-1.845023E+3	4.595497E+3	-2.989973E+3	6.531160E+3	-1.064117E+4	7.710313E+3	-1.732299E+4
5.098000E+1	4.992635E+0	3.516532E+0	4.993063E+0	3.052503E-1	2.337906E+3	-1.844239E+3	4.596410E+3	-2.988996E+3	6.531160E+3	-1.064306E+4	7.709400E+3	-1.732216E+4
5.099000E+1	5.001862E+0	3.423430E+0	5.002290E+0	3.053445E-1	2.337511E+3	-1.845028E+3	4.596410E+3	-2.988601E+3	6.531160E+3	-1.064345E+4	7.709400E+3	-1.732255E+4
5.100000E+1	5.011454E+0	3.290628E+0	5.011882E+0	3.054423E-1	2.337116E+3	-1.845818E+3	4.596410E+3	-2.988206E+3	6.531160E+3	-1.064383E+4	7.709400E+3	-1.732293E+4
5.101000E+1	5.021028E+0	3.343905E+0	5.021456E+0	3.055400E-1	2.336722E+3	-1.846607E+3	4.596410E+3	-2.987812E+3	6.531160E+3	-1.064421E+4	7.709400E+3	-1.732331E+4
5.102000E+1	5.030623E+0	3.456802E+0	5.031051E+0	3.056379E-1	2.336327E+3	-1.847396E+3	4.596410E+3	-2.987417E+3	6.531160E+3	-1.064460E+4	7.709400E+3	-1.732370E+4
5.103000E+1	5.040587E+0	3.369959E+0	5.041015E+0	3.057396E-1	2.336120E+3	-1.847810E+3	4.596778E+3	-2.987210E+3	6.530976E+3	-1.064443E+4	7.709400E+3	-1.732390E+4
5.104000E+1	5.050610E+0	3.220547E+0	5.051038E+0	3.058419E-1	2.336120E+3	-1.847810E+3	4.597551E+3	-2.987210E+3	6.530590E+3	-1.064366E+4	7.709400E+3	-1.732390E+4
5.105000E+1	5.060788E+0	3.221075E+0	5.061216E+0	3.059458E-1	2.336120E+3	-1.847810E+3	4.598324E+3	-2.987210E+3	6.530203E+3	-1.064289E+4	7.709400E+3	-1.732390E+4
5.106000E+1	5.070173E+0	3.349408E+0	5.070601E+0	3.060415E-1	2.336120E+3	-1.847810E+3	4.599096E+3	-2.987210E+3	6.529817E+3	-1.064211E+4	7.709400E+3	-1.732390E+4
5.107000E+1	5.079641E+0	3.332702E+0	5.080069E+0	3.061381E-1	2.336120E+3	-1.847810E+3	4.599869E+3	-2.987210E+3	6.529430E+3	-1.064134E+4	7.709400E+3	-1.732390E+4
5.108000E+1	5.089782E+0	3.305040E+0	5.090210E+0	3.062416E-1	2.336850E+3	-1.847445E+3	4.599745E+3	-2.987940E+3	6.529675E+3	-1.064110E+4	7.708670E+3	-1.732354E+4
5.109000E+1	5.100532E+0	3.250024E+0	5.100960E+0	3.063513E-1	2.337910E+3	-1.846915E+3	4.599215E+3	-2.989000E+3	6.530205E+3	-1.064110E+4	7.707610E+3	-1.732303E+4
5.110000E+1	5.111207E+0	3.305654E+0	5.111635E+0	3.064602E-1	2.338970E+3	-1.846385E+3	4.598685E+3	-2.990060E+3	6.530735E+3	-1.064110E+4	7.706550E+3	-1.732251E+4
5.111000E+1	5.121950E+0	3.397100E+0	5.122378E+0	3.065699E-1	2.339820E+3	-1.846034E+3	4.598260E+3	-2.990910E+3	6.531197E+3	-1.064110E+4	7.705663E+3	-1.732210E+4
5.112000E+1	5.132113E+0	3.362003E+0	5.132541E+0	3.066736E-1	2.339820E+3	-1.846409E+3	4.598260E+3	-2.990910E+3	6.531384E+3	-1.064110E+4	7.705476E+3	-1.732210E+4
5.113000E+1	5.142048E+0	3.308449E+0	5.142476E+0	3.067749E-1	2.339820E+3	-1.846784E+3	4.598260E+3	-2.990910E+3	6.531572E+3	-1.064110E+4	7.705288E+3	-1.732210E+4
5.114000E+1	5.152428E+0	3.330818E+0	5.152856E+0	3.068809E-1	2.339820E+3	-1.847158E+3	4.598260E+3	-2.990910E+3	6.531759E+3	-1.064110E+4	7.705101E+3	-1.732210E+4
5.115000E+1	5.162556E+0	3.453915E+0	5.162984E+0	3.069842E-1	2.339820E+3	-1.847533E+3	4.598260E+3	-2.990910E+3	6.531947E+3	-1.064110E+4	7.704913E+3	-1.732210E+4
5.116000E+1	5.172175E+0	3.426050E+0	5.172603E+0	3.070824E-1	2.339820E+3	-1.847908E+3	4.598260E+3	-2.990910E+3	6.532134E+3	-1.064110E+4	7.704726E+3	-1.732210E+4
5.117000E+1	5.181479E+0	3.327705E+0	5.181907E+0	3.071773E-1	2.339820E+3	-1.848283E+3	4.598260E+3	-2.990910E+3	6.532321E+3	-1.064110E+4	7.704539E+3	-1.732210E+4
5.118000E+1	5.190910E+0	3.358432E+0	5.191338E+0	3.072735E-1	2.339820E+3	-1.848657E+3	4.598260E+3	-2.990910E+3	6.532509E+3	-1.064110E+4	7.704351E+3	-1.732210E+4
5.119000E+1	5.200413E+0	3.445541E+0	5.200841E+0	3.073705E-1	2.339820E+3	-1.849032E+3	4.598260E+3	-2.990910E+3	6.532696E+3	-1.064110E+4	7.704164E+3	-1.732210E+4
5.120000E+1	5.210033E+0	3.450775E+0	5.210461E+0	3.074687E-1	2.339820E+3	-1.849407E+3	4.598260E+3	-2.990910E+3	6.532883E+3	-1.064110E+4	7.703977E+3	-1.732210E+4
5.121000E+1	5.219316E+0	3.384050E+0	5.219744E+0	3.075634E-1	2.338021E+3	-1.840461E+3	4.598209E+3	-2.989009E+3	6.532909E+3	-1.063750E+4	7.709299E+3	-1.732025E+4
5.122000E+1	5.228118E+0	3.332395E+0	5.228546E+0	3.076532E-1	2.338176E+3	-1.840616E+3	4.598054E+3	-2.988854E+3	6.532597E+3	-1.063781E+4	7.708987E+3	-1.732041E+4
5.123000E+1	5.237124E+0	3.407102E+0	5.237552E+0	3.077451E-1	2.338332E+3	-1.840772E+3	4.597898E+3	-2.988698E+3	6.532285E+3	-1.063812E+4	7.708675E+3	-1.732057E+4
5.124000E+1	5.246882E+0	3.368085E+0	5.247310E+0	3.078447E-1	2.338488E+3	-1.840928E+3	4.597742E+3	-2.988542E+3	6.531974E+3	-1.063844E+4	7.708364E+3	-1.732073E+4
5.125000E+1	5.257106E+0	3.310699E+0	5.257534E+0	3.079490E-1	2.338644E+3	-1.841084E+3	4.597586E+3	-2.988386E+3	6.531662E+3	-1.063875E+4	7.708052E+3	-1.732089E+4
5.126000E+1	5.267510E+0	3.353054E+0	5.267938E+0	3.080552E-1	2.338800E+3	-1.841240E+3	4.597430E+3	-2.988230E+3	6.531350E+3	-1.063906E+4	7.707740E+3	-1.732105E+4
5.127000E+1	5.278226E+0	3.350706E+0	5.278654E+0	3.081645E-1	2.338956E+3	-1.841396E+3	4.597274E+3	-2.988074E+3	6.531038E+3	-1.063937E+4	7.707428E+3	-1.732121E+4
5.128000E+1	5.289272E+0	3.418313E+0	5.289700E+0	3.082772E-1	2.339112E+3	-1.841552E+3	4.597118E+3	-2.987918E+3	6.530727E+3	-1.063968E+4	7.707117E+3	-1.732137E+4
5.129000E+1	5.300277E+0	3.348329E+0	5.300705E+0	3.083895E-1	2.339268E+3	-1.841708E+3	4.596962E+3	-2.987762E+3	6.530415E+3	-1.064000E+4	7.706805E+3	-1.732153E+4
5.130000E+1	5.310947E+0	3.301881E+0	5.311375E+0	3.084984E-1	2.339423E+3	-1.841863E+3	4.596807E+3	-2.987607E+3	6.530103E+3	-1.064031E+4	7.706493E+3	-1.732169E+4
5.131000E+1	5.321230E+0	3.331878E+0	5.321658E+0	3.086033E-1	2.339579E+3	-1.842019E+3	4.596651E+3	-2.987451E+3	6.529791E+3	-1.064062E+4	7.706181E+3	-1.732185E+4
5.132000E+1	5.331514E+0	3.418704E+0	5.331942E+0	3.087083E-1	2.339735E+3	-1.842175E+3	4.596495E+3	-2.987295E+3	6.529480E+3	-1.064093E+4	7.705870E+3	-1.732201E+4
5.133000E+1	5.341780E+0	3.407944E+0	5.342208E+0	3.088130E-1	2.341670E+3	-1.845813E+3	4.596410E+3	-2.989207E+3	6.527386E+3	-1.063930E+4	7.703629E+3	-1.732383E+4
5.134000E+1	5.351837E+0	3.306227E+0	5.352265E+0	3.089156E-1	2.341670E+3	-1.845490E+3	4.596410E+3	-2.989528E+3	6.527225E+3	-1.063930E+4	7.703145E+3	-1.732367E+4
5.135000E+1	5.361828E+0	3.301288E+0	5.362256E+0	3.090176E-1	2.341670E+3	-1.845168E+3	4.596410E+3	-2.989850E+3	6.527064E+3	-1.063930E+4	7.702661E+3	-1.732351E+4
5.136000E+1	5.371943E+0	3.465218E+0	5.372371E+0	3.091208E-1	2.341670E+3	-1.844845E+3	4.596410E+3	-2.990172E+3	6.526903E+3	-1.063930E+4	7.702178E+3	-1.732336E+4
5.137000E+1	5.381667E+0	3.393540E+0	5.382096E+0	3.092200E-1	2.341670E+3	-1.844522E+3	4.596410E+3	-2.990494E+3	6.526741E+3	-1.063930E+4	7.701694E+3	-1.732320E+4
5.138000E+1	5.391123E+0	3.365465E+0	5.391551E+0	3.093165E-1	2.341670E+3	-1.844200E+3	4.596410E+3	-2.990815E+3	6.526580E+3	-1.063930E+4	7.701210E+3	-1.732304E+4
5.139000E+1	5.400698E+0	3.368591E+0	5.401126E+0	3.094142E-1	2.341670E+3	-1.843877E+3	4.596410E+3	-2.991137E+3	6.526419E+3	-1.063930E+4	7.700726E+3	-1.732289E+4
5.140000E+1	5.410354E+0	3.403045E+0	5.410782E+0	3.095128E-1	2.341670E+3	-1.843555E+3	4.596410E+3	-2.991459E+3	6.526257E+3	-1.063930E+4	7.700242E+3	-1.732273E+4
5.141000E+1	5.420037E+0	3.400818E+0	5.420465E+0	3.096116E-1	2.341670E+3	-1.843232E+3	4.596410E+3	-2.991781E+3	6.526096E+3	-1.063930E+4	7.699758E+3	-1.732257E+4
5.142000E+1	5.429598E+0	3.335234E+0	5.430026E+0	3.097091E-1	2.341670E+3	-1.842909E+3	4.596410E+3	-2.992102E+3	6.525935E+3	-1.063930E+4	7.699274E+3	-1.732242E+4
5.143000E+1	5.439277E+0	3.343785E+0	5.439705E+0	3.098079E-1	2.341670E+3	-1.842587E+3	4.596410E+3	-2.992424E+3	6.525773E+3	-1.063930E+4	7.698790E+3	-1.732226E+4
5.144000E+1	5.449090E+0	3.395370E+0	5.449518E+0	3.099080E-1	2.341670E+3	-1.842264E+3	4.596410E+3	-2.992746E+3	6.525612E+3	-1.063930E+4	7.698306E+3	-1.732210E+4
5.145000E+1	5.459122E+0	3.470585E+0	5.459550E+0	3.100104E-1	2.339654E+3	-1.842260E+3	4.598426E+3	-2.988894E+3	6.528978E+3	-1.063773E+4	7.705368E+3	-1.732020E+4
5.146000E+1	5.468010E+0	3.384797E+0	5.468438E+0	3.101011E-1	2.339467E+3	-1.842260E+3	4.598613E+3	-2.988707E+3	6.528603E+3	-1.063811E+4	7.704993E+3	-1.732020E+4
5.147000E+1	5.476974E+0	3.324664E+0	5.477402E+0	3.101926E-1	2.339279E+3	-1.842260E+3	4.598801E+3	-2.988519E+3	6.528229E+3	-1.063848E+4	7.704619E+3	-1.732020E+4
5.148000E+1	5.485985E+0	3.391547E+0	5.486413E+0	3.102845E-1	2.339092E+3	-1.842260E+3	4.598988E+3	-2.988332E+3	6.527854E+3	-1.063886E+4	7.704244E+3	-1.732020E+4
5.149000E+1	5.495036E+0	3.464450E+0	5.495464E+0	3.103769E-1	2.338905E+3	-1.842260E+3	4.599175E+3	-2.988145E+3	6.527479E+3	-1.063923E+4	7.703869E+3	-1.732020E+4
5.150000E+1	5.504397E+0	3.392143E+0	5.504825E+0	3.104724E-1	2.338717E+3	-1.842260E+3	4.599363E+3	-2.987957E+3	6.527104E+3	-1.063961E+4	7.703494E+3	-1.732020E+4
5.151000E+1	5.513945E+0	3.340804E+0	5.514373E+0	3.105698E-1	2.338530E+3	-1.842260E+3	4.599550E+3	-2.987770E+3	6.526729E+3	-1.063998E+4	7.703119E+3	-1.732020E+4
5.152000E+1	5.523612E+0	3.325052E+0	5.524040E+0	3.106685E-1	2.338342E+3	-1.842260E+3	4.599738E+3	-2.987582E+3	6.526355E+3	-1.064036E+4	7.702745E+3	-1.732020E+4
5.153000E+1	5.533175E+0	3.431467E+0	5.533603E+0	3.107660E-1	2.338155E+3	-1.842260E+3	4.599925E+3	-2.987395E+3	6.525980E+3	-1.064073E+4	7.702370E+3	-1.732020E+4
5.154000E+1	5.542364E+0	3.395791E+0	5.542793E+0	3.108598E-1	2.339820E+3	-1.842278E+3	4.598260E+3	-2.987228E+3	6.525574E+3	-1.063926E+4	7.701964E+3	-1.732210E+4
5.155000E+1	5.551892E+0	3.381942E+0	5.552320E+0	3.109570E-1	2.339820E+3	-1.843603E+3	4.598260E+3	-2.988553E+3	6.522924E+3	-1.063661E+4	7.699314E+3	-1.732210E+4
5.156000E+1	5.561766E+0	3.358841E+0	5.562194E+0	3.110578E-1	2.339820E+3	-1.844110E+3	4.598016E+3	-2.989060E+3	6.522154E+3	-1.063584E+4	7.697813E+3	-1.732210E+4
5.157000E+1	5.571784E+0	3.343659E+0	5.572212E+0	3.111600E-1	2.339820E+3	-1.844110E+3	4.597622E+3	-2.989060E+3	6.522548E+3	-1.063622E+4	7.697023E+3	-1.732210E+4
5.158000E+1	5.581757E+0	3.464450E+0	5.582185E+0	3.112618E-1	2.339820E+3	-1.844110E+3	4.597227E+3	-2.989060E+3	6.522943E+3	-1.063661E+4	7.696234E+3	-1.732210E+4
5.159000E+1	5.591564E+0	3.378056E+0	5.591992E+0	3.113618E-1	2.339820E+3	-1.844110E+3	4.596832E+3	-2.989060E+3	6.523338E+3	-1.063699E+4	7.695445E+3	-1.732210E+4
5.160000E+1	5.601500E+0	3.308333E+0	5.601928E+0	3.114632E-1	2.339820E+3	-1.844110E+3	4.596438E+3	-2.989060E+3	6.523732E+3	-1.063737E+4	7.694655E+3	-1.732210E+4
5.161000E+1	5.611520E+0	3.330191E+0	5.611948E+0	3.115655E-1	2.339820E+3	-1.844469E+3	4.596410E+3	-2.989419E+3	6.524119E+3	-1.063705E+4	7.694959E+3	-1.732138E+4
5.162000E+1	5.622087E+0	3.468316E+0	5.622515E+0	3.116733E-1	2.339820E+3	-1.844856E+3	4.596410E+3	-2.989806E+3	6.524506E+3	-1.063667E+4	7.695346E+3	-1.732061E+4
5.163000E+1	5.632595E+0	3.418799E+0	5.633023E+0	3.117805E-1	2.339820E+3	-1.845242E+3	4.596410E+3	-2.990192E+3	6.524892E+3	-1.063630E+4	7.695732E+3	-1.731984E+4
5.164000E+1	5.642113E+0	3.319436E+0	5.642542E+0	3.118776E-1	2.339820E+3	-1.845629E+3	4.596410E+3	-2.990579E+3	6.525279E+3	-1.063592E+4	7.696119E+3	-1.731906E+4
5.165000E+1	5.651455E+0	3.332157E+0	5.651883E+0	3.119730E-1	2.339820E+3	-1.845960E+3	4.596488E+3	-2.990832E+3	6.525610E+3	-1.063560E+4	7.696606E+3	-1.731840E+4
5.166000E+1	5.661654E+0	3.423773E+0	5.662082E+0	3.120770E-1	2.339820E+3	-1.845960E+3	4.597033E+3	-2.990287E+3	6.525610E+3	-1.063560E+4	7.697697E+3	-1.731840E+4
5.167000E+1	5.672048E+0	3.400746E+0	5.672476E+0	3.121831E-1	2.339820E+3	-1.845960E+3	4.597579E+3	-2.989741E+3	6.525610E+3	-1.063560E+4	7.698788E+3	-1.731840E+4
5.168000E+1	5.682355E+0	3.369085E+0	5.682783E+0	3.122883E-1	2.339820E+3	-1.845960E+3	4.598124E+3	-2.989196E+3	6.525610E+3	-1.063560E+4	7.699879E+3	-1.731840E+4
5.169000E+1	5.692961E+0	3.262524E+0	5.693389E+0	3.123965E-1	2.339820E+3	-1.845798E+3	4.598422E+3	-2.989060E+3	6.525610E+3	-1.063592E+4	7.699988E+3	-1.731840E+4
5.170000E+1	5.703350E+0	3.402911E+0	5.703778E+0	3.125025E-1	2.339820E+3	-1.845582E+3	4.598638E+3	-2.989060E+3	6.525610E+3	-1.063636E+4	7.699772E+3	-1.731840E+4
5.171000E+1	5.713591E+0	3.443292E+0	5.714019E+0	3.126070E-1	2.339820E+3	-1.845367E+3	4.598853E+3	-2.989060E+3	6.525610E+3	-1.063679E+4	7.699557E+3	-1.731840E+4
5.172000E+1	5.724121E+0	3.353986E+0	5.724550E+0	3.127145E-1	2.339820E+3	-1.845151E+3	4.599069E+3	-2.989060E+3	6.525610E+3	-1.063722E+4	7.699341E+3	-1.731840E+4
5.173000E+1	5.734614E+0	3.337611E+0	5.735042E+0	3.128215E-1	2.339820E+3	-1.844935E+3	4.599285E+3	-2.989060E+3	6.525610E+3	-1.063765E+4	7.699125E+3	-1.731840E+4
5.174000E+1	5.744913E+0	3.383570E+0	5.745341E+0	3.129266E-1	2.339820E+3	-1.844719E+3	4.599501E+3	-2.989060E+3	6.525610E+3	-1.063808E+4	7.698909E+3	-1.731840E+4
5.175000E+1	5.755813E+0	3.505236E+0	5.756241E+0	3.130378E-1	2.339820E+3	-1.844504E+3	4.599716E+3	-2.989060E+3	6.525610E+3	-1.063851E+4	7.698694E+3	-1.731840E+4
5.176000E+1	5.767398E+0	3.411949E+0	5.767826E+0	3.131561E-1	2.339820E+3	-1.844288E+3	4.599932E+3	-2.989060E+3	6.525610E+3	-1.063894E+4	7.698478E+3	-1.731840E+4
5.177000E+1	5.778616E+0	3.300780E+0	5.779044E+0	3.132705E-1	2.339820E+3	-1.844110E+3	4.600087E+3	-2.989037E+3	6.523760E+3	-1.063560E+4	7.698277E+3	-1.732018E+4
5.178000E+1	5.789572E+0	3.373291E+0	5.790000E+0	3.133823E-1	2.339820E+3	-1.844110E+3	4.599957E+3	-2.988907E+3	6.523760E+3	-1.063560E+4	7.698147E+3	-1.732005E+4
5.179000E+1	5.799708E+0	3.467251E+0	5.800136E+0	3.134858E-1	2.339820E+3	-1.844110E+3	4.599826E+3	-2.988776E+3	6.523760E+3	-1.063560E+4	7.698016E+3	-1.731992E+4
5.180000E+1	5.808672E+0	3.367593E+0	5.809100E+0	3.135772E-1	2.339820E+3	-1.844110E+3	4.599695E+3	-2.988645E+3	6.523760E+3	-1.063560E+4	7.697885E+3	-1.731980E+4
5.181000E+1	5.817518E+0	3.354922E+0	5.817946E+0	3.136675E-1	2.339820E+3	-1.844110E+3	4.599565E+3	-2.988515E+3	6.523760E+3	-1.063560E+4	7.697755E+3	-1.731967E+4
5.182000E+1	5.826429E+0	3.354953E+0	5.826857E+0	3.137584E-1	2.339820E+3	-1.844110E+3	4.599434E+3	-2.988384E+3	6.523760E+3	-1.063560E+4	7.697624E+3	-1.731954E+4
5.183000E+1	5.835439E+0	3.395285E+0	5.835867E+0	3.138504E-1	2.339820E+3	-1.844110E+3	4.599304E+3	-2.988254E+3	6.523760E+3	-1.063560E+4	7.697494E+3	-1.731942E+4
5.184000E+1	5.844649E+0	3.403476E+0	5.845077E+0	3.139443E-1	2.339820E+3	-1.844110E+3	4.599173E+3	-2.988123E+3	6.523760E+3	-1.063560E+4	7.697363E+3	-1.731929E+4
5.185000E+1	5.854275E+0	3.375172E+0	5.854703E+0	3.140426E-1	2.339820E+3	-1.844110E+3	4.599042E+3	-2.987992E+3	6.523760E+3	-1.063560E+4	7.697232E+3	-1.731916E+4
5.186000E+1	5.863869E+0	3.276617E+0	5.864297E+0	3.141405E-1	2.339820E+3	-1.844110E+3	4.598912E+3	-2.987862E+3	6.523760E+3	-1.063560E+4	7.697102E+3	-1.731903E+4
5.187000E+1	5.873544E+0	3.346706E+0	5.873972E+0	3.142392E-1	2.339820E+3	-1.844110E+3	4.598781E+3	-2.987731E+3	6.523760E+3	-1.063560E+4	7.696971E+3	-1.731891E+4
5.188000E+1	5.883740E+0	3.478606E+0	5.884168E+0	3.143432E-1	2.339820E+3	-1.844110E+3	4.598651E+3	-2.987601E+3	6.523760E+3	-1.063560E+4	7.696841E+3	-1.731878E+4
5.189000E+1	5.893794E+0	3.360956E+0	5.894222E+0	3.144458E-1	2.339820E+3	-1.844110E+3	4.598520E+3	-2.987470E+3	6.523760E+3	-1.063560E+4	7.696710E+3	-1.731865E+4
5.190000E+1	5.903461E+0	3.289879E+0	5.903889E+0	3.145445E-1	2.339820E+3	-1.844110E+3	4.598389E+3	-2.987339E+3	6.523760E+3	-1.063560E+4	7.696579E+3	-1.731853E+4
5.191000E+1	5.912837E+0	3.405699E+0	5.913265E+0	3.146401E-1	2.339820E+3	-1.844112E+3	4.598260E+3	-2.987212E+3	6.523760E+3	-1.063560E+4	7.696446E+3	-1.731840E+4
5.192000E+1	5.922237E+0	3.521528E+0	5.922665E+0	3.147361E-1	2.339820E+3	-1.844328E+3	4.598260E+3	-2.987428E+3	6.523760E+3	-1.063560E+4	7.696014E+3	-1.731818E+4
5.193000E+1	5.931263E+0	3.463110E+0	5.931691E+0	3.148282E-1	2.339820E+3	-1.844544E+3	4.598260E+3	-2.987644E+3	6.523760E+3	-1.063560E+4	7.695583E+3	-1.731795E+4
5.194000E+1	5.940347E+0	3.352690E+0	5.940775E+0	3.149208E-1	2.339820E+3	-1.844759E+3	4.598260E+3	-2.987859E+3	6.523760E+3	-1.063560E+4	7.695151E+3	-1.731773E+4
5.195000E+1	5.949733E+0	3.334469E+0	5.950161E+0	3.150166E-1	2.339820E+3	-1.844975E+3	4.598260E+3	-2.988075E+3	6.523760E+3	-1.063560E+4	7.694720E+3	-1.731751E+4
5.196000E+1	5.959437E+0	3.485156E+0	5.959865E+0	3.151156E-1	2.339820E+3	-1.845191E+3	4.598260E+3	-2.988291E+3	6.523760E+3	-1.063560E+4	7.694288E+3	-1.731729E+4
5.197000E+1	5.968933E+0	3.450491E+0	5.969361E+0	3.152125E-1	2.339820E+3	-1.845407E+3	4.598260E+3	-2.988507E+3	6.523760E+3	-1.063560E+4	7.693857E+3	-1.731707E+4
5.198000E+1	5.977772E+0	3.347758E+0	5.978200E+0	3.153027E-1	2.339820E+3	-1.845622E+3	4.598260E+3	-2.988722E+3	6.523760E+3	-1.063560E+4	7.693425E+3	-1.731685E+4
5.199000E+1	5.986754E+0	3.296032E+0	5.987183E+0	3.153944E-1	2.339820E+3	-1.845838E+3	4.598260E+3	-2.988938E+3	6.523760E+3	-1.063560E+4	7.692994E+3	-1.731663E+4
5.200000E+1	5.995639E+0	3.465935E+0	5.996067E+0	3.154851E-1	2.338739E+3	-1.847041E+3	4.598645E+3	-2.987210E+3	6.525225E+3	-1.063190E+4	7.698685E+3	-1.731650E+4
5.201000E+1	6.003998E+0	3.488040E+0	6.004426E+0	3.155703E-1	2.340506E+3	-1.845274E+3	4.599528E+3	-2.987210E+3	6.524342E+3	-1.063190E+4	7.699568E+3	-1.731650E+4
5.202000E+1	6.012203E+0	3.381801E+0	6.012631E+0	3.156541E-1	2.339820E+3	-1.839000E+3	4.599966E+3	-2.987354E+3	6.521766E+3	-1.063726E+4	7.692750E+3	-1.732035E+4
5.203000E+1	6.021365E+0	3.381588E+0	6.021793E+0	3.157476E-1	2.339820E+3	-1.840263E+3	4.599545E+3	-2.987775E+3	6.521345E+3	-1.063685E+4	7.692750E+3	-1.732078E+4
5.204000E+1	6.030972E+0	3.372503E+0	6.031400E+0	3.158456E-1	2.339820E+3	-1.841525E+3	4.599123E+3	-2.988197E+3	6.520923E+3	-1.063644E+4	7.692750E+3	-1.732121E+4
5.205000E+1	6.040418E+0	3.479685E+0	6.040846E+0	3.159420E-1	2.339820E+3	-1.842788E+3	4.598702E+3	-2.988618E+3	6.520502E+3	-1.063603E+4	7.692750E+3	-1.732165E+4
5.206000E+1	6.049236E+0	3.396624E+0	6.049664E+0	3.160320E-1	2.339820E+3	-1.844050E+3	4.598280E+3	-2.989040E+3	6.520080E+3	-1.063562E+4	7.692750E+3	-1.732208E+4
5.207000E+1	6.058693E+0	3.329025E+0	6.059121E+0	3.161285E-1	2.339820E+3	-1.844110E+3	4.598260E+3	-2.989580E+3	6.519540E+3	-1.063507E+4	7.691191E+3	-1.732157E+4
5.208000E+1	6.068715E+0	3.389442E+0	6.069143E+0	3.162307E-1	2.339820E+3	-1.844110E+3	4.598260E+3	-2.990125E+3	6.518995E+3	-1.063451E+4	7.689554E+3	-1.732101E+4
5.209000E+1	6.078379E+0	3.556894E+0	6.078807E+0	3.163293E-1	2.339820E+3	-1.844110E+3	4.598260E+3	-2.990671E+3	6.518449E+3	-1.063395E+4	7.687917E+3	-1.732045E+4
5.210000E+1	6.088323E+0	3.508382E+0	6.088751E+0	3.164308E-1	2.340206E+3	-1.844110E+3	4.598260E+3	-2.990910E+3	6.518210E+3	-1.063390E+4	7.687007E+3	-1.732001E+4
5.211000E+1	6.098135E+0	3.357866E+0	6.098563E+0	3.165309E-1	2.340893E+3	-1.844110E+3	4.598260E+3	-2.990910E+3	6.518210E+3	-1.063425E+4	7.686664E+3	-1.731968E+4
5.212000E+1	6.107995E+0	3.299575E+0	6.108423E+0	3.166315E-1	2.341580E+3	-1.844110E+3	4.598260E+3	-2.990910E+3	6.518210E+3	-1.063460E+4	7.686320E+3	-1.731934E+4
5.213000E+1	6.117782E+0	3.466689E+0	6.118210E+0	3.167314E-1	2.342267E+3	-1.844110E+3	4.598260E+3	-2.990910E+3	6.518210E+3	-1.063496E+4	7.685977E+3	-1.731901E+4
5.214000E+1	6.127397E+0	3.445055E+0	6.127825E+0	3.168295E-1	2.342954E+3	-1.844110E+3	4.598260E+3	-2.990910E+3	6.518210E+3	-1.063531E+4	7.685633E+3	-1.731868E+4
5.215000E+1	6.137213E+0	3.389426E+0	6.137641E+0	3.169297E-1	2.343403E+3	-1.840527E+3	4.598260E+3	-2.992750E+3	6.518093E+3	-1.063023E+4	7.688933E+3	-1.731662E+4
5.216000E+1	6.147691E+0	3.341669E+0	6.148119E+0	3.170366E-1	2.342741E+3	-1.841189E+3	4.598260E+3	-2.992750E+3	6.517431E+3	-1.063156E+4	7.688271E+3	-1.731730E+4
5.217000E+1	6.158488E+0	3.360933E+0	6.158916E+0	3.171468E-1	2.342078E+3	-1.841852E+3	4.598260E+3	-2.992750E+3	6.516768E+3	-1.063288E+4	7.687608E+3	-1.731798E+4
5.218000E+1	6.169167E+0	3.455187E+0	6.169595E+0	3.172557E-1	2.341385E+3	-1.842545E+3	4.598260E+3	-2.992608E+3	6.516075E+3	-1.063385E+4	7.686915E+3	-1.731854E+4
5.219000E+1	6.179901E+0	3.395650E+0	6.180329E+0	3.173653E-1	2.340643E+3	-1.843287E+3	4.598260E+3	-2.992239E+3	6.515333E+3	-1.063423E+4	7.686173E+3	-1.731890E+4
5.220000E+1	6.189918E+0	3.357287E+0	6.190347E+0	3.174675E-1	2.339901E+3	-1.844029E+3	4.598260E+3	-2.991870E+3	6.514591E+3	-1.063461E+4	7.685431E+3	-1.731926E+4
5.221000E+1	6.199936E+0	3.349388E+0	6.200364E+0	3.175697E-1	2.339159E+3	-1.844771E+3	4.598260E+3	-2.991501E+3	6.513849E+3	-1.063499E+4	7.684689E+3	-1.731962E+4
5.222000E+1	6.209907E+0	3.418379E+0	6.210335E+0	3.176715E-1	2.338417E+3	-1.845513E+3	4.598260E+3	-2.991132E+3	6.513107E+3	-1.063537E+4	7.683947E+3	-1.731998E+4
5.223000E+1	6.219543E+0	3.404452E+0	6.219971E+0	3.177698E-1	2.337970E+3	-1.845960E+3	4.598260E+3	-2.990910E+3	6.512422E+3	-1.063512E+4	7.683500E+3	-1.732068E+4
5.224000E+1	6.229128E+0	3.289813E+0	6.229556E+0	3.178676E-1	2.337970E+3	-1.845960E+3	4.598260E+3	-2.990910E+3	6.511824E+3	-1.063393E+4	7.683500E+3	-1.732187E+4
5.225000E+1	6.239754E+0	3.391691E+0	6.240182E+0	3.179760E-1	2.337970E+3	-1.845960E+3	4.598260E+3	-2.990910E+3	6.511226E+3	-1.063273E+4	7.683500E+3	-1.732307E+4
5.226000E+1	6.250234E+0	3.535725E+0	6.250662E+0	3.180830E-1	2.337997E+3	-1.845960E+3	4.598260E+3	-2.990883E+3	6.510783E+3	-1.063190E+4	7.683418E+3	-1.732387E+4
5.227000E+1	6.259971E+0	3.430092E+0	6.260399E+0	3.181823E-1	2.338087E+3	-1.845960E+3	4.598260E+3	-2.990793E+3	6.510693E+3	-1.063190E+4	7.683149E+3	-1.732379E+4
5.228000E+1	6.269590E+0	3.339280E+0	6.270018E+0	3.182805E-1	2.338177E+3	-1.845960E+3	4.598260E+3	-2.990703E+3	6.510603E+3	-1.063190E+4	7.682880E+3	-1.732370E+4
5.229000E+1	6.278674E+0	3.316770E+0	6.279103E+0	3.183732E-1	2.338266E+3	-1.845960E+3	4.598260E+3	-2.990614E+3	6.510514E+3	-1.063190E+4	7.682612E+3	-1.732361E+4
5.230000E+1	6.287467E+0	3.485236E+0	6.287895E+0	3.184629E-1	2.338356E+3	-1.845960E+3	4.598260E+3	-2.990524E+3	6.510424E+3	-1.063190E+4	7.682343E+3	-1.732352E+4
5.231000E+1	6.296381E+0	3.530403E+0	6.296809E+0	3.185539E-1	2.338445E+3	-1.845960E+3	4.598260E+3	-2.990435E+3	6.510335E+3	-1.063190E+4	7.682074E+3	-1.732344E+4
5.232000E+1	6.305686E+0	3.375177E+0	6.306114E+0	3.186488E-1	2.338535E+3	-1.845960E+3	4.598260E+3	-2.990345E+3	6.510245E+3	-1.063190E+4	7.681805E+3	-1.732335E+4
5.233000E+1	6.315367E+0	3.354281E+0	6.315795E+0	3.187476E-1	2.338625E+3	-1.845960E+3	4.598260E+3	-2.990255E+3	6.510155E+3	-1.063190E+4	7.681536E+3	-1.732326E+4
5.234000E+1	6.325360E+0	3.409579E+0	6.325788E+0	3.188496E-1	2.338714E+3	-1.845960E+3	4.598260E+3	-2.990166E+3	6.510066E+3	-1.063190E+4	7.681267E+3	-1.732318E+4
5.235000E+1	6.335852E+0	3.547055E+0	6.336280E+0	3.189566E-1	2.338804E+3	-1.845960E+3	4.598260E+3	-2.990076E+3	6.509976E+3	-1.063190E+4	7.680999E+3	-1.732309E+4
5.236000E+1	6.345897E+0	3.438931E+0	6.346325E+0	3.190591E-1	2.338893E+3	-1.845960E+3	4.598260E+3	-2.989987E+3	6.509887E+3	-1.063190E+4	7.680730E+3	-1.732300E+4
5.237000E+1	6.355966E+0	3.294604E+0	6.356394E+0	3.191619E-1	2.338983E+3	-1.845960E+3	4.598260E+3	-2.989897E+3	6.509797E+3	-1.063190E+4	7.680461E+3	-1.732291E+4
5.238000E+1	6.366277E+0	3.440992E+0	6.366705E+0	3.192671E-1	2.339073E+3	-1.845960E+3	4.598260E+3	-2.989807E+3	6.509707E+3	-1.063190E+4	7.680192E+3	-1.732283E+4
5.239000E+1	6.376350E+0	3.544386E+0	6.376778E+0	3.193699E-1	2.339162E+3	-1.845960E+3	4.598260E+3	-2.989718E+3	6.509618E+3	-1.063190E+4	7.679923E+3	-1.732274E+4
5.240000E+1	6.386266E+0	3.421722E+0	6.386694E+0	3.194710E-1	2.339252E+3	-1.845960E+3	4.598260E+3	-2.989628E+3	6.509528E+3	-1.063190E+4	7.679655E+3	-1.732265E+4
5.241000E+1	6.396160E+0	3.333816E+0	6.396588E+0	3.195720E-1	2.339341E+3	-1.845960E+3	4.598260E+3	-2.989539E+3	6.509439E+3	-1.063190E+4	7.679386E+3	-1.732257E+4
5.242000E+1	6.406091E+0	3.321419E+0	6.406519E+0	3.196733E-1	2.339431E+3	-1.845960E+3	4.598260E+3	-2.989449E+3	6.509349E+3	-1.063190E+4	7.679117E+3	-1.732248E+4
5.243000E+1	6.415992E+0	3.526015E+0	6.416420E+0	3.197744E-1	2.339521E+3	-1.845960E+3	4.598260E+3	-2.989359E+3	6.509259E+3	-1.063190E+4	7.678848E+3	-1.732239E+4
5.244000E+1	6.425711E+0	3.500672E+0	6.426139E+0	3.198735E-1	2.339610E+3	-1.845960E+3	4.598260E+3	-2.989270E+3	6.509170E+3	-1.063190E+4	7.678579E+3	-1.732230E+4
5.245000E+1	6.435188E+0	3.361622E+0	6.435616E+0	3.199702E-1	2.339700E+3	-1.845960E+3	4.598260E+3	-2.989180E+3	6.509080E+3	-1.063190E+4	7.678311E+3	-1.732222E+4
5.246000E+1	6.444408E+0	3.345996E+0	6.444836E+0	3.200643E-1	2.339789E+3	-1.845960E+3	4.598260E+3	-2.989091E+3	6.508991E+3	-1.063190E+4	7.678042E+3	-1.732213E+4
5.247000E+1	6.453558E+0	3.476497E+0	6.453986E+0	3.201577E-1	2.339820E+3	-1.846148E+3	4.598260E+3	-2.989623E+3	6.509148E+3	-1.063190E+4	7.677950E+3	-1.732210E+4
5.248000E+1	6.463120E+0	3.559160E+0	6.463548E+0	3.202553E-1	2.339820E+3	-1.846433E+3	4.598260E+3	-2.990478E+3	6.509433E+3	-1.063190E+4	7.677950E+3	-1.732210E+4
5.249000E+1	6.472508E+0	3.436759E+0	6.472936E+0	3.203511E-1	2.339820E+3	-1.846719E+3	4.598260E+3	-2.991333E+3	6.509719E+3	-1.063190E+4	7.677950E+3	-1.732210E+4
5.250000E+1	6.481979E+0	3.309594E+0	6.482407E+0	3.204477E-1	2.339820E+3	-1.847004E+3	4.598260E+3	-2.992187E+3	6.510004E+3	-1.063190E+4	7.677950E+3	-1.732210E+4
5.251000E+1	6.492231E+0	3.401453E+0	6.492659E+0	3.205523E-1	2.339820E+3	-1.847290E+3	4.598260E+3	-2.993042E+3	6.510290E+3	-1.063190E+4	7.677950E+3	-1.732210E+4
5.252000E+1	6.502736E+0	3.536486E+0	6.503164E+0	3.206595E-1	2.339820E+3	-1.847575E+3	4.598260E+3	-2.993897E+3	6.510575E+3	-1.063190E+4	7.677950E+3	-1.732210E+4
5.253000E+1	6.512973E+0	3.489262E+0	6.513401E+0	3.207640E-1	2.337935E+3	-1.840480E+3	4.596410E+3	-2.990875E+3	6.507075E+3	-1.063370E+4	7.677915E+3	-1.732210E+4
5.254000E+1	6.522915E+0	3.374819E+0	6.523343E+0	3.208654E-1	2.337738E+3	-1.840875E+3	4.596410E+3	-2.990678E+3	6.506879E+3	-1.063370E+4	7.677718E+3	-1.732210E+4
5.255000E+1	6.532205E+0	3.453886E+0	6.532633E+0	3.209602E-1	2.337540E+3	-1.841269E+3	4.596410E+3	-2.990480E+3	6.506683E+3	-1.063370E+4	7.677520E+3	-1.732210E+4
5.256000E+1	6.541329E+0	3.590669E+0	6.541757E+0	3.210533E-1	2.337343E+3	-1.841664E+3	4.596410E+3	-2.990283E+3	6.506486E+3	-1.063370E+4	7.677323E+3	-1.732210E+4
5.257000E+1	6.550518E+0	3.480600E+0	6.550946E+0	3.211471E-1	2.337146E+3	-1.842059E+3	4.596410E+3	-2.990086E+3	6.506290E+3	-1.063370E+4	7.677126E+3	-1.732210E+4
5.258000E+1	6.559581E+0	3.394609E+0	6.560009E+0	3.212396E-1	2.336948E+3	-1.842453E+3	4.596410E+3	-2.989888E+3	6.506094E+3	-1.063370E+4	7.676928E+3	-1.732210E+4
5.259000E+1	6.569302E+0	3.407939E+0	6.569730E+0	3.213388E-1	2.336751E+3	-1.842848E+3	4.596410E+3	-2.989691E+3	6.505898E+3	-1.063370E+4	7.676731E+3	-1.732210E+4
5.260000E+1	6.579555E+0	3.551136E+0	6.579983E+0	3.214434E-1	2.336554E+3	-1.843243E+3	4.596410E+3	-2.989494E+3	6.505701E+3	-1.063370E+4	7.676534E+3	-1.732210E+4
5.261000E+1	6.589896E+0	3.515613E+0	6.590324E+0	3.215489E-1	2.336356E+3	-1.843637E+3	4.596410E+3	-2.989296E+3	6.505505E+3	-1.063370E+4	7.676336E+3	-1.732210E+4
5.262000E+1	6.600284E+0	3.421497E+0	6.600712E+0	3.216549E-1	2.336159E+3	-1.844032E+3	4.596410E+3	-2.989099E+3	6.505309E+3	-1.063370E+4	7.676139E+3	-1.732210E+4
5.263000E+1	6.610238E+0	3.434969E+0	6.610666E+0	3.217565E-1	2.339658E+3	-1.847648E+3	4.598260E+3	-2.992589E+3	6.503582E+3	-1.063017E+4	7.675776E+3	-1.732210E+4
5.264000E+1	6.619728E+0	3.524688E+0	6.620156E+0	3.218533E-1	2.339457E+3	-1.847447E+3	4.598260E+3	-2.992388E+3	6.503783E+3	-1.063037E+4	7.675373E+3	-1.732210E+4
5.265000E+1	6.629346E+0	3.526053E+0	6.629774E+0	3.219515E-1	2.339255E+3	-1.847245E+3	4.598260E+3	-2.992188E+3	6.503985E+3	-1.063058E+4	7.674970E+3	-1.732210E+4
5.266000E+1	6.638998E+0	3.436217E+0	6.639426E+0	3.220499E-1	2.339053E+3	-1.847043E+3	4.598260E+3	-2.991987E+3	6.504187E+3	-1.063079E+4	7.674567E+3	-1.732210E+4
5.267000E+1	6.648555E+0	3.389395E+0	6.648983E+0	3.221475E-1	2.338852E+3	-1.846842E+3	4.598260E+3	-2.991787E+3	6.504388E+3	-1.063099E+4	7.674163E+3	-1.732210E+4
5.268000E+1	6.658250E+0	3.503827E+0	6.658678E+0	3.222464E-1	2.338650E+3	-1.846640E+3	4.598260E+3	-2.991586E+3	6.504590E+3	-1.063120E+4	7.673760E+3	-1.732210E+4
5.269000E+1	6.668029E+0	3.591199E+0	6.668457E+0	3.223462E-1	2.338448E+3	-1.846438E+3	4.598260E+3	-2.991386E+3	6.504792E+3	-1.063141E+4	7.673357E+3	-1.732210E+4
5.270000E+1	6.678359E+0	3.437986E+0	6.678787E+0	3.224516E-1	2.338247E+3	-1.846237E+3	4.598260E+3	-2.991185E+3	6.504993E+3	-1.063162E+4	7.672954E+3	-1.732210E+4
5.271000E+1	6.688987E+0	3.355929E+0	6.689415E+0	3.225600E-1	2.338045E+3	-1.846035E+3	4.598260E+3	-2.990985E+3	6.505195E+3	-1.063182E+4	7.672550E+3	-1.732210E+4
5.272000E+1	6.698504E+0	3.381520E+0	6.698932E+0	3.226571E-1	2.338865E+3	-1.843215E+3	4.598260E+3	-2.991860E+3	6.507110E+3	-1.062821E+4	7.675981E+3	-1.732020E+4
5.273000E+1	6.707883E+0	3.577909E+0	6.708311E+0	3.227529E-1	2.338142E+3	-1.844282E+3	4.599938E+3	-2.990910E+3	6.501398E+3	-1.062983E+4	7.672228E+3	-1.732227E+4
5.274000E+1	6.717360E+0	3.494296E+0	6.717788E+0	3.228496E-1	2.338884E+3	-1.845024E+3	4.599196E+3	-2.990910E+3	6.500656E+3	-1.062911E+4	7.671486E+3	-1.732299E+4
5.275000E+1	6.727476E+0	3.427534E+0	6.727904E+0	3.229528E-1	2.339626E+3	-1.845766E+3	4.598454E+3	-2.990910E+3	6.499914E+3	-1.062839E+4	7.670744E+3	-1.732371E+4
5.276000E+1	6.738121E+0	3.439412E+0	6.738549E+0	3.230614E-1	2.339535E+3	-1.845675E+3	4.598260E+3	-2.991194E+3	6.499435E+3	-1.062820E+4	7.669695E+3	-1.732362E+4
5.277000E+1	6.748771E+0	3.541676E+0	6.749199E+0	3.231701E-1	2.339148E+3	-1.845288E+3	4.598260E+3	-2.991578E+3	6.499048E+3	-1.062820E+4	7.668535E+3	-1.732325E+4
5.278000E+1	6.759402E+0	3.460709E+0	6.759830E+0	3.232785E-1	2.338762E+3	-1.844902E+3	4.598260E+3	-2.991962E+3	6.498662E+3	-1.062820E+4	7.667376E+3	-1.732287E+4
5.279000E+1	6.770416E+0	3.367946E+0	6.770844E+0	3.233909E-1	2.338375E+3	-1.844515E+3	4.598260E+3	-2.992347E+3	6.498275E+3	-1.062820E+4	7.666216E+3	-1.732249E+4
5.280000E+1	6.781081E+0	3.386986E+0	6.781509E+0	3.234998E-1	2.337989E+3	-1.844129E+3	4.598260E+3	-2.992731E+3	6.497889E+3	-1.062820E+4	7.665057E+3	-1.732212E+4
5.281000E+1	6.791730E+0	3.499200E+0	6.792158E+0	3.236084E-1	2.337970E+3	-1.844661E+3	4.597709E+3	-2.992750E+3	6.498421E+3	-1.062820E+4	7.666102E+3	-1.732153E+4
5.282000E+1	6.802518E+0	3.455346E+0	6.802946E+0	3.237185E-1	2.337970E+3	-1.845241E+3	4.597129E+3	-2.992750E+3	6.499001E+3	-1.062820E+4	7.667262E+3	-1.732094E+4
5.283000E+1	6.812858E+0	3.460394E+0	6.813286E+0	3.238240E-1	2.337970E+3	-1.845820E+3	4.596550E+3	-2.992750E+3	6.499580E+3	-1.062820E+4	7.668421E+3	-1.732034E+4
5.284000E+1	6.823000E+0	3.436004E+0	6.823428E+0	3.239275E-1	2.338850E+3	-1.845080E+3	4.596410E+3	-2.992750E+3	6.500013E+3	-1.062761E+4	7.669287E+3	-1.731991E+4
5.285000E+1	6.832952E+0	3.463390E+0	6.833380E+0	3.240291E-1	2.340010E+3	-1.843920E+3	4.596410E+3	-2.992750E+3	6.500400E+3	-1.062684E+4	7.670060E+3	-1.731954E+4
5.286000E+1	6.841881E+0	3.537169E+0	6.842309E+0	3.241202E-1	2.341169E+3	-1.842761E+3	4.596410E+3	-2.992750E+3	6.500786E+3	-1.062607E+4	7.670833E+3	-1.731916E+4
5.287000E+1	6.850312E+0	3.449663E+0	6.850740E+0	3.242062E-1	2.342328E+3	-1.841602E+3	4.596410E+3	-2.992750E+3	6.501173E+3	-1.062529E+4	7.671605E+3	-1.731879E+4
5.288000E+1	6.859021E+0	3.417769E+0	6.859450E+0	3.242951E-1	2.343488E+3	-1.840442E+3	4.596410E+3	-2.992750E+3	6.501559E+3	-1.062452E+4	7.672378E+3	-1.731841E+4
5.289000E+1	6.868198E+0	3.454617E+0	6.868627E+0	3.243887E-1	2.342919E+3	-1.840711E+3	4.596711E+3	-2.992451E+3	6.500969E+3	-1.062539E+4	7.671498E+3	-1.731869E+4
5.290000E+1	6.877723E+0	3.583300E+0	6.878151E+0	3.244859E-1	2.342301E+3	-1.841020E+3	4.597020E+3	-2.992144E+3	6.500351E+3	-1.062631E+4	7.670571E+3	-1.731899E+4
5.291000E+1	6.887374E+0	3.538224E+0	6.887802E+0	3.245844E-1	2.341682E+3	-1.841329E+3	4.597329E+3	-2.991836E+3	6.499732E+3	-1.062723E+4	7.669644E+3	-1.731929E+4
5.292000E+1	6.896948E+0	3.384778E+0	6.897376E+0	3.246821E-1	2.341064E+3	-1.841638E+3	4.597638E+3	-2.991529E+3	6.499114E+3	-1.062815E+4	7.668716E+3	-1.731959E+4
5.293000E+1	6.907211E+0	3.398356E+0	6.907639E+0	3.247868E-1	2.340446E+3	-1.841947E+3	4.597947E+3	-2.991221E+3	6.498496E+3	-1.062907E+4	7.667789E+3	-1.731990E+4
5.294000E+1	6.917609E+0	3.562555E+0	6.918037E+0	3.248929E-1	2.339827E+3	-1.842256E+3	4.598256E+3	-2.990914E+3	6.497877E+3	-1.062999E+4	7.666861E+3	-1.732020E+4
5.295000E+1	6.927678E+0	3.530645E+0	6.928106E+0	3.249957E-1	2.337987E+3	-1.842260E+3	4.597344E+3	-2.990910E+3	6.496037E+3	-1.062911E+4	7.666850E+3	-1.732203E+4
5.296000E+1	6.938001E+0	3.469962E+0	6.938429E+0	3.251010E-1	2.336132E+3	-1.842260E+3	4.596416E+3	-2.990910E+3	6.494182E+3	-1.062821E+4	7.666850E+3	-1.732389E+4
5.297000E+1	6.947831E+0	3.449672E+0	6.948259E+0	3.252013E-1	2.336449E+3	-1.842095E+3	4.596410E+3	-2.990910E+3	6.494170E+3	-1.062803E+4	7.666521E+3	-1.732390E+4
5.298000E+1	6.957037E+0	3.495608E+0	6.957465E+0	3.252952E-1	2.336780E+3	-1.841930E+3	4.596410E+3	-2.990910E+3	6.494170E+3	-1.062786E+4	7.666190E+3	-1.732390E+4
5.299000E+1	6.965888E+0	3.518349E+0	6.966316E+0	3.253856E-1	2.337112E+3	-1.841764E+3	4.596410E+3	-2.990910E+3	6.494170E+3	-1.062769E+4	7.665858E+3	-1.732390E+4
5.300000E+1	6.974932E+0	3.445533E+0	6.975360E+0	3.254778E-1	2.337443E+3	-1.841599E+3	4.596410E+3	-2.990910E+3	6.494170E+3	-1.062752E+4	7.665527E+3	-1.732390E+4
5.301000E+1	6.984301E+0	3.385659E+0	6.984729E+0	3.255734E-1	2.337774E+3	-1.841433E+3	4.596410E+3	-2.990910E+3	6.494170E+3	-1.062735E+4	7.665196E+3	-1.732390E+4
5.302000E+1	6.994036E+0	3.452479E+0	6.994464E+0	3.256728E-1	2.338105E+3	-1.841267E+3	4.596410E+3	-2.990910E+3	6.494170E+3	-1.062718E+4	7.664865E+3	-1.732390E+4
5.303000E+1	7.003680E+0	3.599082E+0	7.004108E+0	3.257712E-1	2.338436E+3	-1.841102E+3	4.596410E+3	-2.990910E+3	6.494170E+3	-1.062701E+4	7.664534E+3	-1.732390E+4
5.304000E+1	7.013064E+0	3.478600E+0	7.013492E+0	3.258669E-1	2.338768E+3	-1.840936E+3	4.596410E+3	-2.990910E+3	6.494170E+3	-1.062684E+4	7.664202E+3	-1.732390E+4
5.305000E+1	7.022057E+0	3.382793E+0	7.022485E+0	3.259587E-1	2.339099E+3	-1.840771E+3	4.596410E+3	-2.990910E+3	6.494170E+3	-1.062667E+4	7.663871E+3	-1.732390E+4
5.306000E+1	7.030958E+0	3.466133E+0	7.031386E+0	3.260495E-1	2.339430E+3	-1.840605E+3	4.596410E+3	-2.990910E+3	6.494170E+3	-1.062650E+4	7.663540E+3	-1.732390E+4
5.307000E+1	7.040261E+0	3.588760E+0	7.040689E+0	3.261445E-1	2.339761E+3	-1.840439E+3	4.596410E+3	-2.990910E+3	6.494170E+3	-1.062633E+4	7.663209E+3	-1.732390E+4
5.308000E+1	7.049476E+0	3.530227E+0	7.049904E+0	3.262385E-1	2.340976E+3	-1.845266E+3	4.598260E+3	-2.993906E+3	6.496714E+3	-1.062562E+4	7.660838E+3	-1.732139E+4
5.309000E+1	7.058975E+0	3.419310E+0	7.059403E+0	3.263354E-1	2.340133E+3	-1.844423E+3	4.598260E+3	-2.993063E+3	6.497557E+3	-1.062480E+4	7.662525E+3	-1.732052E+4
5.310000E+1	7.069437E+0	3.442043E+0	7.069865E+0	3.264422E-1	2.339820E+3	-1.844110E+3	4.598260E+3	-2.992669E+3	6.497789E+3	-1.062450E+4	7.663312E+3	-1.732020E+4
5.311000E+1	7.079585E+0	3.596811E+0	7.080013E+0	3.265457E-1	2.339820E+3	-1.844110E+3	4.598260E+3	-2.992541E+3	6.497660E+3	-1.062450E+4	7.663570E+3	-1.732020E+4
5.312000E+1	7.090004E+0	3.482782E+0	7.090432E+0	3.266520E-1	2.339820E+3	-1.844110E+3	4.598260E+3	-2.992413E+3	6.497531E+3	-1.062450E+4	7.663827E+3	-1.732020E+4
5.313000E+1	7.100206E+0	3.442544E+0	7.100634E+0	3.267561E-1	2.339820E+3	-1.844110E+3	4.598260E+3	-2.992285E+3	6.497403E+3	-1.062450E+4	7.664085E+3	-1.732020E+4
5.314000E+1	7.110131E+0	3.392940E+0	7.110559E+0	3.268574E-1	2.339820E+3	-1.844110E+3	4.598260E+3	-2.992157E+3	6.497274E+3	-1.062450E+4	7.664343E+3	-1.732020E+4
5.315000E+1	7.120149E+0	3.497254E+0	7.120577E+0	3.269596E-1	2.339820E+3	-1.844110E+3	4.598260E+3	-2.992029E+3	6.497145E+3	-1.062450E+4	7.664600E+3	-1.732020E+4
5.316000E+1	7.129736E+0	3.521232E+0	7.130164E+0	3.270575E-1	2.339820E+3	-1.844110E+3	4.598260E+3	-2.991901E+3	6.497016E+3	-1.062450E+4	7.664858E+3	-1.732020E+4
5.317000E+1	7.139084E+0	3.410936E+0	7.139512E+0	3.271529E-1	2.339820E+3	-1.844110E+3	4.598260E+3	-2.991773E+3	6.496887E+3	-1.062450E+4	7.665115E+3	-1.732020E+4
5.318000E+1	7.149250E+0	3.413420E+0	7.149678E+0	3.272566E-1	2.339820E+3	-1.844110E+3	4.598260E+3	-2.991644E+3	6.496758E+3	-1.062450E+4	7.665373E+3	-1.732020E+4
5.319000E+1	7.160148E+0	3.458380E+0	7.160576E+0	3.273678E-1	2.339820E+3	-1.844110E+3	4.598260E+3	-2.991516E+3	6.496630E+3	-1.062450E+4	7.665631E+3	-1.732020E+4
5.320000E+1	7.170864E+0	3.556690E+0	7.171292E+0	3.274771E-1	2.339820E+3	-1.844110E+3	4.598260E+3	-2.991388E+3	6.496501E+3	-1.062450E+4	7.665888E+3	-1.732020E+4
5.321000E+1	7.181471E+0	3.520962E+0	7.181899E+0	3.275854E-1	2.339820E+3	-1.844110E+3	4.598260E+3	-2.991260E+3	6.496372E+3	-1.062450E+4	7.666146E+3	-1.732020E+4
5.322000E+1	7.192030E+0	3.403806E+0	7.192458E+0	3.276931E-1	2.339820E+3	-1.844110E+3	4.598260E+3	-2.991132E+3	6.496243E+3	-1.062450E+4	7.666404E+3	-1.732020E+4
5.323000E+1	7.202070E+0	3.447459E+0	7.202498E+0	3.277956E-1	2.339820E+3	-1.844110E+3	4.598260E+3	-2.991004E+3	6.496114E+3	-1.062450E+4	7.666661E+3	-1.732020E+4
5.324000E+1	7.211396E+0	3.578367E+0	7.211824E+0	3.278907E-1	2.338073E+3	-1.845857E+3	4.600007E+3	-2.992853E+3	6.492320E+3	-1.062630E+4	7.661094E+3	-1.732199E+4
5.325000E+1	7.221033E+0	3.552653E+0	7.221461E+0	3.279891E-1	2.338460E+3	-1.845470E+3	4.599620E+3	-2.993240E+3	6.492320E+3	-1.062630E+4	7.660323E+3	-1.732160E+4
5.326000E+1	7.230885E+0	3.439262E+0	7.231313E+0	3.280896E-1	2.338846E+3	-1.845084E+3	4.599234E+3	-2.993626E+3	6.492320E+3	-1.062630E+4	7.659552E+3	-1.732120E+4
5.327000E+1	7.240919E+0	3.449708E+0	7.241347E+0	3.281920E-1	2.339233E+3	-1.844697E+3	4.598847E+3	-2.994013E+3	6.492320E+3	-1.062630E+4	7.658781E+3	-1.732080E+4
5.328000E+1	7.251200E+0	3.600049E+0	7.251628E+0	3.282969E-1	2.339619E+3	-1.844311E+3	4.598461E+3	-2.994399E+3	6.492320E+3	-1.062630E+4	7.658011E+3	-1.732041E+4
5.329000E+1	7.261495E+0	3.564837E+0	7.261923E+0	3.284020E-1	2.336484E+3	-1.842624E+3	4.596410E+3	-2.992750E+3	6.492320E+3	-1.062594E+4	7.655942E+3	-1.732020E+4
5.330000E+1	7.271930E+0	3.477857E+0	7.272358E+0	3.285084E-1	2.337241E+3	-1.843381E+3	4.596410E+3	-2.992750E+3	6.492320E+3	-1.062518E+4	7.656320E+3	-1.732020E+4
5.331000E+1	7.281949E+0	3.431469E+0	7.282377E+0	3.286107E-1	2.337998E+3	-1.844138E+3	4.596410E+3	-2.992750E+3	6.492320E+3	-1.062442E+4	7.656699E+3	-1.732020E+4
5.332000E+1	7.291793E+0	3.499403E+0	7.292221E+0	3.287111E-1	2.338755E+3	-1.844895E+3	4.596410E+3	-2.992750E+3	6.492320E+3	-1.062367E+4	7.657077E+3	-1.732020E+4
5.333000E+1	7.301701E+0	3.580615E+0	7.302129E+0	3.288122E-1	2.339512E+3	-1.845652E+3	4.596410E+3	-2.992750E+3	6.492320E+3	-1.062291E+4	7.657456E+3	-1.732020E+4
5.334000E+1	7.310976E+0	3.491883E+0	7.311404E+0	3.289069E-1	2.340999E+3	-1.845567E+3	4.596803E+3	-2.992750E+3	6.491927E+3	-1.062300E+4	7.658001E+3	-1.732020E+4
5.335000E+1	7.320321E+0	3.472980E+0	7.320749E+0	3.290022E-1	2.342987E+3	-1.844904E+3	4.597466E+3	-2.992750E+3	6.491264E+3	-1.062368E+4	7.658660E+3	-1.732020E+4
5.336000E+1	7.330005E+0	3.490328E+0	7.330433E+0	3.291010E-1	2.344974E+3	-1.844242E+3	4.598128E+3	-2.992750E+3	6.490602E+3	-1.062436E+4	7.659319E+3	-1.732020E+4
5.337000E+1	7.339698E+0	3.546363E+0	7.340126E+0	3.291999E-1	2.345084E+3	-1.843255E+3	4.598260E+3	-2.992750E+3	6.490184E+3	-1.062478E+4	7.658595E+3	-1.732049E+4
5.338000E+1	7.349895E+0	3.520379E+0	7.350323E+0	3.293040E-1	2.344728E+3	-1.842186E+3	4.598260E+3	-2.992750E+3	6.489828E+3	-1.062513E+4	7.657526E+3	-1.732086E+4
5.339000E+1	7.359819E+0	3.402056E+0	7.360247E+0	3.294053E-1	2.344371E+3	-1.841118E+3	4.598260E+3	-2.992750E+3	6.489471E+3	-1.062547E+4	7.656458E+3	-1.732123E+4
5.340000E+1	7.369115E+0	3.451996E+0	7.369543E+0	3.295001E-1	2.344014E+3	-1.840050E+3	4.598260E+3	-2.992750E+3	6.489114E+3	-1.062582E+4	7.655390E+3	-1.732159E+4
5.341000E+1	7.378787E+0	3.648379E+0	7.379215E+0	3.295988E-1	2.343657E+3	-1.838981E+3	4.598260E+3	-2.992750E+3	6.488757E+3	-1.062617E+4	7.654321E+3	-1.732196E+4
5.342000E+1	7.388250E+0	3.582052E+0	7.388678E+0	3.296954E-1	2.342977E+3	-1.839112E+3	4.598260E+3	-2.992750E+3	6.488077E+3	-1.062604E+4	7.653638E+3	-1.732236E+4
5.343000E+1	7.397196E+0	3.538018E+0	7.397624E+0	3.297867E-1	2.342094E+3	-1.839992E+3	4.598260E+3	-2.992750E+3	6.487194E+3	-1.062561E+4	7.653197E+3	-1.732279E+4
5.344000E+1	7.406394E+0	3.500873E+0	7.406822E+0	3.298805E-1	2.341210E+3	-1.840873E+3	4.598260E+3	-2.992750E+3	6.486310E+3	-1.062518E+4	7.652755E+3	-1.732322E+4
5.345000E+1	7.415769E+0	3.517489E+0	7.416197E+0	3.299762E-1	2.340327E+3	-1.841754E+3	4.598260E+3	-2.992750E+3	6.485427E+3	-1.062475E+4	7.652314E+3	-1.732365E+4
5.346000E+1	7.425594E+0	3.492467E+0	7.426022E+0	3.300764E-1	2.339581E+3	-1.842499E+3	4.598021E+3	-2.992989E+3	6.484681E+3	-1.062450E+4	7.651581E+3	-1.732390E+4
5.347000E+1	7.435244E+0	3.465701E+0	7.435672E+0	3.301749E-1	2.339018E+3	-1.843062E+3	4.597458E+3	-2.993552E+3	6.484118E+3	-1.062450E+4	7.650457E+3	-1.732390E+4
5.348000E+1	7.444639E+0	3.480474E+0	7.445067E+0	3.302708E-1	2.338456E+3	-1.843624E+3	4.596896E+3	-2.994114E+3	6.483556E+3	-1.062450E+4	7.649333E+3	-1.732390E+4
5.349000E+1	7.454253E+0	3.508305E+0	7.454681E+0	3.303689E-1	2.337928E+3	-1.844110E+3	4.596368E+3	-2.994642E+3	6.483112E+3	-1.062450E+4	7.648318E+3	-1.732386E+4
5.350000E+1	7.463978E+0	3.577385E+0	7.464406E+0	3.304681E-1	2.337619E+3	-1.844110E+3	4.596059E+3	-2.994951E+3	6.483421E+3	-1.062450E+4	7.648009E+3	-1.732356E+4
5.351000E+1	7.473778E+0	3.489878E+0	7.474206E+0	3.305681E-1	2.337310E+3	-1.844110E+3	4.595750E+3	-2.995260E+3	6.483730E+3	-1.062450E+4	7.647700E+3	-1.732326E+4
5.352000E+1	7.483491E+0	3.457410E+0	7.483919E+0	3.306672E-1	2.337001E+3	-1.844110E+3	4.595441E+3	-2.995569E+3	6.484039E+3	-1.062450E+4	7.647391E+3	-1.732296E+4
5.353000E+1	7.493740E+0	3.588228E+0	7.494168E+0	3.307718E-1	2.336692E+3	-1.844110E+3	4.595132E+3	-2.995878E+3	6.484348E+3	-1.062450E+4	7.647082E+3	-1.732266E+4
5.354000E+1	7.503501E+0	3.635287E+0	7.503929E+0	3.308714E-1	2.336383E+3	-1.844110E+3	4.594823E+3	-2.996187E+3	6.484657E+3	-1.062450E+4	7.646773E+3	-1.732236E+4
5.355000E+1	7.512821E+0	3.594507E+0	7.513249E+0	3.309665E-1	2.336188E+3	-1.844110E+3	4.594560E+3	-2.996450E+3	6.484852E+3	-1.062443E+4	7.646646E+3	-1.732210E+4
5.356000E+1	7.521661E+0	3.485123E+0	7.522089E+0	3.310567E-1	2.336641E+3	-1.844110E+3	4.594560E+3	-2.996450E+3	6.484399E+3	-1.062397E+4	7.647551E+3	-1.732210E+4
5.357000E+1	7.530350E+0	3.445286E+0	7.530779E+0	3.311454E-1	2.337093E+3	-1.844110E+3	4.594560E+3	-2.996450E+3	6.483947E+3	-1.062350E+4	7.648456E+3	-1.732210E+4
5.358000E+1	7.539430E+0	3.654310E+0	7.539858E+0	3.312380E-1	2.337545E+3	-1.844110E+3	4.594560E+3	-2.996450E+3	6.483495E+3	-1.062304E+4	7.649361E+3	-1.732210E+4
5.359000E+1	7.548605E+0	3.597368E+0	7.549033E+0	3.313316E-1	2.337970E+3	-1.844038E+3	4.594560E+3	-2.996432E+3	6.483052E+3	-1.062262E+4	7.650192E+3	-1.732210E+4
5.360000E+1	7.557932E+0	3.482968E+0	7.558360E+0	3.314268E-1	2.337970E+3	-1.842861E+3	4.594560E+3	-2.996137E+3	6.482757E+3	-1.062292E+4	7.649897E+3	-1.732210E+4
5.361000E+1	7.568058E+0	3.428736E+0	7.568486E+0	3.315301E-1	2.337970E+3	-1.841685E+3	4.594560E+3	-2.995843E+3	6.482463E+3	-1.062322E+4	7.649603E+3	-1.732210E+4
5.362000E+1	7.578344E+0	3.445848E+0	7.578772E+0	3.316351E-1	2.337970E+3	-1.840509E+3	4.594560E+3	-2.995549E+3	6.482169E+3	-1.062353E+4	7.649309E+3	-1.732210E+4
5.363000E+1	7.588561E+0	3.557246E+0	7.588989E+0	3.317394E-1	2.337970E+3	-1.839333E+3	4.594560E+3	-2.995254E+3	6.481874E+3	-1.062383E+4	7.649014E+3	-1.732210E+4
5.364000E+1	7.599184E+0	3.492998E+0	7.599612E+0	3.318478E-1	2.337970E+3	-1.838157E+3	4.594560E+3	-2.994960E+3	6.481580E+3	-1.062413E+4	7.648720E+3	-1.732210E+4
5.365000E+1	7.610094E+0	3.482852E+0	7.610522E+0	3.319591E-1	2.337970E+3	-1.836981E+3	4.594560E+3	-2.994665E+3	6.481285E+3	-1.062443E+4	7.648425E+3	-1.732210E+4
5.366000E+1	7.620636E+0	3.463015E+0	7.621064E+0	3.320667E-1	2.336266E+3	-1.837011E+3	4.594560E+3	-2.992750E+3	6.477228E+3	-1.062450E+4	7.642664E+3	-1.732594E+4
5.367000E+1	7.631072E+0	3.532329E+0	7.631500E+0	3.321731E-1	2.336453E+3	-1.837385E+3	4.594560E+3	-2.992750E+3	6.476854E+3	-1.062450E+4	7.642477E+3	-1.732612E+4
5.368000E+1	7.641068E+0	3.554750E+0	7.641496E+0	3.322751E-1	2.336641E+3	-1.837758E+3	4.594560E+3	-2.992750E+3	6.476479E+3	-1.062450E+4	7.642289E+3	-1.732631E+4
5.369000E+1	7.650696E+0	3.484109E+0	7.651125E+0	3.323734E-1	2.336828E+3	-1.838132E+3	4.594560E+3	-2.992750E+3	6.476104E+3	-1.062450E+4	7.642102E+3	-1.732649E+4
5.370000E+1	7.660481E+0	3.519386E+0	7.660909E+0	3.324732E-1	2.337015E+3	-1.838506E+3	4.594560E+3	-2.992750E+3	6.475729E+3	-1.062450E+4	7.641915E+3	-1.732667E+4
5.371000E+1	7.670392E+0	3.595562E+0	7.670820E+0	3.325744E-1	2.337203E+3	-1.838880E+3	4.594560E+3	-2.992750E+3	6.475355E+3	-1.062450E+4	7.641727E+3	-1.732685E+4
5.372000E+1	7.679685E+0	3.466127E+0	7.680113E+0	3.326692E-1	2.337390E+3	-1.839253E+3	4.594560E+3	-2.992750E+3	6.474980E+3	-1.062450E+4	7.641540E+3	-1.732704E+4
5.373000E+1	7.689046E+0	3.441430E+0	7.689474E+0	3.327647E-1	2.337577E+3	-1.839627E+3	4.594560E+3	-2.992750E+3	6.474605E+3	-1.062450E+4	7.641353E+3	-1.732722E+4
5.374000E+1	7.698623E+0	3.425980E+0	7.699051E+0	3.328624E-1	2.337765E+3	-1.840001E+3	4.594560E+3	-2.992750E+3	6.474230E+3	-1.062450E+4	7.641165E+3	-1.732740E+4
5.375000E+1	7.708199E+0	3.557410E+0	7.708627E+0	3.329602E-1	2.337952E+3	-1.840374E+3	4.594560E+3	-2.992750E+3	6.473856E+3	-1.062450E+4	7.640978E+3	-1.732758E+4
5.376000E+1	7.718122E+0	3.616128E+0	7.718550E+0	3.330614E-1	2.339688E+3	-1.845564E+3	4.596278E+3	-2.996714E+3	6.473820E+3	-1.062450E+4	7.635278E+3	-1.732580E+4
5.377000E+1	7.728593E+0	3.469015E+0	7.729021E+0	3.331683E-1	2.339542E+3	-1.845126E+3	4.596132E+3	-2.997006E+3	6.473820E+3	-1.062450E+4	7.635132E+3	-1.732580E+4
5.378000E+1	7.739472E+0	3.489212E+0	7.739900E+0	3.332793E-1	2.339396E+3	-1.844687E+3	4.595986E+3	-2.997298E+3	6.473820E+3	-1.062450E+4	7.634986E+3	-1.732580E+4
5.379000E+1	7.750451E+0	3.561834E+0	7.750879E+0	3.333913E-1	2.339250E+3	-1.844249E+3	4.595840E+3	-2.997590E+3	6.473820E+3	-1.062450E+4	7.634840E+3	-1.732580E+4
5.380000E+1	7.761566E+0	3.576992E+0	7.761994E+0	3.335047E-1	2.339104E+3	-1.843811E+3	4.595694E+3	-2.997882E+3	6.473820E+3	-1.062450E+4	7.634694E+3	-1.732580E+4
5.381000E+1	7.772415E+0	3.548827E+0	7.772843E+0	3.336154E-1	2.338958E+3	-1.843373E+3	4.595548E+3	-2.998175E+3	6.473820E+3	-1.062450E+4	7.634548E+3	-1.732580E+4
5.382000E+1	7.782377E+0	3.490829E+0	7.782805E+0	3.337171E-1	2.338812E+3	-1.842935E+3	4.595402E+3	-2.998467E+3	6.473820E+3	-1.062450E+4	7.634402E+3	-1.732580E+4
5.383000E+1	7.792437E+0	3.476143E+0	7.792865E+0	3.338197E-1	2.338666E+3	-1.842497E+3	4.595256E+3	-2.998759E+3	6.473820E+3	-1.062450E+4	7.634256E+3	-1.732580E+4
5.384000E+1	7.803186E+0	3.541616E+0	7.803614E+0	3.339294E-1	2.338520E+3	-1.842059E+3	4.595110E+3	-2.999051E+3	6.473820E+3	-1.062450E+4	7.634110E+3	-1.732580E+4
5.385000E+1	7.813466E+0	3.531775E+0	7.813894E+0	3.340343E-1	2.338374E+3	-1.841621E+3	4.594964E+3	-2.999343E+3	6.473820E+3	-1.062450E+4	7.633964E+3	-1.732580E+4
5.386000E+1	7.823201E+0	3.503234E+0	7.823629E+0	3.341336E-1	2.338228E+3	-1.841183E+3	4.594818E+3	-2.999635E+3	6.473820E+3	-1.062450E+4	7.633818E+3	-1.732580E+4
5.387000E+1	7.832974E+0	3.476228E+0	7.833402E+0	3.342334E-1	2.338082E+3	-1.840745E+3	4.594672E+3	-2.999927E+3	6.473820E+3	-1.062450E+4	7.633672E+3	-1.732580E+4
5.388000E+1	7.842858E+0	3.557372E+0	7.843286E+0	3.343342E-1	2.337970E+3	-1.840469E+3	4.594560E+3	-3.000091E+3	6.473879E+3	-1.062438E+4	7.633797E+3	-1.732574E+4
5.389000E+1	7.852584E+0	3.571841E+0	7.853012E+0	3.344335E-1	2.337970E+3	-1.840720E+3	4.594560E+3	-2.999840E+3	6.474130E+3	-1.062388E+4	7.634800E+3	-1.732548E+4
5.390000E+1	7.861672E+0	3.481121E+0	7.862100E+0	3.345262E-1	2.337970E+3	-1.840971E+3	4.594560E+3	-2.999589E+3	6.474381E+3	-1.062338E+4	7.635803E+3	-1.732522E+4
5.391000E+1	7.870662E+0	3.504470E+0	7.871090E+0	3.346179E-1	2.337970E+3	-1.841221E+3	4.594560E+3	-2.999339E+3	6.474631E+3	-1.062288E+4	7.636806E+3	-1.732497E+4
5.392000E+1	7.879756E+0	3.582646E+0	7.880184E+0	3.347107E-1	2.337970E+3	-1.841472E+3	4.594560E+3	-2.999088E+3	6.474882E+3	-1.062238E+4	7.637809E+3	-1.732471E+4
5.393000E+1	7.888966E+0	3.635062E+0	7.889394E+0	3.348047E-1	2.337970E+3	-1.841723E+3	4.594560E+3	-2.998837E+3	6.475133E+3	-1.062187E+4	7.638812E+3	-1.732445E+4
5.394000E+1	7.898560E+0	3.514117E+0	7.898988E+0	3.349026E-1	2.337970E+3	-1.841974E+3	4.594560E+3	-2.998586E+3	6.475384E+3	-1.062137E+4	7.639815E+3	-1.732419E+4
5.395000E+1	7.908030E+0	3.446348E+0	7.908458E+0	3.349992E-1	2.337970E+3	-1.842224E+3	4.594560E+3	-2.998336E+3	6.475634E+3	-1.062087E+4	7.640818E+3	-1.732394E+4
5.396000E+1	7.917017E+0	3.543216E+0	7.917445E+0	3.350910E-1	2.337556E+3	-1.842260E+3	4.594974E+3	-2.996450E+3	6.473820E+3	-1.062407E+4	7.638696E+3	-1.732293E+4
5.397000E+1	7.925877E+0	3.606281E+0	7.926305E+0	3.351814E-1	2.337011E+3	-1.842260E+3	4.595519E+3	-2.996450E+3	6.473820E+3	-1.062351E+4	7.638151E+3	-1.732402E+4
5.398000E+1	7.934924E+0	3.571684E+0	7.935352E+0	3.352737E-1	2.336465E+3	-1.842260E+3	4.596065E+3	-2.996450E+3	6.473820E+3	-1.062295E+4	7.637605E+3	-1.732511E+4
5.399000E+1	7.943925E+0	3.510384E+0	7.944353E+0	3.353655E-1	2.337970E+3	-1.839005E+3	4.594560E+3	-2.998300E+3	6.468270E+3	-1.062260E+4	7.627865E+3	-1.732580E+4
5.400000E+1	7.953249E+0	3.487107E+0	7.953677E+0	3.354607E-1	2.337970E+3	-1.840187E+3	4.594560E+3	-2.998300E+3	6.468270E+3	-1.062260E+4	7.627470E+3	-1.732580E+4
5.401000E+1	7.963094E+0	3.652387E+0	7.963522E+0	3.355611E-1	2.337970E+3	-1.841368E+3	4.594560E+3	-2.998300E+3	6.468270E+3	-1.062260E+4	7.627076E+3	-1.732580E+4
5.402000E+1	7.972971E+0	3.609026E+0	7.973399E+0	3.356619E-1	2.337970E+3	-1.842550E+3	4.594560E+3	-2.998300E+3	6.468270E+3	-1.062260E+4	7.626681E+3	-1.732580E+4
5.403000E+1	7.982562E+0	3.541309E+0	7.982990E+0	3.357598E-1	2.337970E+3	-1.843732E+3	4.594560E+3	-2.998300E+3	6.468270E+3	-1.062260E+4	7.626286E+3	-1.732580E+4
5.404000E+1	7.991998E+0	3.470552E+0	7.992426E+0	3.358561E-1	2.337563E+3	-1.843703E+3	4.594153E+3	-2.997893E+3	6.467863E+3	-1.062220E+4	7.627381E+3	-1.732580E+4
5.405000E+1	8.001472E+0	3.539911E+0	8.001900E+0	3.359527E-1	2.336965E+3	-1.843105E+3	4.593555E+3	-2.997295E+3	6.467265E+3	-1.062162E+4	7.629176E+3	-1.732580E+4
5.406000E+1	8.011217E+0	3.638654E+0	8.011645E+0	3.360522E-1	2.336366E+3	-1.842506E+3	4.592956E+3	-2.996696E+3	6.466666E+3	-1.062104E+4	7.630972E+3	-1.732580E+4
5.407000E+1	8.020327E+0	3.541813E+0	8.020755E+0	3.361451E-1	2.336120E+3	-1.841370E+3	4.593156E+3	-2.996450E+3	6.466197E+3	-1.062125E+4	7.631042E+3	-1.732580E+4
5.408000E+1	8.029574E+0	3.475483E+0	8.030002E+0	3.362395E-1	2.336120E+3	-1.839858E+3	4.593913E+3	-2.996450E+3	6.465819E+3	-1.062200E+4	7.629906E+3	-1.732580E+4
5.409000E+1	8.039096E+0	3.496085E+0	8.039524E+0	3.363367E-1	2.336120E+3	-1.838346E+3	4.594670E+3	-2.996450E+3	6.465440E+3	-1.062276E+4	7.628770E+3	-1.732580E+4
5.410000E+1	8.049011E+0	3.627189E+0	8.049439E+0	3.364378E-1	2.336120E+3	-1.836833E+3	4.595427E+3	-2.996450E+3	6.465062E+3	-1.062352E+4	7.627635E+3	-1.732580E+4
5.411000E+1	8.059167E+0	3.634368E+0	8.059595E+0	3.365415E-1	2.336120E+3	-1.835321E+3	4.596184E+3	-2.996450E+3	6.464683E+3	-1.062427E+4	7.626499E+3	-1.732580E+4
5.412000E+1	8.069711E+0	3.494786E+0	8.070139E+0	3.366490E-1	2.335700E+3	-1.835710E+3	4.595990E+3	-2.996450E+3	6.463730E+3	-1.062407E+4	7.626160E+3	-1.732621E+4
5.413000E+1	8.080078E+0	3.553800E+0	8.080506E+0	3.367548E-1	2.335102E+3	-1.836906E+3	4.595392E+3	-2.996450E+3	6.462534E+3	-1.062345E+4	7.626160E+3	-1.732679E+4
5.414000E+1	8.089950E+0	3.618864E+0	8.090378E+0	3.368556E-1	2.334503E+3	-1.838103E+3	4.594793E+3	-2.996450E+3	6.461337E+3	-1.062284E+4	7.626160E+3	-1.732737E+4
5.415000E+1	8.099895E+0	3.585563E+0	8.100323E+0	3.369571E-1	2.334149E+3	-1.838813E+3	4.594438E+3	-2.996572E+3	6.460870E+3	-1.062248E+4	7.626038E+3	-1.732760E+4
5.416000E+1	8.109886E+0	3.552773E+0	8.110314E+0	3.370590E-1	2.333951E+3	-1.839211E+3	4.594239E+3	-2.996771E+3	6.460870E+3	-1.062229E+4	7.625839E+3	-1.732760E+4
5.417000E+1	8.119454E+0	3.464743E+0	8.119882E+0	3.371566E-1	2.333752E+3	-1.839608E+3	4.594039E+3	-2.996971E+3	6.460870E+3	-1.062209E+4	7.625639E+3	-1.732760E+4
5.418000E+1	8.128825E+0	3.642600E+0	8.129253E+0	3.372523E-1	2.333554E+3	-1.840006E+3	4.593840E+3	-2.997170E+3	6.460870E+3	-1.062190E+4	7.625440E+3	-1.732760E+4
5.419000E+1	8.138579E+0	3.591484E+0	8.139007E+0	3.373518E-1	2.333355E+3	-1.840404E+3	4.593641E+3	-2.997369E+3	6.460870E+3	-1.062171E+4	7.625241E+3	-1.732760E+4
5.420000E+1	8.148798E+0	3.550735E+0	8.149226E+0	3.374561E-1	2.333157E+3	-1.840802E+3	4.593441E+3	-2.997569E+3	6.460870E+3	-1.062151E+4	7.625041E+3	-1.732760E+4
5.421000E+1	8.159358E+0	3.527743E+0	8.159786E+0	3.375638E-1	2.332959E+3	-1.841200E+3	4.593242E+3	-2.997768E+3	6.460870E+3	-1.062132E+4	7.624842E+3	-1.732760E+4
5.422000E+1	8.169770E+0	3.537667E+0	8.170198E+0	3.376701E-1	2.332760E+3	-1.841597E+3	4.593042E+3	-2.997968E+3	6.460870E+3	-1.062112E+4	7.624642E+3	-1.732760E+4
5.423000E+1	8.179799E+0	3.675023E+0	8.180227E+0	3.377724E-1	2.332562E+3	-1.841995E+3	4.592843E+3	-2.998167E+3	6.460870E+3	-1.062093E+4	7.624443E+3	-1.732760E+4
5.424000E+1	8.189716E+0	3.603230E+0	8.190144E+0	3.378736E-1	2.332430E+3	-1.842260E+3	4.592710E+3	-2.999852E+3	6.460870E+3	-1.062080E+4	7.621205E+3	-1.732609E+4
5.425000E+1	8.200174E+0	3.484023E+0	8.200602E+0	3.379803E-1	2.333512E+3	-1.842260E+3	4.593252E+3	-3.000150E+3	6.460870E+3	-1.062024E+4	7.620610E+3	-1.732580E+4
5.426000E+1	8.210818E+0	3.539915E+0	8.211246E+0	3.380889E-1	2.334668E+3	-1.842260E+3	4.593832E+3	-3.000150E+3	6.460870E+3	-1.061965E+4	7.620610E+3	-1.732580E+4
5.427000E+1	8.221468E+0	3.686524E+0	8.221896E+0	3.381976E-1	2.335824E+3	-1.842260E+3	4.594412E+3	-3.000150E+3	6.460870E+3	-1.061905E+4	7.620610E+3	-1.732580E+4
5.428000E+1	8.232048E+0	3.661687E+0	8.232476E+0	3.383056E-1	2.336243E+3	-1.842137E+3	4.594560E+3	-3.000027E+3	6.460747E+3	-1.061890E+4	7.620857E+3	-1.732567E+4
5.429000E+1	8.242161E+0	3.479052E+0	8.242589E+0	3.384087E-1	2.336409E+3	-1.841971E+3	4.594560E+3	-2.999861E+3	6.460581E+3	-1.061890E+4	7.621188E+3	-1.732550E+4
5.430000E+1	8.252116E+0	3.456837E+0	8.252544E+0	3.385103E-1	2.336575E+3	-1.841805E+3	4.594560E+3	-2.999695E+3	6.460415E+3	-1.061890E+4	7.621519E+3	-1.732533E+4
5.431000E+1	8.262064E+0	3.577323E+0	8.262492E+0	3.386118E-1	2.336740E+3	-1.841640E+3	4.594560E+3	-2.999530E+3	6.460250E+3	-1.061890E+4	7.621850E+3	-1.732516E+4
5.432000E+1	8.272063E+0	3.551793E+0	8.272491E+0	3.387139E-1	2.336906E+3	-1.841474E+3	4.594560E+3	-2.999364E+3	6.460084E+3	-1.061890E+4	7.622182E+3	-1.732499E+4
5.433000E+1	8.282421E+0	3.574454E+0	8.282849E+0	3.388196E-1	2.337071E+3	-1.841309E+3	4.594560E+3	-2.999199E+3	6.459919E+3	-1.061890E+4	7.622513E+3	-1.732482E+4
5.434000E+1	8.292552E+0	3.526994E+0	8.292980E+0	3.389229E-1	2.337237E+3	-1.841143E+3	4.594560E+3	-2.999033E+3	6.459753E+3	-1.061890E+4	7.622844E+3	-1.732465E+4
5.435000E+1	8.302564E+0	3.624470E+0	8.302992E+0	3.390251E-1	2.337403E+3	-1.840977E+3	4.594560E+3	-2.998867E+3	6.459587E+3	-1.061890E+4	7.623175E+3	-1.732448E+4
5.436000E+1	8.312800E+0	3.604814E+0	8.313228E+0	3.391296E-1	2.337568E+3	-1.840812E+3	4.594560E+3	-2.998702E+3	6.459422E+3	-1.061890E+4	7.623507E+3	-1.732431E+4
5.437000E+1	8.322665E+0	3.520635E+0	8.323093E+0	3.392302E-1	2.337734E+3	-1.840646E+3	4.594560E+3	-2.998536E+3	6.459256E+3	-1.061890E+4	7.623838E+3	-1.732414E+4
5.438000E+1	8.332123E+0	3.513350E+0	8.332551E+0	3.393267E-1	2.337899E+3	-1.840481E+3	4.594560E+3	-2.998371E+3	6.459091E+3	-1.061890E+4	7.624169E+3	-1.732397E+4
5.439000E+1	8.341566E+0	3.571368E+0	8.341994E+0	3.394231E-1	2.336639E+3	-1.839086E+3	4.593229E+3	-2.998300E+3	6.457689E+3	-1.062293E+4	7.620316E+3	-1.732656E+4
5.440000E+1	8.351250E+0	3.623176E+0	8.351678E+0	3.395219E-1	2.336120E+3	-1.839366E+3	4.593510E+3	-2.997500E+3	6.456370E+3	-1.062290E+4	7.618760E+3	-1.732842E+4
5.441000E+1	8.361298E+0	3.548197E+0	8.361726E+0	3.396244E-1	2.336120E+3	-1.840391E+3	4.594541E+3	-2.996469E+3	6.455339E+3	-1.062084E+4	7.618760E+3	-1.732948E+4
5.442000E+1	8.371670E+0	3.472179E+0	8.372098E+0	3.397303E-1	2.336120E+3	-1.840410E+3	4.593802E+3	-2.997208E+3	6.454562E+3	-1.062002E+4	7.617243E+3	-1.732872E+4
5.443000E+1	8.382023E+0	3.543663E+0	8.382451E+0	3.398359E-1	2.336120E+3	-1.840410E+3	4.593029E+3	-2.997981E+3	6.453789E+3	-1.061923E+4	7.615698E+3	-1.732793E+4
5.444000E+1	8.392610E+0	3.649856E+0	8.393039E+0	3.399439E-1	2.336271E+3	-1.840864E+3	4.592861E+3	-2.998451E+3	6.453470E+3	-1.061906E+4	7.614606E+3	-1.732760E+4
5.445000E+1	8.403148E+0	3.551860E+0	8.403576E+0	3.400515E-1	2.336529E+3	-1.841637E+3	4.593119E+3	-2.998709E+3	6.453470E+3	-1.061932E+4	7.613833E+3	-1.732760E+4
5.446000E+1	8.412865E+0	3.460804E+0	8.413294E+0	3.401506E-1	2.336787E+3	-1.842410E+3	4.593377E+3	-2.998967E+3	6.453470E+3	-1.061958E+4	7.613060E+3	-1.732760E+4
5.447000E+1	8.422362E+0	3.499360E+0	8.422790E+0	3.402475E-1	2.337044E+3	-1.843183E+3	4.593634E+3	-2.999224E+3	6.453470E+3	-1.061985E+4	7.612287E+3	-1.732760E+4
5.448000E+1	8.431990E+0	3.699111E+0	8.432418E+0	3.403458E-1	2.337302E+3	-1.843956E+3	4.593892E+3	-2.999482E+3	6.453470E+3	-1.062011E+4	7.611514E+3	-1.732760E+4
5.449000E+1	8.441999E+0	3.674638E+0	8.442427E+0	3.404479E-1	2.337560E+3	-1.844729E+3	4.594150E+3	-2.999740E+3	6.453470E+3	-1.062038E+4	7.610741E+3	-1.732760E+4
5.450000E+1	8.452119E+0	3.547965E+0	8.452547E+0	3.405512E-1	2.337817E+3	-1.845502E+3	4.594407E+3	-2.999997E+3	6.453470E+3	-1.062064E+4	7.609968E+3	-1.732760E+4
5.451000E+1	8.462037E+0	3.473832E+0	8.462465E+0	3.406524E-1	2.337573E+3	-1.845761E+3	4.594163E+3	-3.000349E+3	6.453470E+3	-1.062040E+4	7.609907E+3	-1.732741E+4
5.452000E+1	8.471790E+0	3.569005E+0	8.472218E+0	3.407519E-1	2.336597E+3	-1.845273E+3	4.593187E+3	-3.000837E+3	6.453470E+3	-1.061943E+4	7.610883E+3	-1.732693E+4
5.453000E+1	8.481132E+0	3.662965E+0	8.481560E+0	3.408472E-1	2.335620E+3	-1.844785E+3	4.592210E+3	-3.001325E+3	6.453470E+3	-1.061845E+4	7.611860E+3	-1.732646E+4
5.454000E+1	8.490438E+0	3.567159E+0	8.490866E+0	3.409422E-1	2.334644E+3	-1.844297E+3	4.591234E+3	-3.001813E+3	6.453470E+3	-1.061747E+4	7.612836E+3	-1.732598E+4
5.455000E+1	8.499844E+0	3.482409E+0	8.500272E+0	3.410382E-1	2.334543E+3	-1.843837E+3	4.590587E+3	-3.001727E+3	6.453470E+3	-1.061737E+4	7.613483E+3	-1.732580E+4
5.456000E+1	8.509006E+0	3.549093E+0	8.509434E+0	3.411317E-1	2.334984E+3	-1.843396E+3	4.590146E+3	-3.001286E+3	6.453470E+3	-1.061779E+4	7.613924E+3	-1.732580E+4
5.457000E+1	8.517740E+0	3.583119E+0	8.518168E+0	3.412208E-1	2.335426E+3	-1.842954E+3	4.589704E+3	-3.000844E+3	6.453470E+3	-1.061822E+4	7.614366E+3	-1.732580E+4
5.458000E+1	8.526434E+0	3.583685E+0	8.526862E+0	3.413095E-1	2.335867E+3	-1.842513E+3	4.589263E+3	-3.000403E+3	6.453470E+3	-1.061865E+4	7.614807E+3	-1.732580E+4
5.459000E+1	8.534916E+0	3.550968E+0	8.535344E+0	3.413960E-1	2.335789E+3	-1.842260E+3	4.589341E+3	-3.000150E+3	6.452810E+3	-1.061956E+4	7.614067E+3	-1.732612E+4
5.460000E+1	8.543731E+0	3.602904E+0	8.544159E+0	3.414860E-1	2.335016E+3	-1.842260E+3	4.590114E+3	-3.000150E+3	6.451268E+3	-1.062111E+4	7.611749E+3	-1.732687E+4
5.461000E+1	8.553064E+0	3.704502E+0	8.553492E+0	3.415812E-1	2.334270E+3	-1.842279E+3	4.590860E+3	-3.000131E+3	6.449761E+3	-1.062256E+4	7.609529E+3	-1.732762E+4
5.462000E+1	8.562994E+0	3.604505E+0	8.563422E+0	3.416826E-1	2.334270E+3	-1.842841E+3	4.590860E+3	-2.999569E+3	6.449199E+3	-1.062144E+4	7.610091E+3	-1.732820E+4
5.463000E+1	8.572844E+0	3.553775E+0	8.573272E+0	3.417831E-1	2.334270E+3	-1.843404E+3	4.590860E+3	-2.999006E+3	6.448636E+3	-1.062031E+4	7.610654E+3	-1.732877E+4
5.464000E+1	8.582412E+0	3.505137E+0	8.582840E+0	3.418807E-1	2.334270E+3	-1.843966E+3	4.590860E+3	-2.998444E+3	6.448074E+3	-1.061919E+4	7.611216E+3	-1.732935E+4
5.465000E+1	8.592170E+0	3.556425E+0	8.592598E+0	3.419803E-1	2.334570E+3	-1.843511E+3	4.591160E+3	-2.998899E+3	6.447630E+3	-1.061890E+4	7.610461E+3	-1.732950E+4
5.466000E+1	8.601688E+0	3.532431E+0	8.602116E+0	3.420774E-1	2.334973E+3	-1.842704E+3	4.591563E+3	-2.999706E+3	6.447227E+3	-1.061890E+4	7.609251E+3	-1.732950E+4
5.467000E+1	8.611533E+0	3.480013E+0	8.611961E+0	3.421778E-1	2.335376E+3	-1.841897E+3	4.591966E+3	-3.000513E+3	6.446824E+3	-1.061890E+4	7.608041E+3	-1.732950E+4
5.468000E+1	8.621384E+0	3.528937E+0	8.621812E+0	3.422784E-1	2.335780E+3	-1.841091E+3	4.592370E+3	-3.001319E+3	6.446420E+3	-1.061890E+4	7.606831E+3	-1.732950E+4
5.469000E+1	8.631733E+0	3.625529E+0	8.632161E+0	3.423840E-1	2.336120E+3	-1.840500E+3	4.592620E+3	-3.002090E+3	6.446080E+3	-1.061890E+4	7.605540E+3	-1.732950E+4
5.470000E+1	8.642109E+0	3.654419E+0	8.642537E+0	3.424898E-1	2.336120E+3	-1.841080E+3	4.592040E+3	-3.002670E+3	6.446080E+3	-1.061890E+4	7.603804E+3	-1.732950E+4
5.471000E+1	8.652158E+0	3.569404E+0	8.652586E+0	3.425924E-1	2.336120E+3	-1.841660E+3	4.591460E+3	-3.003250E+3	6.446080E+3	-1.061890E+4	7.602068E+3	-1.732950E+4
5.472000E+1	8.662056E+0	3.513601E+0	8.662484E+0	3.426934E-1	2.336120E+3	-1.842239E+3	4.590881E+3	-3.003829E+3	6.446080E+3	-1.061890E+4	7.600332E+3	-1.732950E+4
5.473000E+1	8.671922E+0	3.565454E+0	8.672350E+0	3.427941E-1	2.336120E+3	-1.842498E+3	4.591098E+3	-3.003850E+3	6.446080E+3	-1.061867E+4	7.600983E+3	-1.732950E+4
5.474000E+1	8.681782E+0	3.653361E+0	8.682210E+0	3.428947E-1	2.336120E+3	-1.842745E+3	4.591345E+3	-3.003850E+3	6.446080E+3	-1.061843E+4	7.601723E+3	-1.732950E+4
5.475000E+1	8.691478E+0	3.598521E+0	8.691906E+0	3.429936E-1	2.336120E+3	-1.842992E+3	4.591592E+3	-3.003850E+3	6.446080E+3	-1.061819E+4	7.602463E+3	-1.732950E+4
5.476000E+1	8.701247E+0	3.499300E+0	8.701675E+0	3.430933E-1	2.336120E+3	-1.843240E+3	4.591840E+3	-3.003850E+3	6.446080E+3	-1.061795E+4	7.603203E+3	-1.732950E+4
5.477000E+1	8.710606E+0	3.508535E+0	8.711034E+0	3.431888E-1	2.336120E+3	-1.843487E+3	4.592087E+3	-3.003850E+3	6.446080E+3	-1.061771E+4	7.603943E+3	-1.732950E+4
5.478000E+1	8.719775E+0	3.685062E+0	8.720203E+0	3.432824E-1	2.336120E+3	-1.843734E+3	4.592334E+3	-3.003850E+3	6.446080E+3	-1.061747E+4	7.604683E+3	-1.732950E+4
5.479000E+1	8.729506E+0	3.620398E+0	8.729934E+0	3.433817E-1	2.336120E+3	-1.843981E+3	4.592581E+3	-3.003850E+3	6.446080E+3	-1.061723E+4	7.605423E+3	-1.732950E+4
5.480000E+1	8.739593E+0	3.517882E+0	8.740021E+0	3.434846E-1	2.337891E+3	-1.838808E+3	4.590939E+3	-3.002079E+3	6.446080E+3	-1.061882E+4	7.604039E+3	-1.732768E+4
5.481000E+1	8.749833E+0	3.526584E+0	8.750261E+0	3.435891E-1	2.337648E+3	-1.838570E+3	4.590860E+3	-3.001893E+3	6.445973E+3	-1.061901E+4	7.603746E+3	-1.732771E+4
5.482000E+1	8.759822E+0	3.671218E+0	8.760250E+0	3.436910E-1	2.337320E+3	-1.838570E+3	4.590860E+3	-3.001783E+3	6.445863E+3	-1.061912E+4	7.603527E+3	-1.732782E+4
5.483000E+1	8.770121E+0	3.690748E+0	8.770549E+0	3.437961E-1	2.336991E+3	-1.838570E+3	4.590860E+3	-3.001673E+3	6.445753E+3	-1.061924E+4	7.603308E+3	-1.732794E+4
5.484000E+1	8.780475E+0	3.526244E+0	8.780903E+0	3.439017E-1	2.336662E+3	-1.838570E+3	4.590860E+3	-3.001563E+3	6.445643E+3	-1.061935E+4	7.603089E+3	-1.732805E+4
5.485000E+1	8.790648E+0	3.436069E+0	8.791076E+0	3.440056E-1	2.336334E+3	-1.838570E+3	4.590860E+3	-3.001454E+3	6.445534E+3	-1.061946E+4	7.602870E+3	-1.732816E+4
5.486000E+1	8.801290E+0	3.519326E+0	8.801719E+0	3.441141E-1	2.336005E+3	-1.838570E+3	4.590860E+3	-3.001344E+3	6.445424E+3	-1.061957E+4	7.602651E+3	-1.732827E+4
5.487000E+1	8.812637E+0	3.669065E+0	8.813065E+0	3.442299E-1	2.335676E+3	-1.838570E+3	4.590860E+3	-3.001234E+3	6.445314E+3	-1.061969E+4	7.602432E+3	-1.732839E+4
5.488000E+1	8.823772E+0	3.652683E+0	8.824200E+0	3.443436E-1	2.335348E+3	-1.838570E+3	4.590860E+3	-3.001124E+3	6.445204E+3	-1.061980E+4	7.602213E+3	-1.732850E+4
5.489000E+1	8.835122E+0	3.533463E+0	8.835550E+0	3.444594E-1	2.335019E+3	-1.838570E+3	4.590860E+3	-3.001015E+3	6.445095E+3	-1.061991E+4	7.601994E+3	-1.732861E+4
5.490000E+1	8.845813E+0	3.515466E+0	8.846241E+0	3.445685E-1	2.334690E+3	-1.838570E+3	4.590860E+3	-3.000905E+3	6.444985E+3	-1.062002E+4	7.601775E+3	-1.732872E+4
5.491000E+1	8.855599E+0	3.674838E+0	8.856027E+0	3.446683E-1	2.334361E+3	-1.838570E+3	4.590860E+3	-3.000795E+3	6.444875E+3	-1.062014E+4	7.601556E+3	-1.732884E+4
5.492000E+1	8.865364E+0	3.662187E+0	8.865792E+0	3.447680E-1	2.334033E+3	-1.838570E+3	4.590860E+3	-3.000685E+3	6.444765E+3	-1.062025E+4	7.601338E+3	-1.732895E+4
5.493000E+1	8.874610E+0	3.599693E+0	8.875038E+0	3.448623E-1	2.333704E+3	-1.838570E+3	4.590860E+3	-3.000575E+3	6.444655E+3	-1.062036E+4	7.601119E+3	-1.732906E+4
5.494000E+1	8.883847E+0	3.548022E+0	8.884275E+0	3.449566E-1	2.333375E+3	-1.838570E+3	4.590860E+3	-3.000466E+3	6.444546E+3	-1.062048E+4	7.600900E+3	-1.732918E+4
5.495000E+1	8.893058E+0	3.659555E+0	8.893486E+0	3.450505E-1	2.333047E+3	-1.838570E+3	4.590860E+3	-3.000356E+3	6.444436E+3	-1.062059E+4	7.600681E+3	-1.732929E+4
5.496000E+1	8.902093E+0	3.664716E+0	8.902521E+0	3.451427E-1	2.332718E+3	-1.838570E+3	4.590860E+3	-3.000246E+3	6.444326E+3	-1.062070E+4	7.600462E+3	-1.732940E+4
5.497000E+1	8.911630E+0	3.575960E+0	8.912058E+0	3.452401E-1	2.336059E+3	-1.838539E+3	4.589010E+3	-3.002031E+3	6.440499E+3	-1.061713E+4	7.596478E+3	-1.732950E+4
5.498000E+1	8.920919E+0	3.582428E+0	8.921347E+0	3.453348E-1	2.335566E+3	-1.838292E+3	4.589010E+3	-3.002278E+3	6.440252E+3	-1.061737E+4	7.595736E+3	-1.732950E+4
5.499000E+1	8.930152E+0	3.607041E+0	8.930580E+0	3.454291E-1	2.335072E+3	-1.838045E+3	4.589010E+3	-3.002525E+3	6.440005E+3	-1.061761E+4	7.594994E+3	-1.732950E+4
5.500000E+1	8.939194E+0	3.687953E+0	8.939622E+0	3.455213E-1	2.334579E+3	-1.837797E+3	4.589010E+3	-3.002773E+3	6.439757E+3	-1.061785E+4	7.594252E+3	-1.732950E+4
5.501000E+1	8.948169E+0	3.678372E+0	8.948597E+0	3.456129E-1	2.334086E+3	-1.837550E+3	4.589010E+3	-3.003020E+3	6.439510E+3	-1.061809E+4	7.593510E+3	-1.732950E+4
5.502000E+1	8.957393E+0	3.585189E+0	8.957821E+0	3.457070E-1	2.333592E+3	-1.837303E+3	4.589010E+3	-3.003267E+3	6.439263E+3	-1.061833E+4	7.592768E+3	-1.732950E+4
5.503000E+1	8.967025E+0	3.564998E+0	8.967453E+0	3.458053E-1	2.333099E+3	-1.837055E+3	4.589010E+3	-3.003515E+3	6.439015E+3	-1.061857E+4	7.592026E+3	-1.732950E+4
5.504000E+1	8.976649E+0	3.675130E+0	8.977077E+0	3.459035E-1	2.332606E+3	-1.836808E+3	4.589010E+3	-3.003762E+3	6.438768E+3	-1.061881E+4	7.591285E+3	-1.732950E+4
5.505000E+1	8.986394E+0	3.628985E+0	8.986822E+0	3.460030E-1	2.332563E+3	-1.836854E+3	4.588876E+3	-3.003850E+3	6.438546E+3	-1.061863E+4	7.591422E+3	-1.732963E+4
5.506000E+1	8.996047E+0	3.588167E+0	8.996475E+0	3.461015E-1	2.332771E+3	-1.837063E+3	4.588667E+3	-3.003850E+3	6.438337E+3	-1.061821E+4	7.592048E+3	-1.732983E+4
5.507000E+1	9.005804E+0	3.584641E+0	9.006232E+0	3.462010E-1	2.332978E+3	-1.837271E+3	4.588459E+3	-3.003850E+3	6.438129E+3	-1.061780E+4	7.592673E+3	-1.733004E+4
5.508000E+1	9.015473E+0	3.697058E+0	9.015901E+0	3.462997E-1	2.333185E+3	-1.837479E+3	4.588251E+3	-3.003850E+3	6.437921E+3	-1.061738E+4	7.593298E+3	-1.733024E+4
5.509000E+1	9.025170E+0	3.568852E+0	9.025598E+0	3.463986E-1	2.333393E+3	-1.837688E+3	4.588042E+3	-3.003850E+3	6.437712E+3	-1.061696E+4	7.593923E+3	-1.733044E+4
5.510000E+1	9.035512E+0	3.548488E+0	9.035940E+0	3.465042E-1	2.333600E+3	-1.837896E+3	4.587834E+3	-3.003850E+3	6.437504E+3	-1.061655E+4	7.594549E+3	-1.733064E+4
5.511000E+1	9.045891E+0	3.595944E+0	9.046319E+0	3.466101E-1	2.333807E+3	-1.838105E+3	4.587625E+3	-3.003850E+3	6.437295E+3	-1.061613E+4	7.595174E+3	-1.733085E+4
5.512000E+1	9.055670E+0	3.633440E+0	9.056098E+0	3.467099E-1	2.334014E+3	-1.838313E+3	4.587417E+3	-3.003850E+3	6.437087E+3	-1.061571E+4	7.595799E+3	-1.733105E+4
5.513000E+1	9.065195E+0	3.622902E+0	9.065623E+0	3.468071E-1	2.334222E+3	-1.838522E+3	4.587208E+3	-3.003850E+3	6.436878E+3	-1.061530E+4	7.596425E+3	-1.733125E+4
5.514000E+1	9.074677E+0	3.545282E+0	9.075105E+0	3.469038E-1	2.332430E+3	-1.842727E+3	4.589010E+3	-3.002233E+3	6.432897E+3	-1.061867E+4	7.592637E+3	-1.733343E+4
5.515000E+1	9.084210E+0	3.510101E+0	9.084638E+0	3.470011E-1	2.332430E+3	-1.843335E+3	4.589010E+3	-3.002537E+3	6.432593E+3	-1.061838E+4	7.592333E+3	-1.733372E+4
5.516000E+1	9.093852E+0	3.611143E+0	9.094280E+0	3.470995E-1	2.332430E+3	-1.843943E+3	4.589010E+3	-3.002842E+3	6.432288E+3	-1.061808E+4	7.592028E+3	-1.733402E+4
5.517000E+1	9.103489E+0	3.682137E+0	9.103917E+0	3.471978E-1	2.332430E+3	-1.844551E+3	4.589010E+3	-3.003146E+3	6.431984E+3	-1.061779E+4	7.591724E+3	-1.733431E+4
5.518000E+1	9.113295E+0	3.585956E+0	9.113723E+0	3.472979E-1	2.332430E+3	-1.845159E+3	4.589010E+3	-3.003450E+3	6.431680E+3	-1.061749E+4	7.591420E+3	-1.733461E+4
5.519000E+1	9.123175E+0	3.522126E+0	9.123603E+0	3.473987E-1	2.332430E+3	-1.845768E+3	4.589010E+3	-3.003754E+3	6.431376E+3	-1.061719E+4	7.591116E+3	-1.733491E+4
5.520000E+1	9.132961E+0	3.631992E+0	9.133389E+0	3.474985E-1	2.333722E+3	-1.843007E+3	4.587160E+3	-3.005700E+3	6.429981E+3	-1.061710E+4	7.583069E+3	-1.733210E+4
5.521000E+1	9.142788E+0	3.748962E+0	9.143216E+0	3.475988E-1	2.332919E+3	-1.841394E+3	4.587160E+3	-3.005700E+3	6.430788E+3	-1.061710E+4	7.582262E+3	-1.733048E+4
5.522000E+1	9.152832E+0	3.591412E+0	9.153260E+0	3.477013E-1	2.332574E+3	-1.840555E+3	4.587305E+3	-3.005555E+3	6.431280E+3	-1.061695E+4	7.582059E+3	-1.732950E+4
5.523000E+1	9.162911E+0	3.501911E+0	9.163339E+0	3.478042E-1	2.332943E+3	-1.840926E+3	4.587676E+3	-3.005184E+3	6.431280E+3	-1.061657E+4	7.582801E+3	-1.732950E+4
5.524000E+1	9.172789E+0	3.539828E+0	9.173217E+0	3.479049E-1	2.333312E+3	-1.841297E+3	4.588047E+3	-3.004813E+3	6.431280E+3	-1.061619E+4	7.583543E+3	-1.732950E+4
5.525000E+1	9.182678E+0	3.639968E+0	9.183106E+0	3.480059E-1	2.333681E+3	-1.841668E+3	4.588418E+3	-3.004442E+3	6.431280E+3	-1.061581E+4	7.584285E+3	-1.732950E+4
5.526000E+1	9.193484E+0	3.612425E+0	9.193912E+0	3.481161E-1	2.334050E+3	-1.842039E+3	4.588789E+3	-3.004071E+3	6.431280E+3	-1.061543E+4	7.585027E+3	-1.732950E+4
5.527000E+1	9.204449E+0	3.553788E+0	9.204877E+0	3.482280E-1	2.334022E+3	-1.841513E+3	4.588761E+3	-3.003850E+3	6.430781E+3	-1.061595E+4	7.584971E+3	-1.732974E+4
5.528000E+1	9.215094E+0	3.602061E+0	9.215522E+0	3.483366E-1	2.333407E+3	-1.839662E+3	4.588142E+3	-3.003850E+3	6.429545E+3	-1.061783E+4	7.583735E+3	-1.733034E+4
5.529000E+1	9.225809E+0	3.640085E+0	9.226237E+0	3.484460E-1	2.332792E+3	-1.837810E+3	4.587524E+3	-3.003850E+3	6.428308E+3	-1.061970E+4	7.582498E+3	-1.733095E+4
5.530000E+1	9.236641E+0	3.664673E+0	9.237069E+0	3.485565E-1	2.332430E+3	-1.836720E+3	4.587319E+3	-3.003850E+3	6.427580E+3	-1.062064E+4	7.581770E+3	-1.733146E+4
5.531000E+1	9.247651E+0	3.619021E+0	9.248079E+0	3.486688E-1	2.332430E+3	-1.836720E+3	4.587705E+3	-3.003850E+3	6.427580E+3	-1.062024E+4	7.581770E+3	-1.733186E+4
5.532000E+1	9.257847E+0	3.588491E+0	9.258275E+0	3.487729E-1	2.332430E+3	-1.836720E+3	4.588092E+3	-3.003850E+3	6.427580E+3	-1.061984E+4	7.581770E+3	-1.733226E+4
5.533000E+1	9.267410E+0	3.656631E+0	9.267838E+0	3.488705E-1	2.332430E+3	-1.836720E+3	4.588478E+3	-3.003850E+3	6.427580E+3	-1.061945E+4	7.581770E+3	-1.733265E+4
5.534000E+1	9.277110E+0	3.670574E+0	9.277538E+0	3.489695E-1	2.332430E+3	-1.836720E+3	4.588865E+3	-3.003850E+3	6.427580E+3	-1.061905E+4	7.581770E+3	-1.733305E+4
5.535000E+1	9.287101E+0	3.612334E+0	9.287530E+0	3.490714E-1	2.332790E+3	-1.838165E+3	4.589010E+3	-3.004212E+3	6.427218E+3	-1.061855E+4	7.581408E+3	-1.733320E+4
5.536000E+1	9.297061E+0	3.537094E+0	9.297489E+0	3.491730E-1	2.333366E+3	-1.840480E+3	4.589010E+3	-3.004791E+3	6.426639E+3	-1.061798E+4	7.580829E+3	-1.733320E+4
5.537000E+1	9.307014E+0	3.485313E+0	9.307442E+0	3.492746E-1	2.333943E+3	-1.842796E+3	4.589010E+3	-3.005371E+3	6.426059E+3	-1.061742E+4	7.580249E+3	-1.733320E+4
5.538000E+1	9.316536E+0	3.726166E+0	9.316964E+0	3.493718E-1	2.334430E+3	-1.843950E+3	4.588850E+3	-3.005860E+3	6.425570E+3	-1.061726E+4	7.579439E+3	-1.733304E+4
5.539000E+1	9.325973E+0	3.662714E+0	9.326401E+0	3.494680E-1	2.334801E+3	-1.843579E+3	4.588479E+3	-3.006231E+3	6.425199E+3	-1.061762E+4	7.578326E+3	-1.733265E+4
5.540000E+1	9.335556E+0	3.543740E+0	9.335984E+0	3.495658E-1	2.335172E+3	-1.843208E+3	4.588108E+3	-3.006602E+3	6.424828E+3	-1.061798E+4	7.577213E+3	-1.733227E+4
5.541000E+1	9.345501E+0	3.547501E+0	9.345929E+0	3.496673E-1	2.335543E+3	-1.842837E+3	4.587737E+3	-3.006973E+3	6.424457E+3	-1.061834E+4	7.576100E+3	-1.733189E+4
5.542000E+1	9.355592E+0	3.693148E+0	9.356020E+0	3.497703E-1	2.335914E+3	-1.842466E+3	4.587366E+3	-3.007344E+3	6.424086E+3	-1.061870E+4	7.574987E+3	-1.733151E+4
5.543000E+1	9.365230E+0	3.731408E+0	9.365658E+0	3.498686E-1	2.336069E+3	-1.842260E+3	4.587160E+3	-3.007550E+3	6.423829E+3	-1.061885E+4	7.574319E+3	-1.733130E+4
5.544000E+1	9.374376E+0	3.647508E+0	9.374804E+0	3.499620E-1	2.335953E+3	-1.842260E+3	4.587160E+3	-3.007550E+3	6.423713E+3	-1.061874E+4	7.574203E+3	-1.733130E+4
5.545000E+1	9.382731E+0	3.565719E+0	9.383159E+0	3.500472E-1	2.335838E+3	-1.842260E+3	4.587160E+3	-3.007550E+3	6.423598E+3	-1.061863E+4	7.574088E+3	-1.733130E+4
5.546000E+1	9.390663E+0	3.679587E+0	9.391091E+0	3.501282E-1	2.335723E+3	-1.842260E+3	4.587160E+3	-3.007550E+3	6.423483E+3	-1.061851E+4	7.573973E+3	-1.733130E+4
5.547000E+1	9.398947E+0	3.695518E+0	9.399375E+0	3.502127E-1	2.335608E+3	-1.842260E+3	4.587160E+3	-3.007550E+3	6.423368E+3	-1.061840E+4	7.573858E+3	-1.733130E+4
5.548000E+1	9.407657E+0	3.633657E+0	9.408085E+0	3.503016E-1	2.335493E+3	-1.842260E+3	4.587160E+3	-3.007550E+3	6.423253E+3	-1.061829E+4	7.573743E+3	-1.733130E+4
5.549000E+1	9.416046E+0	3.521569E+0	9.416474E+0	3.503872E-1	2.335377E+3	-1.842260E+3	4.587160E+3	-3.007550E+3	6.423137E+3	-1.061818E+4	7.573627E+3	-1.733130E+4
5.550000E+1	9.424726E+0	3.582243E+0	9.425154E+0	3.504757E-1	2.335262E+3	-1.842260E+3	4.587160E+3	-3.007550E+3	6.423022E+3	-1.061807E+4	7.573512E+3	-1.733130E+4
5.551000E+1	9.433878E+0	3.754891E+0	9.434306E+0	3.505691E-1	2.335147E+3	-1.842260E+3	4.587160E+3	-3.007550E+3	6.422907E+3	-1.061795E+4	7.573397E+3	-1.733130E+4
5.552000E+1	9.443813E+0	3.650401E+0	9.444241E+0	3.506705E-1	2.335032E+3	-1.842260E+3	4.587160E+3	-3.007550E+3	6.422792E+3	-1.061784E+4	7.573282E+3	-1.733130E+4
5.553000E+1	9.454889E+0	3.563106E+0	9.455317E+0	3.507835E-1	2.334916E+3	-1.842260E+3	4.587160E+3	-3.007550E+3	6.422676E+3	-1.061773E+4	7.573166E+3	-1.733130E+4
5.554000E+1	9.466125E+0	3.558448E+0	9.466553E+0	3.508982E-1	2.334801E+3	-1.842260E+3	4.587160E+3	-3.007550E+3	6.422561E+3	-1.061762E+4	7.573051E+3	-1.733130E+4
5.555000E+1	9.477216E+0	3.693891E+0	9.477644E+0	3.510113E-1	2.334686E+3	-1.842260E+3	4.587160E+3	-3.007550E+3	6.422446E+3	-1.061750E+4	7.572936E+3	-1.733130E+4
5.556000E+1	9.487905E+0	3.690304E+0	9.488333E+0	3.511204E-1	2.334571E+3	-1.842260E+3	4.587160E+3	-3.007550E+3	6.422331E+3	-1.061739E+4	7.572821E+3	-1.733130E+4
5.557000E+1	9.498117E+0	3.584174E+0	9.498545E+0	3.512246E-1	2.334456E+3	-1.842260E+3	4.587160E+3	-3.007550E+3	6.422216E+3	-1.061728E+4	7.572706E+3	-1.733130E+4
5.558000E+1	9.508172E+0	3.564441E+0	9.508600E+0	3.513272E-1	2.334340E+3	-1.842260E+3	4.587160E+3	-3.007550E+3	6.422100E+3	-1.061717E+4	7.572590E+3	-1.733130E+4
5.559000E+1	9.517780E+0	3.611739E+0	9.518208E+0	3.514253E-1	2.332430E+3	-1.838741E+3	4.585396E+3	-3.004022E+3	6.416308E+3	-1.061710E+4	7.570498E+3	-1.733500E+4
5.560000E+1	9.526834E+0	3.691320E+0	9.527262E+0	3.515177E-1	2.332430E+3	-1.839182E+3	4.585617E+3	-3.004463E+3	6.415867E+3	-1.061710E+4	7.570057E+3	-1.733500E+4
5.561000E+1	9.536363E+0	3.686715E+0	9.536791E+0	3.516149E-1	2.332430E+3	-1.839622E+3	4.585837E+3	-3.004905E+3	6.415425E+3	-1.061710E+4	7.569615E+3	-1.733500E+4
5.562000E+1	9.545922E+0	3.590792E+0	9.546350E+0	3.517124E-1	2.332430E+3	-1.840063E+3	4.586058E+3	-3.005347E+3	6.414983E+3	-1.061710E+4	7.569173E+3	-1.733500E+4
5.563000E+1	9.555699E+0	3.614093E+0	9.556127E+0	3.518122E-1	2.332430E+3	-1.840503E+3	4.586279E+3	-3.005788E+3	6.414542E+3	-1.061710E+4	7.568732E+3	-1.733500E+4
5.564000E+1	9.565244E+0	3.691701E+0	9.565672E+0	3.519096E-1	2.332430E+3	-1.840944E+3	4.586500E+3	-3.006230E+3	6.414100E+3	-1.061710E+4	7.568290E+3	-1.733500E+4
5.565000E+1	9.574611E+0	3.645678E+0	9.575039E+0	3.520052E-1	2.332430E+3	-1.841384E+3	4.586721E+3	-3.006672E+3	6.413658E+3	-1.061710E+4	7.567848E+3	-1.733500E+4
5.566000E+1	9.584422E+0	3.623801E+0	9.584850E+0	3.521053E-1	2.332430E+3	-1.841824E+3	4.586942E+3	-3.007113E+3	6.413217E+3	-1.061710E+4	7.567407E+3	-1.733500E+4
5.567000E+1	9.594515E+0	3.644038E+0	9.594943E+0	3.522083E-1	2.332430E+3	-1.842255E+3	4.587155E+3	-3.007555E+3	6.412775E+3	-1.061710E+4	7.566949E+3	-1.733500E+4
5.568000E+1	9.604542E+0	3.703839E+0	9.604970E+0	3.523106E-1	2.332430E+3	-1.841779E+3	4.586679E+3	-3.008031E+3	6.412299E+3	-1.061710E+4	7.565048E+3	-1.733500E+4
5.569000E+1	9.614876E+0	3.576105E+0	9.615305E+0	3.524160E-1	2.332430E+3	-1.841304E+3	4.586204E+3	-3.008506E+3	6.411824E+3	-1.061710E+4	7.563147E+3	-1.733500E+4
5.570000E+1	9.625468E+0	3.548507E+0	9.625896E+0	3.525241E-1	2.332430E+3	-1.840829E+3	4.585729E+3	-3.008981E+3	6.411349E+3	-1.061710E+4	7.561246E+3	-1.733500E+4
5.571000E+1	9.636194E+0	3.628610E+0	9.636622E+0	3.526336E-1	2.332394E+3	-1.840410E+3	4.585310E+3	-3.009400E+3	6.410948E+3	-1.061708E+4	7.559606E+3	-1.733498E+4
5.572000E+1	9.646637E+0	3.723618E+0	9.647065E+0	3.527401E-1	2.332090E+3	-1.840410E+3	4.585310E+3	-3.009400E+3	6.411100E+3	-1.061693E+4	7.559910E+3	-1.733483E+4
5.573000E+1	9.656907E+0	3.685680E+0	9.657335E+0	3.528449E-1	2.331786E+3	-1.840410E+3	4.585310E+3	-3.009400E+3	6.411252E+3	-1.061677E+4	7.560214E+3	-1.733469E+4
5.574000E+1	9.667110E+0	3.597525E+0	9.667538E+0	3.529490E-1	2.331481E+3	-1.840410E+3	4.585310E+3	-3.009400E+3	6.411404E+3	-1.061661E+4	7.560519E+3	-1.733454E+4
5.575000E+1	9.677303E+0	3.608154E+0	9.677731E+0	3.530531E-1	2.331177E+3	-1.840410E+3	4.585310E+3	-3.009400E+3	6.411556E+3	-1.061646E+4	7.560823E+3	-1.733439E+4
5.576000E+1	9.687787E+0	3.724552E+0	9.688215E+0	3.531600E-1	2.330873E+3	-1.840410E+3	4.585310E+3	-3.009400E+3	6.411708E+3	-1.061630E+4	7.561127E+3	-1.733424E+4
5.577000E+1	9.697696E+0	3.708531E+0	9.698124E+0	3.532611E-1	2.330569E+3	-1.840410E+3	4.585310E+3	-3.009400E+3	6.411861E+3	-1.061614E+4	7.561431E+3	-1.733409E+4
5.578000E+1	9.707125E+0	3.662827E+0	9.707553E+0	3.533574E-1	2.330265E+3	-1.840410E+3	4.585310E+3	-3.009400E+3	6.412013E+3	-1.061599E+4	7.561735E+3	-1.733395E+4
5.579000E+1	9.716612E+0	3.556756E+0	9.717040E+0	3.534542E-1	2.329961E+3	-1.840410E+3	4.585310E+3	-3.009400E+3	6.412165E+3	-1.061583E+4	7.562039E+3	-1.733380E+4
5.580000E+1	9.726022E+0	3.607157E+0	9.726450E+0	3.535502E-1	2.329656E+3	-1.840410E+3	4.585310E+3	-3.009400E+3	6.412317E+3	-1.061568E+4	7.562344E+3	-1.733365E+4
5.581000E+1	9.735349E+0	3.726101E+0	9.735777E+0	3.536454E-1	2.329352E+3	-1.840410E+3	4.585310E+3	-3.009400E+3	6.412469E+3	-1.061552E+4	7.562648E+3	-1.733350E+4
5.582000E+1	9.744631E+0	3.615543E+0	9.745059E+0	3.537401E-1	2.329048E+3	-1.840410E+3	4.585310E+3	-3.009400E+3	6.412621E+3	-1.061536E+4	7.562952E+3	-1.733335E+4
5.583000E+1	9.754311E+0	3.596353E+0	9.754739E+0	3.538388E-1	2.328744E+3	-1.840410E+3	4.585310E+3	-3.009400E+3	6.412773E+3	-1.061521E+4	7.563256E+3	-1.733321E+4
5.584000E+1	9.764319E+0	3.606990E+0	9.764747E+0	3.539410E-1	2.330580E+3	-1.839616E+3	4.585046E+3	-3.009400E+3	6.407495E+3	-1.061736E+4	7.559305E+3	-1.733663E+4
5.585000E+1	9.774719E+0	3.736099E+0	9.775147E+0	3.540471E-1	2.331603E+3	-1.839900E+3	4.584800E+3	-3.008887E+3	6.406717E+3	-1.061710E+4	7.559057E+3	-1.733690E+4
5.586000E+1	9.785744E+0	3.686889E+0	9.786172E+0	3.541596E-1	2.332796E+3	-1.839305E+3	4.584205E+3	-3.008289E+3	6.406119E+3	-1.061710E+4	7.558459E+3	-1.733690E+4
5.587000E+1	9.796754E+0	3.574336E+0	9.797182E+0	3.542719E-1	2.333990E+3	-1.838710E+3	4.583610E+3	-3.007690E+3	6.405520E+3	-1.061710E+4	7.557860E+3	-1.733690E+4
5.588000E+1	9.807585E+0	3.624842E+0	9.808013E+0	3.543825E-1	2.333680E+3	-1.838274E+3	4.583470E+3	-3.008142E+3	6.405380E+3	-1.061710E+4	7.556833E+3	-1.733660E+4
5.589000E+1	9.818731E+0	3.698665E+0	9.819159E+0	3.544962E-1	2.332909E+3	-1.837888E+3	4.583470E+3	-3.008914E+3	6.405380E+3	-1.061710E+4	7.555673E+3	-1.733620E+4
5.590000E+1	9.829895E+0	3.662844E+0	9.830323E+0	3.546101E-1	2.332138E+3	-1.837501E+3	4.583470E+3	-3.009687E+3	6.405380E+3	-1.061710E+4	7.554514E+3	-1.733580E+4
5.591000E+1	9.840883E+0	3.653701E+0	9.841311E+0	3.547222E-1	2.331368E+3	-1.837115E+3	4.583470E+3	-3.010460E+3	6.405380E+3	-1.061710E+4	7.553355E+3	-1.733541E+4
5.592000E+1	9.851111E+0	3.637587E+0	9.851539E+0	3.548266E-1	2.330597E+3	-1.836728E+3	4.583470E+3	-3.011233E+3	6.405380E+3	-1.061710E+4	7.552195E+3	-1.733501E+4
5.593000E+1	9.860816E+0	3.705331E+0	9.861244E+0	3.549256E-1	2.331130E+3	-1.837817E+3	4.582920E+3	-3.010700E+3	6.405380E+3	-1.061600E+4	7.553270E+3	-1.733500E+4
5.594000E+1	9.870529E+0	3.710928E+0	9.870957E+0	3.550247E-1	2.331692E+3	-1.838938E+3	4.582358E+3	-3.010138E+3	6.405380E+3	-1.061488E+4	7.554394E+3	-1.733500E+4
5.595000E+1	9.880226E+0	3.654634E+0	9.880654E+0	3.551237E-1	2.332254E+3	-1.840059E+3	4.581796E+3	-3.009576E+3	6.405380E+3	-1.061375E+4	7.555518E+3	-1.733500E+4
5.596000E+1	9.889234E+0	3.650052E+0	9.889662E+0	3.552156E-1	2.332583E+3	-1.840257E+3	4.581774E+3	-3.009400E+3	6.405226E+3	-1.061355E+4	7.555870E+3	-1.733485E+4
5.597000E+1	9.897838E+0	3.649410E+0	9.898266E+0	3.553034E-1	2.332805E+3	-1.840035E+3	4.581997E+3	-3.009400E+3	6.405003E+3	-1.061377E+4	7.555870E+3	-1.733463E+4
5.598000E+1	9.906432E+0	3.744025E+0	9.906860E+0	3.553911E-1	2.333027E+3	-1.839813E+3	4.582221E+3	-3.009400E+3	6.404779E+3	-1.061398E+4	7.555870E+3	-1.733442E+4
5.599000E+1	9.915317E+0	3.661418E+0	9.915745E+0	3.554818E-1	2.333250E+3	-1.839590E+3	4.582444E+3	-3.009400E+3	6.404556E+3	-1.061420E+4	7.555870E+3	-1.733420E+4
5.600000E+1	9.924436E+0	3.597124E+0	9.924865E+0	3.555748E-1	2.333472E+3	-1.839368E+3	4.582667E+3	-3.009400E+3	6.404333E+3	-1.061442E+4	7.555870E+3	-1.733398E+4
5.601000E+1	9.933610E+0	3.690144E+0	9.934038E+0	3.556684E-1	2.333694E+3	-1.839146E+3	4.582891E+3	-3.009400E+3	6.404109E+3	-1.061464E+4	7.555870E+3	-1.733376E+4
5.602000E+1	9.942886E+0	3.794757E+0	9.943314E+0	3.557631E-1	2.333916E+3	-1.838924E+3	4.583114E+3	-3.009400E+3	6.403886E+3	-1.061485E+4	7.555870E+3	-1.733355E+4
5.603000E+1	9.952587E+0	3.662504E+0	9.953015E+0	3.558621E-1	2.334139E+3	-1.838701E+3	4.583338E+3	-3.009400E+3	6.403662E+3	-1.061507E+4	7.555870E+3	-1.733333E+4
5.604000E+1	9.962258E+0	3.566382E+0	9.962686E+0	3.559608E-1	2.333105E+3	-1.838570E+3	4.583470E+3	-3.009400E+3	6.402362E+3	-1.061637E+4	7.553538E+3	-1.733437E+4
5.605000E+1	9.971972E+0	3.657348E+0	9.972400E+0	3.560599E-1	2.330561E+3	-1.838570E+3	4.583451E+3	-3.009400E+3	6.399774E+3	-1.061888E+4	7.548442E+3	-1.733694E+4
5.606000E+1	9.981678E+0	3.738767E+0	9.982106E+0	3.561589E-1	2.330394E+3	-1.838570E+3	4.583284E+3	-3.009400E+3	6.399273E+3	-1.061872E+4	7.548108E+3	-1.733727E+4
5.607000E+1	9.991245E+0	3.708782E+0	9.991673E+0	3.562565E-1	2.330227E+3	-1.838570E+3	4.583117E+3	-3.009400E+3	6.398773E+3	-1.061856E+4	7.547774E+3	-1.733761E+4
5.608000E+1	1.000080E+1	3.669530E+0	1.000122E+1	3.563540E-1	2.330060E+3	-1.838570E+3	4.582950E+3	-3.009400E+3	6.398272E+3	-1.061839E+4	7.547440E+3	-1.733794E+4
5.609000E+1	1.001039E+1	3.629258E+0	1.001082E+1	3.564519E-1	2.329893E+3	-1.838570E+3	4.582783E+3	-3.009400E+3	6.397772E+3	-1.061823E+4	7.547105E+3	-1.733827E+4
5.610000E+1	1.002012E+1	3.704392E+0	1.002055E+1	3.565512E-1	2.329726E+3	-1.838570E+3	4.582616E+3	-3.009400E+3	6.397271E+3	-1.061807E+4	7.546771E+3	-1.733861E+4
5.611000E+1	1.002991E+1	3.786595E+0	1.003033E+1	3.566510E-1	2.329559E+3	-1.838570E+3	4.582449E+3	-3.009400E+3	6.396771E+3	-1.061791E+4	7.546437E+3	-1.733894E+4
5.612000E+1	1.003947E+1	3.664638E+0	1.003990E+1	3.567487E-1	2.329391E+3	-1.838570E+3	4.582281E+3	-3.009400E+3	6.396271E+3	-1.061774E+4	7.546103E+3	-1.733928E+4
5.613000E+1	1.004957E+1	3.627142E+0	1.005000E+1	3.568517E-1	2.329224E+3	-1.838570E+3	4.582114E+3	-3.009400E+3	6.395770E+3	-1.061758E+4	7.545769E+3	-1.733961E+4
5.614000E+1	1.006031E+1	3.687758E+0	1.006074E+1	3.569613E-1	2.329057E+3	-1.838570E+3	4.581947E+3	-3.009400E+3	6.395270E+3	-1.061742E+4	7.545434E+3	-1.733995E+4
5.615000E+1	1.007145E+1	3.758124E+0	1.007188E+1	3.570750E-1	2.328890E+3	-1.838570E+3	4.581780E+3	-3.009400E+3	6.394769E+3	-1.061726E+4	7.545100E+3	-1.734028E+4
5.616000E+1	1.008233E+1	3.721832E+0	1.008275E+1	3.571859E-1	2.330580E+3	-1.842246E+3	4.583456E+3	-3.013100E+3	6.397980E+3	-1.061517E+4	7.542958E+3	-1.733690E+4
5.617000E+1	1.009291E+1	3.648141E+0	1.009334E+1	3.572939E-1	2.330580E+3	-1.841915E+3	4.583125E+3	-3.013100E+3	6.397980E+3	-1.061451E+4	7.543620E+3	-1.733690E+4
5.618000E+1	1.010314E+1	3.661701E+0	1.010357E+1	3.573983E-1	2.330580E+3	-1.841584E+3	4.582794E+3	-3.013100E+3	6.397980E+3	-1.061385E+4	7.544283E+3	-1.733690E+4
5.619000E+1	1.011303E+1	3.710143E+0	1.011346E+1	3.574993E-1	2.330580E+3	-1.841252E+3	4.582462E+3	-3.013100E+3	6.397980E+3	-1.061318E+4	7.544945E+3	-1.733690E+4
5.620000E+1	1.012285E+1	3.723027E+0	1.012328E+1	3.575995E-1	2.330580E+3	-1.840921E+3	4.582131E+3	-3.013100E+3	6.397980E+3	-1.061252E+4	7.545608E+3	-1.733690E+4
5.621000E+1	1.013226E+1	3.669152E+0	1.013269E+1	3.576955E-1	2.330580E+3	-1.840590E+3	4.581800E+3	-3.013100E+3	6.397980E+3	-1.061186E+4	7.546270E+3	-1.733690E+4
5.622000E+1	1.014186E+1	3.611849E+0	1.014229E+1	3.577934E-1	2.330426E+3	-1.840102E+3	4.581620E+3	-3.012946E+3	6.397826E+3	-1.061181E+4	7.546630E+3	-1.733690E+4
5.623000E+1	1.015147E+1	3.696532E+0	1.015189E+1	3.578914E-1	2.330089E+3	-1.839430E+3	4.581620E+3	-3.012609E+3	6.397489E+3	-1.061248E+4	7.546630E+3	-1.733690E+4
5.624000E+1	1.016090E+1	3.761911E+0	1.016133E+1	3.579877E-1	2.329751E+3	-1.838757E+3	4.581620E+3	-3.012271E+3	6.397151E+3	-1.061316E+4	7.546630E+3	-1.733690E+4
5.625000E+1	1.017058E+1	3.688228E+0	1.017101E+1	3.580865E-1	2.329414E+3	-1.838084E+3	4.581620E+3	-3.011934E+3	6.396814E+3	-1.061383E+4	7.546630E+3	-1.733690E+4
5.626000E+1	1.018031E+1	3.592771E+0	1.018074E+1	3.581858E-1	2.329077E+3	-1.837412E+3	4.581620E+3	-3.011597E+3	6.396477E+3	-1.061451E+4	7.546630E+3	-1.733690E+4
5.627000E+1	1.019014E+1	3.658419E+0	1.019056E+1	3.582860E-1	2.328740E+3	-1.836739E+3	4.581620E+3	-3.011260E+3	6.396140E+3	-1.061518E+4	7.546630E+3	-1.733690E+4
5.628000E+1	1.020018E+1	3.825915E+0	1.020061E+1	3.583885E-1	2.328615E+3	-1.836605E+3	4.581735E+3	-3.011250E+3	6.396016E+3	-1.061532E+4	7.546286E+3	-1.733690E+4
5.629000E+1	1.021021E+1	3.679969E+0	1.021063E+1	3.584908E-1	2.328497E+3	-1.836487E+3	4.581853E+3	-3.011250E+3	6.395898E+3	-1.061544E+4	7.545931E+3	-1.733690E+4
5.630000E+1	1.022029E+1	3.555581E+0	1.022072E+1	3.585938E-1	2.328379E+3	-1.836369E+3	4.581971E+3	-3.011250E+3	6.395781E+3	-1.061556E+4	7.545577E+3	-1.733690E+4
5.631000E+1	1.023037E+1	3.585155E+0	1.023079E+1	3.586966E-1	2.328261E+3	-1.836251E+3	4.582089E+3	-3.011250E+3	6.395663E+3	-1.061568E+4	7.545222E+3	-1.733690E+4
5.632000E+1	1.024035E+1	3.744992E+0	1.024077E+1	3.587984E-1	2.328143E+3	-1.836133E+3	4.582207E+3	-3.011250E+3	6.395546E+3	-1.061580E+4	7.544868E+3	-1.733690E+4
5.633000E+1	1.025042E+1	3.794510E+0	1.025085E+1	3.589012E-1	2.328024E+3	-1.836014E+3	4.582326E+3	-3.011250E+3	6.395428E+3	-1.061592E+4	7.544513E+3	-1.733690E+4
5.634000E+1	1.026030E+1	3.708570E+0	1.026073E+1	3.590020E-1	2.327906E+3	-1.835896E+3	4.582444E+3	-3.011250E+3	6.395311E+3	-1.061605E+4	7.544159E+3	-1.733690E+4
5.635000E+1	1.026995E+1	3.642381E+0	1.027038E+1	3.591005E-1	2.327788E+3	-1.835778E+3	4.582562E+3	-3.011250E+3	6.395193E+3	-1.061617E+4	7.543804E+3	-1.733690E+4
5.636000E+1	1.027968E+1	3.782563E+0	1.028011E+1	3.591997E-1	2.327670E+3	-1.835660E+3	4.582680E+3	-3.011250E+3	6.395076E+3	-1.061629E+4	7.543450E+3	-1.733690E+4
5.637000E+1	1.028968E+1	3.764973E+0	1.029011E+1	3.593018E-1	2.327552E+3	-1.835542E+3	4.582798E+3	-3.011250E+3	6.394958E+3	-1.061641E+4	7.543096E+3	-1.733690E+4
5.638000E+1	1.029932E+1	3.703004E+0	1.029974E+1	3.594001E-1	2.327434E+3	-1.835424E+3	4.582916E+3	-3.011250E+3	6.394841E+3	-1.061653E+4	7.542741E+3	-1.733690E+4
5.639000E+1	1.030871E+1	3.650360E+0	1.030914E+1	3.594960E-1	2.327316E+3	-1.835306E+3	4.583034E+3	-3.011250E+3	6.394723E+3	-1.061665E+4	7.542387E+3	-1.733690E+4
5.640000E+1	1.031856E+1	3.688262E+0	1.031899E+1	3.595965E-1	2.327197E+3	-1.835187E+3	4.583153E+3	-3.011250E+3	6.394606E+3	-1.061677E+4	7.542032E+3	-1.733690E+4
5.641000E+1	1.032835E+1	3.821645E+0	1.032878E+1	3.596964E-1	2.327079E+3	-1.835069E+3	4.583271E+3	-3.011250E+3	6.394488E+3	-1.061690E+4	7.541678E+3	-1.733690E+4
5.642000E+1	1.033757E+1	3.698208E+0	1.033800E+1	3.597905E-1	2.326961E+3	-1.834951E+3	4.583389E+3	-3.011250E+3	6.394371E+3	-1.061702E+4	7.541323E+3	-1.733690E+4
5.643000E+1	1.034648E+1	3.663353E+0	1.034691E+1	3.598814E-1	2.330580E+3	-1.841796E+3	4.580003E+3	-3.013100E+3	6.386890E+3	-1.061316E+4	7.532296E+3	-1.734036E+4
5.644000E+1	1.035567E+1	3.667720E+0	1.035610E+1	3.599752E-1	2.330580E+3	-1.840316E+3	4.580745E+3	-3.013100E+3	6.386890E+3	-1.061240E+4	7.533779E+3	-1.733960E+4
5.645000E+1	1.036545E+1	3.743361E+0	1.036588E+1	3.600750E-1	2.330580E+3	-1.838836E+3	4.581487E+3	-3.013100E+3	6.386890E+3	-1.061164E+4	7.535263E+3	-1.733884E+4
5.646000E+1	1.037580E+1	3.713985E+0	1.037623E+1	3.601806E-1	2.330891E+3	-1.838879E+3	4.581620E+3	-3.013100E+3	6.386890E+3	-1.061212E+4	7.535219E+3	-1.733870E+4
5.647000E+1	1.038603E+1	3.632293E+0	1.038646E+1	3.602850E-1	2.331269E+3	-1.839255E+3	4.581620E+3	-3.013100E+3	6.386890E+3	-1.061288E+4	7.534841E+3	-1.733870E+4
5.648000E+1	1.039610E+1	3.663452E+0	1.039652E+1	3.603877E-1	2.331648E+3	-1.839632E+3	4.581620E+3	-3.013100E+3	6.386890E+3	-1.061364E+4	7.534462E+3	-1.733870E+4
5.649000E+1	1.040622E+1	3.762491E+0	1.040665E+1	3.604910E-1	2.332026E+3	-1.840008E+3	4.581620E+3	-3.013100E+3	6.386890E+3	-1.061439E+4	7.534084E+3	-1.733870E+4
5.650000E+1	1.041638E+1	3.729037E+0	1.041681E+1	3.605946E-1	2.332405E+3	-1.840385E+3	4.581620E+3	-3.013100E+3	6.386890E+3	-1.061515E+4	7.533705E+3	-1.733870E+4
5.651000E+1	1.042645E+1	3.668649E+0	1.042688E+1	3.606974E-1	2.331147E+3	-1.839772E+3	4.580979E+3	-3.013100E+3	6.386890E+3	-1.061458E+4	7.534321E+3	-1.733936E+4
5.652000E+1	1.043620E+1	3.575033E+0	1.043663E+1	3.607969E-1	2.329773E+3	-1.839089E+3	4.580292E+3	-3.013100E+3	6.386890E+3	-1.061391E+4	7.535008E+3	-1.734006E+4
5.653000E+1	1.044572E+1	3.678809E+0	1.044615E+1	3.608941E-1	2.328730E+3	-1.838570E+3	4.579770E+3	-3.013009E+3	6.386799E+3	-1.061331E+4	7.535530E+3	-1.734051E+4
5.654000E+1	1.045541E+1	3.777009E+0	1.045583E+1	3.609929E-1	2.328730E+3	-1.838570E+3	4.579770E+3	-3.012630E+3	6.386420E+3	-1.061292E+4	7.535530E+3	-1.734012E+4
5.655000E+1	1.046511E+1	3.702050E+0	1.046554E+1	3.610919E-1	2.328730E+3	-1.838570E+3	4.579770E+3	-3.012252E+3	6.386042E+3	-1.061253E+4	7.535530E+3	-1.733973E+4
5.656000E+1	1.047473E+1	3.653152E+0	1.047516E+1	3.611901E-1	2.328730E+3	-1.838570E+3	4.579770E+3	-3.011873E+3	6.385663E+3	-1.061214E+4	7.535530E+3	-1.733934E+4
5.657000E+1	1.048414E+1	3.675849E+0	1.048457E+1	3.612861E-1	2.328730E+3	-1.838570E+3	4.579770E+3	-3.011495E+3	6.385285E+3	-1.061175E+4	7.535530E+3	-1.733895E+4
5.658000E+1	1.049348E+1	3.797115E+0	1.049391E+1	3.613814E-1	2.328730E+3	-1.838426E+3	4.579770E+3	-3.011394E+3	6.384968E+3	-1.061157E+4	7.535242E+3	-1.733870E+4
5.659000E+1	1.050309E+1	3.728169E+0	1.050351E+1	3.614794E-1	2.328730E+3	-1.838018E+3	4.579770E+3	-3.011802E+3	6.384764E+3	-1.061178E+4	7.534426E+3	-1.733870E+4
5.660000E+1	1.051221E+1	3.614091E+0	1.051264E+1	3.615725E-1	2.328730E+3	-1.837610E+3	4.579770E+3	-3.012210E+3	6.384560E+3	-1.061199E+4	7.533611E+3	-1.733870E+4
5.661000E+1	1.052131E+1	3.668764E+0	1.052174E+1	3.616653E-1	2.328730E+3	-1.837203E+3	4.579770E+3	-3.012617E+3	6.384356E+3	-1.061220E+4	7.532796E+3	-1.733870E+4
5.662000E+1	1.053026E+1	3.844673E+0	1.053069E+1	3.617567E-1	2.328730E+3	-1.836795E+3	4.579770E+3	-3.013025E+3	6.384153E+3	-1.061241E+4	7.531980E+3	-1.733870E+4
5.663000E+1	1.053930E+1	3.813650E+0	1.053972E+1	3.618489E-1	2.328730E+3	-1.836387E+3	4.579770E+3	-3.013433E+3	6.383949E+3	-1.061262E+4	7.531165E+3	-1.733870E+4
5.664000E+1	1.054856E+1	3.648841E+0	1.054899E+1	3.619435E-1	2.328730E+3	-1.835980E+3	4.579770E+3	-3.013840E+3	6.383745E+3	-1.061283E+4	7.530350E+3	-1.733870E+4
5.665000E+1	1.055762E+1	3.632597E+0	1.055805E+1	3.620359E-1	2.328730E+3	-1.835572E+3	4.579770E+3	-3.014248E+3	6.383541E+3	-1.061304E+4	7.529534E+3	-1.733870E+4
5.666000E+1	1.056643E+1	3.820049E+0	1.056686E+1	3.621258E-1	2.328730E+3	-1.835164E+3	4.579770E+3	-3.014656E+3	6.383337E+3	-1.061325E+4	7.528719E+3	-1.733870E+4
5.667000E+1	1.057543E+1	3.812237E+0	1.057586E+1	3.622177E-1	2.330580E+3	-1.836720E+3	4.579770E+3	-3.016646E+3	6.383113E+3	-1.061143E+4	7.524661E+3	-1.733878E+4
5.668000E+1	1.058472E+1	3.723513E+0	1.058515E+1	3.623124E-1	2.330580E+3	-1.836720E+3	4.579770E+3	-3.016092E+3	6.382836E+3	-1.061116E+4	7.525491E+3	-1.733906E+4
5.669000E+1	1.059434E+1	3.660715E+0	1.059477E+1	3.624106E-1	2.330580E+3	-1.836720E+3	4.579770E+3	-3.015539E+3	6.382559E+3	-1.061089E+4	7.526322E+3	-1.733935E+4
5.670000E+1	1.060432E+1	3.731117E+0	1.060475E+1	3.625124E-1	2.330580E+3	-1.836720E+3	4.579770E+3	-3.014985E+3	6.382282E+3	-1.061062E+4	7.527153E+3	-1.733963E+4
5.671000E+1	1.061469E+1	3.820511E+0	1.061512E+1	3.626183E-1	2.330580E+3	-1.836720E+3	4.579770E+3	-3.014431E+3	6.382006E+3	-1.061035E+4	7.527983E+3	-1.733992E+4
5.672000E+1	1.062535E+1	3.699565E+0	1.062577E+1	3.627270E-1	2.330580E+3	-1.836720E+3	4.579770E+3	-3.013878E+3	6.381729E+3	-1.061008E+4	7.528814E+3	-1.734020E+4
5.673000E+1	1.063619E+1	3.602383E+0	1.063662E+1	3.628376E-1	2.330580E+3	-1.836720E+3	4.579770E+3	-3.013324E+3	6.381452E+3	-1.060981E+4	7.529644E+3	-1.734049E+4
5.674000E+1	1.064699E+1	3.650574E+0	1.064741E+1	3.629478E-1	2.328695E+3	-1.833038E+3	4.579770E+3	-3.011268E+3	6.377622E+3	-1.061518E+4	7.524412E+3	-1.734062E+4
5.675000E+1	1.065796E+1	3.836885E+0	1.065839E+1	3.630598E-1	2.328335E+3	-1.833218E+3	4.579770E+3	-3.011448E+3	6.377442E+3	-1.061501E+4	7.524232E+3	-1.734079E+4
5.676000E+1	1.066897E+1	3.774500E+0	1.066940E+1	3.631721E-1	2.327975E+3	-1.833398E+3	4.579770E+3	-3.011628E+3	6.377262E+3	-1.061483E+4	7.524052E+3	-1.734097E+4
5.677000E+1	1.067988E+1	3.684756E+0	1.068031E+1	3.632834E-1	2.327614E+3	-1.833578E+3	4.579770E+3	-3.011808E+3	6.377082E+3	-1.061466E+4	7.523872E+3	-1.734114E+4
5.678000E+1	1.069082E+1	3.692861E+0	1.069125E+1	3.633950E-1	2.327254E+3	-1.833758E+3	4.579770E+3	-3.011988E+3	6.376902E+3	-1.061448E+4	7.523692E+3	-1.734132E+4
5.679000E+1	1.070137E+1	3.779274E+0	1.070180E+1	3.635027E-1	2.326894E+3	-1.833938E+3	4.579770E+3	-3.012168E+3	6.376722E+3	-1.061431E+4	7.523512E+3	-1.734149E+4
5.680000E+1	1.071156E+1	3.815224E+0	1.071199E+1	3.636067E-1	2.326534E+3	-1.834118E+3	4.579770E+3	-3.012348E+3	6.376542E+3	-1.061413E+4	7.523332E+3	-1.734167E+4
5.681000E+1	1.072168E+1	3.775324E+0	1.072211E+1	3.637100E-1	2.326174E+3	-1.834298E+3	4.579770E+3	-3.012528E+3	6.376362E+3	-1.061396E+4	7.523152E+3	-1.734184E+4
5.682000E+1	1.073172E+1	3.678711E+0	1.073214E+1	3.638124E-1	2.325814E+3	-1.834478E+3	4.579770E+3	-3.012708E+3	6.376182E+3	-1.061378E+4	7.522972E+3	-1.734202E+4
5.683000E+1	1.074141E+1	3.752477E+0	1.074184E+1	3.639113E-1	2.325453E+3	-1.834658E+3	4.579770E+3	-3.012888E+3	6.376002E+3	-1.061361E+4	7.522792E+3	-1.734219E+4
5.684000E+1	1.075110E+1	3.837537E+0	1.075152E+1	3.640101E-1	2.325093E+3	-1.834838E+3	4.579770E+3	-3.013068E+3	6.375822E+3	-1.061343E+4	7.522612E+3	-1.734237E+4
5.685000E+1	1.076041E+1	3.769564E+0	1.076084E+1	3.641052E-1	2.326206E+3	-1.836046E+3	4.579770E+3	-3.013100E+3	6.375202E+3	-1.061222E+4	7.522580E+3	-1.734240E+4
5.686000E+1	1.076979E+1	3.687497E+0	1.077022E+1	3.642009E-1	2.327633E+3	-1.837473E+3	4.579770E+3	-3.013100E+3	6.374488E+3	-1.061080E+4	7.522580E+3	-1.734240E+4
5.687000E+1	1.077910E+1	3.717272E+0	1.077953E+1	3.642959E-1	2.328791E+3	-1.838692E+3	4.579709E+3	-3.014950E+3	6.372151E+3	-1.061328E+4	7.515241E+3	-1.734234E+4
5.688000E+1	1.078856E+1	3.860002E+0	1.078899E+1	3.643924E-1	2.329054E+3	-1.839216E+3	4.579446E+3	-3.014950E+3	6.372414E+3	-1.061275E+4	7.515504E+3	-1.734208E+4
5.689000E+1	1.079855E+1	3.779951E+0	1.079897E+1	3.644943E-1	2.329317E+3	-1.839741E+3	4.579183E+3	-3.014950E+3	6.372677E+3	-1.061223E+4	7.515767E+3	-1.734183E+4
5.690000E+1	1.080843E+1	3.691856E+0	1.080885E+1	3.645951E-1	2.329580E+3	-1.840266E+3	4.578920E+3	-3.014950E+3	6.372940E+3	-1.061170E+4	7.516030E+3	-1.734157E+4
5.691000E+1	1.081797E+1	3.748955E+0	1.081840E+1	3.646925E-1	2.329843E+3	-1.840790E+3	4.578657E+3	-3.014950E+3	6.373203E+3	-1.061117E+4	7.516293E+3	-1.734132E+4
5.692000E+1	1.082820E+1	3.815015E+0	1.082863E+1	3.647969E-1	2.330106E+3	-1.841315E+3	4.578394E+3	-3.014950E+3	6.373466E+3	-1.061065E+4	7.516556E+3	-1.734106E+4
5.693000E+1	1.083835E+1	3.731554E+0	1.083878E+1	3.649005E-1	2.330369E+3	-1.841840E+3	4.578131E+3	-3.014950E+3	6.373729E+3	-1.061012E+4	7.516819E+3	-1.734080E+4
5.694000E+1	1.084857E+1	3.692777E+0	1.084899E+1	3.650047E-1	2.330426E+3	-1.842106E+3	4.577920E+3	-3.014950E+3	6.373940E+3	-1.060954E+4	7.517338E+3	-1.734060E+4
5.695000E+1	1.085872E+1	3.677663E+0	1.085915E+1	3.651084E-1	2.329653E+3	-1.841333E+3	4.577920E+3	-3.014950E+3	6.373940E+3	-1.060875E+4	7.518884E+3	-1.734060E+4
5.696000E+1	1.086839E+1	3.773530E+0	1.086882E+1	3.652070E-1	2.328880E+3	-1.840560E+3	4.577920E+3	-3.014950E+3	6.373940E+3	-1.060795E+4	7.520429E+3	-1.734060E+4
5.697000E+1	1.087813E+1	3.743563E+0	1.087856E+1	3.653064E-1	2.328566E+3	-1.839919E+3	4.578084E+3	-3.014622E+3	6.373776E+3	-1.060830E+4	7.520402E+3	-1.734060E+4
5.698000E+1	1.088834E+1	3.686707E+0	1.088877E+1	3.654106E-1	2.328362E+3	-1.839308E+3	4.578288E+3	-3.014214E+3	6.373572E+3	-1.060891E+4	7.519994E+3	-1.734060E+4
5.699000E+1	1.089829E+1	3.645924E+0	1.089871E+1	3.655121E-1	2.328158E+3	-1.838698E+3	4.578492E+3	-3.013807E+3	6.373368E+3	-1.060953E+4	7.519587E+3	-1.734060E+4
5.700000E+1	1.090834E+1	3.749274E+0	1.090877E+1	3.656147E-1	2.327955E+3	-1.838088E+3	4.578695E+3	-3.013399E+3	6.373165E+3	-1.061015E+4	7.519179E+3	-1.734060E+4
5.701000E+1	1.091790E+1	3.815081E+0	1.091832E+1	3.657122E-1	2.327751E+3	-1.837478E+3	4.578899E+3	-3.012992E+3	6.372961E+3	-1.061076E+4	7.518772E+3	-1.734060E+4
5.702000E+1	1.092708E+1	3.716127E+0	1.092750E+1	3.658058E-1	2.327547E+3	-1.836868E+3	4.579103E+3	-3.012584E+3	6.372757E+3	-1.061138E+4	7.518364E+3	-1.734060E+4
5.703000E+1	1.093629E+1	3.700121E+0	1.093672E+1	3.658998E-1	2.327343E+3	-1.836257E+3	4.579307E+3	-3.012177E+3	6.372553E+3	-1.061200E+4	7.517957E+3	-1.734060E+4
5.704000E+1	1.094539E+1	3.719868E+0	1.094582E+1	3.659927E-1	2.327140E+3	-1.835647E+3	4.579510E+3	-3.011769E+3	6.372350E+3	-1.061261E+4	7.517549E+3	-1.734060E+4
5.705000E+1	1.095381E+1	3.808100E+0	1.095423E+1	3.660786E-1	2.326936E+3	-1.835037E+3	4.579714E+3	-3.011361E+3	6.372146E+3	-1.061323E+4	7.517141E+3	-1.734060E+4
5.706000E+1	1.096226E+1	3.742011E+0	1.096269E+1	3.661648E-1	2.327362E+3	-1.834388E+3	4.580252E+3	-3.011250E+3	6.371608E+3	-1.061244E+4	7.517030E+3	-1.734107E+4
5.707000E+1	1.097116E+1	3.633114E+0	1.097159E+1	3.662557E-1	2.328025E+3	-1.833725E+3	4.580915E+3	-3.011250E+3	6.370945E+3	-1.061111E+4	7.517030E+3	-1.734171E+4
5.708000E+1	1.097984E+1	3.707813E+0	1.098027E+1	3.663443E-1	2.328688E+3	-1.833062E+3	4.581578E+3	-3.011250E+3	6.370282E+3	-1.060978E+4	7.517030E+3	-1.734236E+4
5.709000E+1	1.098840E+1	3.817912E+0	1.098882E+1	3.664316E-1	2.328061E+3	-1.838054E+3	4.581620E+3	-3.013769E+3	6.370240E+3	-1.060849E+4	7.513174E+3	-1.734240E+4
5.710000E+1	1.099757E+1	3.790319E+0	1.099799E+1	3.665251E-1	2.327348E+3	-1.839477E+3	4.581620E+3	-3.014482E+3	6.370240E+3	-1.060922E+4	7.511034E+3	-1.734240E+4
5.711000E+1	1.100708E+1	3.685026E+0	1.100750E+1	3.666222E-1	2.326880E+3	-1.840272E+3	4.581481E+3	-3.014950E+3	6.369962E+3	-1.060956E+4	7.509769E+3	-1.734240E+4
5.712000E+1	1.101624E+1	3.657712E+0	1.101667E+1	3.667157E-1	2.326880E+3	-1.839871E+3	4.581078E+3	-3.014950E+3	6.369156E+3	-1.060914E+4	7.510172E+3	-1.734240E+4
5.713000E+1	1.102584E+1	3.806070E+0	1.102627E+1	3.668136E-1	2.326880E+3	-1.839470E+3	4.580675E+3	-3.014950E+3	6.368350E+3	-1.060873E+4	7.510575E+3	-1.734240E+4
5.714000E+1	1.103610E+1	3.859504E+0	1.103653E+1	3.669183E-1	2.326880E+3	-1.839069E+3	4.580272E+3	-3.014950E+3	6.367543E+3	-1.060832E+4	7.510978E+3	-1.734240E+4
5.715000E+1	1.104654E+1	3.788694E+0	1.104697E+1	3.670249E-1	2.326880E+3	-1.838668E+3	4.579868E+3	-3.014950E+3	6.366737E+3	-1.060790E+4	7.511382E+3	-1.734240E+4
5.716000E+1	1.105625E+1	3.681691E+0	1.105668E+1	3.671240E-1	2.326588E+3	-1.838278E+3	4.579478E+3	-3.014950E+3	6.366248E+3	-1.060780E+4	7.511480E+3	-1.734240E+4
5.717000E+1	1.106518E+1	3.661038E+0	1.106561E+1	3.672150E-1	2.326201E+3	-1.837891E+3	4.579091E+3	-3.014950E+3	6.365861E+3	-1.060780E+4	7.511480E+3	-1.734240E+4
5.718000E+1	1.107442E+1	3.809301E+0	1.107484E+1	3.673093E-1	2.325815E+3	-1.837505E+3	4.578705E+3	-3.014950E+3	6.365475E+3	-1.060780E+4	7.511480E+3	-1.734240E+4
5.719000E+1	1.108354E+1	3.782703E+0	1.108397E+1	3.674024E-1	2.325428E+3	-1.837118E+3	4.578318E+3	-3.014950E+3	6.365088E+3	-1.060780E+4	7.511480E+3	-1.734240E+4
5.720000E+1	1.109205E+1	3.688819E+0	1.109248E+1	3.674892E-1	2.325042E+3	-1.836732E+3	4.577932E+3	-3.014950E+3	6.364702E+3	-1.060780E+4	7.511480E+3	-1.734240E+4
5.721000E+1	1.110071E+1	3.651727E+0	1.110114E+1	3.675776E-1	2.325592E+3	-1.835035E+3	4.577920E+3	-3.014950E+3	6.364128E+3	-1.060892E+4	7.509795E+3	-1.734240E+4
5.722000E+1	1.110998E+1	3.806410E+0	1.111041E+1	3.676723E-1	2.326171E+3	-1.833296E+3	4.577920E+3	-3.014950E+3	6.363549E+3	-1.061008E+4	7.508056E+3	-1.734240E+4
5.723000E+1	1.111941E+1	3.794434E+0	1.111983E+1	3.677684E-1	2.326751E+3	-1.831557E+3	4.577920E+3	-3.014950E+3	6.362969E+3	-1.061124E+4	7.506317E+3	-1.734240E+4
5.724000E+1	1.112865E+1	3.635564E+0	1.112908E+1	3.678627E-1	2.327105E+3	-1.831395E+3	4.577920E+3	-3.014725E+3	6.362615E+3	-1.061128E+4	7.506155E+3	-1.734263E+4
5.725000E+1	1.113811E+1	3.651585E+0	1.113854E+1	3.679593E-1	2.327395E+3	-1.831685E+3	4.577920E+3	-3.014435E+3	6.362325E+3	-1.061100E+4	7.506445E+3	-1.734293E+4
5.726000E+1	1.114788E+1	3.872340E+0	1.114831E+1	3.680589E-1	2.327685E+3	-1.831975E+3	4.577920E+3	-3.014145E+3	6.362035E+3	-1.061072E+4	7.506735E+3	-1.734323E+4
5.727000E+1	1.115803E+1	3.787969E+0	1.115846E+1	3.681625E-1	2.327975E+3	-1.832265E+3	4.577920E+3	-3.013855E+3	6.361745E+3	-1.061043E+4	7.507025E+3	-1.734352E+4
5.728000E+1	1.116819E+1	3.730356E+0	1.116862E+1	3.682662E-1	2.328265E+3	-1.832555E+3	4.577920E+3	-3.013565E+3	6.361455E+3	-1.061015E+4	7.507315E+3	-1.734382E+4
5.729000E+1	1.117868E+1	3.687140E+0	1.117911E+1	3.683732E-1	2.328554E+3	-1.832844E+3	4.577920E+3	-3.013276E+3	6.361166E+3	-1.060987E+4	7.507604E+3	-1.734412E+4
5.730000E+1	1.118936E+1	3.740557E+0	1.118978E+1	3.684822E-1	2.328730E+3	-1.833068E+3	4.577920E+3	-3.013148E+3	6.360942E+3	-1.060965E+4	7.507637E+3	-1.734430E+4
5.731000E+1	1.120033E+1	3.846854E+0	1.120075E+1	3.685941E-1	2.328730E+3	-1.833188E+3	4.577920E+3	-3.013268E+3	6.360822E+3	-1.060953E+4	7.507276E+3	-1.734430E+4
5.732000E+1	1.121113E+1	3.787532E+0	1.121156E+1	3.687044E-1	2.328730E+3	-1.833308E+3	4.577920E+3	-3.013388E+3	6.360702E+3	-1.060940E+4	7.506915E+3	-1.734430E+4
5.733000E+1	1.122134E+1	3.705741E+0	1.122177E+1	3.688085E-1	2.328730E+3	-1.833429E+3	4.577920E+3	-3.013509E+3	6.360581E+3	-1.060928E+4	7.506553E+3	-1.734430E+4
5.734000E+1	1.123140E+1	3.707456E+0	1.123183E+1	3.689112E-1	2.328730E+3	-1.833549E+3	4.577920E+3	-3.013629E+3	6.360461E+3	-1.060916E+4	7.506192E+3	-1.734430E+4
5.735000E+1	1.124178E+1	3.808671E+0	1.124221E+1	3.690171E-1	2.328730E+3	-1.833670E+3	4.577920E+3	-3.013750E+3	6.360340E+3	-1.060903E+4	7.505831E+3	-1.734430E+4
5.736000E+1	1.125166E+1	3.853105E+0	1.125208E+1	3.691179E-1	2.328730E+3	-1.833790E+3	4.577920E+3	-3.013870E+3	6.360220E+3	-1.060891E+4	7.505469E+3	-1.734430E+4
5.737000E+1	1.126121E+1	3.743037E+0	1.126164E+1	3.692154E-1	2.328730E+3	-1.833911E+3	4.577920E+3	-3.013991E+3	6.360099E+3	-1.060879E+4	7.505108E+3	-1.734430E+4
5.738000E+1	1.127139E+1	3.729764E+0	1.127182E+1	3.693192E-1	2.328730E+3	-1.834031E+3	4.577920E+3	-3.014111E+3	6.359979E+3	-1.060866E+4	7.504747E+3	-1.734430E+4
5.739000E+1	1.128164E+1	3.866241E+0	1.128207E+1	3.694239E-1	2.328730E+3	-1.834152E+3	4.577920E+3	-3.014232E+3	6.359858E+3	-1.060854E+4	7.504385E+3	-1.734430E+4
5.740000E+1	1.129144E+1	3.820492E+0	1.129186E+1	3.695238E-1	2.328730E+3	-1.834272E+3	4.577920E+3	-3.014352E+3	6.359738E+3	-1.060841E+4	7.504024E+3	-1.734430E+4
5.741000E+1	1.130090E+1	3.709572E+0	1.130132E+1	3.696203E-1	2.328730E+3	-1.834392E+3	4.577920E+3	-3.014472E+3	6.359618E+3	-1.060829E+4	7.503663E+3	-1.734430E+4
5.742000E+1	1.131028E+1	3.708688E+0	1.131070E+1	3.697160E-1	2.328730E+3	-1.834513E+3	4.577920E+3	-3.014593E+3	6.359497E+3	-1.060817E+4	7.503301E+3	-1.734430E+4
5.743000E+1	1.131961E+1	3.857356E+0	1.132004E+1	3.698113E-1	2.328730E+3	-1.834633E+3	4.577920E+3	-3.014713E+3	6.359377E+3	-1.060804E+4	7.502940E+3	-1.734430E+4
5.744000E+1	1.132927E+1	3.750085E+0	1.132970E+1	3.699099E-1	2.328730E+3	-1.834754E+3	4.577920E+3	-3.014834E+3	6.359256E+3	-1.060792E+4	7.502579E+3	-1.734430E+4
5.745000E+1	1.133922E+1	3.645028E+0	1.133965E+1	3.700114E-1	2.328730E+3	-1.835524E+3	4.578574E+3	-3.016258E+3	6.358486E+3	-1.060847E+4	7.500269E+3	-1.734430E+4
5.746000E+1	1.134895E+1	3.667902E+0	1.134937E+1	3.701106E-1	2.326814E+3	-1.836654E+3	4.576136E+3	-3.016800E+3	6.357224E+3	-1.060793E+4	7.500247E+3	-1.734430E+4
5.747000E+1	1.135832E+1	3.746475E+0	1.135875E+1	3.702063E-1	2.326742E+3	-1.836582E+3	4.576208E+3	-3.016800E+3	6.357152E+3	-1.060808E+4	7.500105E+3	-1.734430E+4
5.748000E+1	1.136787E+1	3.845411E+0	1.136830E+1	3.703038E-1	2.326671E+3	-1.836511E+3	4.576279E+3	-3.016800E+3	6.357081E+3	-1.060822E+4	7.499963E+3	-1.734430E+4
5.749000E+1	1.137757E+1	3.750870E+0	1.137799E+1	3.704027E-1	2.326600E+3	-1.836440E+3	4.576350E+3	-3.016800E+3	6.357010E+3	-1.060836E+4	7.499821E+3	-1.734430E+4
5.750000E+1	1.138742E+1	3.611881E+0	1.138785E+1	3.705032E-1	2.326529E+3	-1.836369E+3	4.576421E+3	-3.016800E+3	6.356939E+3	-1.060850E+4	7.499678E+3	-1.734430E+4
5.751000E+1	1.139767E+1	3.715922E+0	1.139810E+1	3.706078E-1	2.326458E+3	-1.836298E+3	4.576492E+3	-3.016800E+3	6.356868E+3	-1.060864E+4	7.499536E+3	-1.734430E+4
5.752000E+1	1.140741E+1	3.860717E+0	1.140784E+1	3.707072E-1	2.326387E+3	-1.836227E+3	4.576563E+3	-3.016800E+3	6.356797E+3	-1.060879E+4	7.499394E+3	-1.734430E+4
5.753000E+1	1.141661E+1	3.756358E+0	1.141704E+1	3.708011E-1	2.326316E+3	-1.836156E+3	4.576634E+3	-3.016800E+3	6.356726E+3	-1.060893E+4	7.499252E+3	-1.734430E+4
5.754000E+1	1.142643E+1	3.653729E+0	1.142686E+1	3.709013E-1	2.326245E+3	-1.836085E+3	4.576705E+3	-3.016800E+3	6.356655E+3	-1.060907E+4	7.499110E+3	-1.734430E+4
5.755000E+1	1.143680E+1	3.689270E+0	1.143723E+1	3.710072E-1	2.326174E+3	-1.836014E+3	4.576776E+3	-3.016800E+3	6.356584E+3	-1.060921E+4	7.498968E+3	-1.734430E+4
5.756000E+1	1.144730E+1	3.841100E+0	1.144773E+1	3.711142E-1	2.326103E+3	-1.835943E+3	4.576847E+3	-3.016800E+3	6.356513E+3	-1.060935E+4	7.498826E+3	-1.734430E+4
5.757000E+1	1.145756E+1	3.828035E+0	1.145798E+1	3.712189E-1	2.326032E+3	-1.835872E+3	4.576918E+3	-3.016800E+3	6.356442E+3	-1.060950E+4	7.498683E+3	-1.734430E+4
5.758000E+1	1.146757E+1	3.793357E+0	1.146800E+1	3.713211E-1	2.325961E+3	-1.835801E+3	4.576989E+3	-3.016800E+3	6.356371E+3	-1.060964E+4	7.498541E+3	-1.734430E+4
5.759000E+1	1.147754E+1	3.693234E+0	1.147797E+1	3.714229E-1	2.325890E+3	-1.835730E+3	4.577060E+3	-3.016800E+3	6.356300E+3	-1.060978E+4	7.498399E+3	-1.734430E+4
5.760000E+1	1.148717E+1	3.743386E+0	1.148760E+1	3.715211E-1	2.325819E+3	-1.835659E+3	4.577131E+3	-3.016800E+3	6.356229E+3	-1.060992E+4	7.498257E+3	-1.734430E+4
5.761000E+1	1.149708E+1	3.810026E+0	1.149751E+1	3.716222E-1	2.325747E+3	-1.835587E+3	4.577203E+3	-3.016800E+3	6.356157E+3	-1.061007E+4	7.498115E+3	-1.734430E+4
5.762000E+1	1.150712E+1	3.753867E+0	1.150755E+1	3.717247E-1	2.325676E+3	-1.835516E+3	4.577274E+3	-3.016800E+3	6.356086E+3	-1.061021E+4	7.497973E+3	-1.734430E+4
5.763000E+1	1.151683E+1	3.675787E+0	1.151726E+1	3.718237E-1	2.325605E+3	-1.835445E+3	4.577345E+3	-3.016800E+3	6.356015E+3	-1.061035E+4	7.497831E+3	-1.734430E+4
5.764000E+1	1.152576E+1	3.680823E+0	1.152619E+1	3.719149E-1	2.325534E+3	-1.835374E+3	4.577416E+3	-3.016800E+3	6.355944E+3	-1.061049E+4	7.497688E+3	-1.734430E+4
5.765000E+1	1.153468E+1	3.815695E+0	1.153511E+1	3.720059E-1	2.325463E+3	-1.835303E+3	4.577487E+3	-3.016800E+3	6.355873E+3	-1.061063E+4	7.497546E+3	-1.734430E+4
5.766000E+1	1.154369E+1	3.799818E+0	1.154412E+1	3.720978E-1	2.325392E+3	-1.835232E+3	4.577558E+3	-3.016800E+3	6.355802E+3	-1.061078E+4	7.497404E+3	-1.734430E+4
5.767000E+1	1.155266E+1	3.715806E+0	1.155309E+1	3.721893E-1	2.325321E+3	-1.835161E+3	4.577629E+3	-3.016800E+3	6.355731E+3	-1.061092E+4	7.497262E+3	-1.734430E+4
5.768000E+1	1.156175E+1	3.748713E+0	1.156218E+1	3.722821E-1	2.325250E+3	-1.835090E+3	4.577700E+3	-3.016800E+3	6.355660E+3	-1.061106E+4	7.497120E+3	-1.734430E+4
5.769000E+1	1.157125E+1	3.793879E+0	1.157168E+1	3.723791E-1	2.325179E+3	-1.835019E+3	4.577771E+3	-3.016800E+3	6.355589E+3	-1.061120E+4	7.496978E+3	-1.734430E+4
5.770000E+1	1.158107E+1	3.751292E+0	1.158150E+1	3.724793E-1	2.325108E+3	-1.834948E+3	4.577842E+3	-3.016800E+3	6.355518E+3	-1.061134E+4	7.496836E+3	-1.734430E+4
5.771000E+1	1.159084E+1	3.711969E+0	1.159127E+1	3.725790E-1	2.325037E+3	-1.834877E+3	4.577913E+3	-3.016800E+3	6.355447E+3	-1.061149E+4	7.496693E+3	-1.734430E+4
5.772000E+1	1.160078E+1	3.724712E+0	1.160120E+1	3.726803E-1	2.325354E+3	-1.833344E+3	4.574983E+3	-3.016800E+3	6.350214E+3	-1.060780E+4	7.492545E+3	-1.734504E+4
5.773000E+1	1.161116E+1	3.826573E+0	1.161159E+1	3.727863E-1	2.323667E+3	-1.831657E+3	4.575826E+3	-3.016800E+3	6.348527E+3	-1.060780E+4	7.490019E+3	-1.734586E+4
5.774000E+1	1.162137E+1	3.734373E+0	1.162180E+1	3.728905E-1	2.323669E+3	-1.832147E+3	4.576559E+3	-3.016800E+3	6.347063E+3	-1.060732E+4	7.488801E+3	-1.734660E+4
5.775000E+1	1.163104E+1	3.672161E+0	1.163147E+1	3.729892E-1	2.324356E+3	-1.833521E+3	4.577246E+3	-3.016800E+3	6.345689E+3	-1.060666E+4	7.488114E+3	-1.734731E+4
5.776000E+1	1.164089E+1	3.726181E+0	1.164132E+1	3.730896E-1	2.325037E+3	-1.834884E+3	4.577913E+3	-3.016814E+3	6.344340E+3	-1.060601E+4	7.487419E+3	-1.734800E+4
5.777000E+1	1.165067E+1	3.789712E+0	1.165110E+1	3.731894E-1	2.325424E+3	-1.835657E+3	4.577526E+3	-3.017587E+3	6.344340E+3	-1.060638E+4	7.486259E+3	-1.734800E+4
5.778000E+1	1.166052E+1	3.832266E+0	1.166095E+1	3.732900E-1	2.325810E+3	-1.836430E+3	4.577140E+3	-3.018360E+3	6.344340E+3	-1.060676E+4	7.485100E+3	-1.734800E+4
5.779000E+1	1.167035E+1	3.695330E+0	1.167078E+1	3.733903E-1	2.326196E+3	-1.837203E+3	4.576754E+3	-3.019133E+3	6.344340E+3	-1.060713E+4	7.483941E+3	-1.734800E+4
5.780000E+1	1.168036E+1	3.654094E+0	1.168079E+1	3.734924E-1	2.326583E+3	-1.837976E+3	4.576367E+3	-3.019906E+3	6.344340E+3	-1.060751E+4	7.482781E+3	-1.734800E+4
5.781000E+1	1.169036E+1	3.787259E+0	1.169079E+1	3.735945E-1	2.326880E+3	-1.838483E+3	4.576157E+3	-3.020587E+3	6.344340E+3	-1.060771E+4	7.481803E+3	-1.734791E+4
5.782000E+1	1.170069E+1	3.877576E+0	1.170112E+1	3.736999E-1	2.326880E+3	-1.838104E+3	4.576536E+3	-3.020966E+3	6.344340E+3	-1.060735E+4	7.481424E+3	-1.734752E+4
5.783000E+1	1.171051E+1	3.779716E+0	1.171094E+1	3.738000E-1	2.326880E+3	-1.837725E+3	4.576915E+3	-3.021345E+3	6.344340E+3	-1.060698E+4	7.481045E+3	-1.734713E+4
5.784000E+1	1.171965E+1	3.649791E+0	1.172007E+1	3.738933E-1	2.326880E+3	-1.837347E+3	4.577293E+3	-3.021723E+3	6.344340E+3	-1.060661E+4	7.480667E+3	-1.734674E+4
5.785000E+1	1.172896E+1	3.722137E+0	1.172939E+1	3.739883E-1	2.326880E+3	-1.836968E+3	4.577672E+3	-3.022102E+3	6.344340E+3	-1.060624E+4	7.480288E+3	-1.734636E+4
5.786000E+1	1.173838E+1	3.913280E+0	1.173881E+1	3.740845E-1	2.326880E+3	-1.836140E+3	4.577727E+3	-3.022157E+3	6.344340E+3	-1.060580E+4	7.480620E+3	-1.734591E+4
5.787000E+1	1.174767E+1	3.817120E+0	1.174810E+1	3.741792E-1	2.326880E+3	-1.834453E+3	4.577164E+3	-3.021594E+3	6.344340E+3	-1.060522E+4	7.482307E+3	-1.734536E+4
5.788000E+1	1.175686E+1	3.716416E+0	1.175729E+1	3.742731E-1	2.326880E+3	-1.832767E+3	4.576602E+3	-3.021032E+3	6.344340E+3	-1.060465E+4	7.483993E+3	-1.734482E+4
5.789000E+1	1.176649E+1	3.689031E+0	1.176692E+1	3.743713E-1	2.326880E+3	-1.831189E+3	4.576051E+3	-3.020500E+3	6.344321E+3	-1.060414E+4	7.485553E+3	-1.734432E+4
5.790000E+1	1.177666E+1	3.801689E+0	1.177709E+1	3.744751E-1	2.326880E+3	-1.831539E+3	4.575701E+3	-3.020500E+3	6.343971E+3	-1.060484E+4	7.484853E+3	-1.734466E+4
5.791000E+1	1.178734E+1	3.814845E+0	1.178777E+1	3.745841E-1	2.326880E+3	-1.831889E+3	4.575351E+3	-3.020500E+3	6.343621E+3	-1.060554E+4	7.484153E+3	-1.734500E+4
5.792000E+1	1.179816E+1	3.738128E+0	1.179858E+1	3.746944E-1	2.326880E+3	-1.832238E+3	4.575002E+3	-3.020500E+3	6.343272E+3	-1.060624E+4	7.483453E+3	-1.734534E+4
5.793000E+1	1.180852E+1	3.716957E+0	1.180894E+1	3.748001E-1	2.326880E+3	-1.832588E+3	4.574652E+3	-3.020500E+3	6.342922E+3	-1.060694E+4	7.482753E+3	-1.734568E+4
5.794000E+1	1.181853E+1	3.764870E+0	1.181896E+1	3.749023E-1	2.326880E+3	-1.832938E+3	4.574302E+3	-3.020500E+3	6.342572E+3	-1.060764E+4	7.482053E+3	-1.734602E+4
5.795000E+1	1.182826E+1	3.852554E+0	1.182869E+1	3.750016E-1	2.326621E+3	-1.833020E+3	4.574349E+3	-3.020371E+3	6.342361E+3	-1.060767E+4	7.481761E+3	-1.734623E+4
5.796000E+1	1.183803E+1	3.833423E+0	1.183846E+1	3.751013E-1	2.326284E+3	-1.833020E+3	4.574518E+3	-3.020202E+3	6.342194E+3	-1.060751E+4	7.481592E+3	-1.734641E+4
5.797000E+1	1.184794E+1	3.673105E+0	1.184837E+1	3.752025E-1	2.325947E+3	-1.833020E+3	4.574687E+3	-3.020033E+3	6.342026E+3	-1.060735E+4	7.481423E+3	-1.734658E+4
5.798000E+1	1.185803E+1	3.733459E+0	1.185846E+1	3.753054E-1	2.325609E+3	-1.833020E+3	4.574855E+3	-3.019865E+3	6.341858E+3	-1.060718E+4	7.481255E+3	-1.734675E+4
5.799000E+1	1.186838E+1	3.877271E+0	1.186881E+1	3.754110E-1	2.325272E+3	-1.833020E+3	4.575024E+3	-3.019696E+3	6.341690E+3	-1.060702E+4	7.481086E+3	-1.734693E+4
5.800000E+1	1.187883E+1	3.854670E+0	1.187926E+1	3.755176E-1	2.324935E+3	-1.833020E+3	4.575193E+3	-3.019527E+3	6.341523E+3	-1.060685E+4	7.480917E+3	-1.734710E+4
5.801000E+1	1.188913E+1	3.792297E+0	1.188956E+1	3.756227E-1	2.324598E+3	-1.833020E+3	4.575361E+3	-3.019359E+3	6.341355E+3	-1.060669E+4	7.480749E+3	-1.734727E+4
5.802000E+1	1.189946E+1	3.776826E+0	1.189989E+1	3.757281E-1	2.324260E+3	-1.833020E+3	4.575530E+3	-3.019190E+3	6.341187E+3	-1.060653E+4	7.480580E+3	-1.734745E+4
5.803000E+1	1.190990E+1	3.938394E+0	1.191032E+1	3.758346E-1	2.323923E+3	-1.833020E+3	4.575698E+3	-3.019022E+3	6.341020E+3	-1.060636E+4	7.480412E+3	-1.734762E+4
5.804000E+1	1.192021E+1	3.824701E+0	1.192063E+1	3.759398E-1	2.323586E+3	-1.833020E+3	4.575867E+3	-3.018853E+3	6.340852E+3	-1.060620E+4	7.480243E+3	-1.734779E+4
5.805000E+1	1.193043E+1	3.700220E+0	1.193086E+1	3.760442E-1	2.323249E+3	-1.833020E+3	4.576036E+3	-3.018684E+3	6.340684E+3	-1.060603E+4	7.480074E+3	-1.734796E+4
5.806000E+1	1.194057E+1	3.746931E+0	1.194099E+1	3.761476E-1	2.326734E+3	-1.836574E+3	4.575924E+3	-3.020646E+3	6.337096E+3	-1.060585E+4	7.474490E+3	-1.734800E+4
5.807000E+1	1.195041E+1	3.840480E+0	1.195084E+1	3.762480E-1	2.326550E+3	-1.836390E+3	4.575740E+3	-3.020830E+3	6.337280E+3	-1.060566E+4	7.474490E+3	-1.734800E+4
5.808000E+1	1.196006E+1	3.927528E+0	1.196049E+1	3.763465E-1	2.326366E+3	-1.836206E+3	4.575556E+3	-3.021014E+3	6.337464E+3	-1.060547E+4	7.474490E+3	-1.734800E+4
5.809000E+1	1.196911E+1	3.821593E+0	1.196954E+1	3.764389E-1	2.326183E+3	-1.836023E+3	4.575373E+3	-3.021197E+3	6.337647E+3	-1.060528E+4	7.474490E+3	-1.734800E+4
5.810000E+1	1.197809E+1	3.772778E+0	1.197852E+1	3.765305E-1	2.325999E+3	-1.835839E+3	4.575189E+3	-3.021381E+3	6.337831E+3	-1.060510E+4	7.474490E+3	-1.734800E+4
5.811000E+1	1.198729E+1	3.822177E+0	1.198772E+1	3.766244E-1	2.325815E+3	-1.835655E+3	4.575005E+3	-3.021565E+3	6.338015E+3	-1.060491E+4	7.474490E+3	-1.734800E+4
5.812000E+1	1.199636E+1	3.844401E+0	1.199679E+1	3.767169E-1	2.325632E+3	-1.835472E+3	4.574822E+3	-3.021748E+3	6.338198E+3	-1.060472E+4	7.474490E+3	-1.734800E+4
5.813000E+1	1.200586E+1	3.847238E+0	1.200628E+1	3.768138E-1	2.325448E+3	-1.835288E+3	4.574638E+3	-3.021932E+3	6.338382E+3	-1.060453E+4	7.474490E+3	-1.734800E+4
5.814000E+1	1.201562E+1	3.715479E+0	1.201605E+1	3.769134E-1	2.325264E+3	-1.835104E+3	4.574454E+3	-3.022116E+3	6.338566E+3	-1.060434E+4	7.474490E+3	-1.734800E+4
5.815000E+1	1.202551E+1	3.756132E+0	1.202593E+1	3.770143E-1	2.325081E+3	-1.834921E+3	4.574271E+3	-3.022299E+3	6.338749E+3	-1.060415E+4	7.474490E+3	-1.734800E+4
5.816000E+1	1.203490E+1	3.914671E+0	1.203533E+1	3.771102E-1	2.324667E+3	-1.832657E+3	4.572370E+3	-3.021987E+3	6.336225E+3	-1.060447E+4	7.476740E+3	-1.734610E+4
5.817000E+1	1.204341E+1	3.755138E+0	1.204384E+1	3.771970E-1	2.324166E+3	-1.832156E+3	4.572370E+3	-3.021486E+3	6.335222E+3	-1.060499E+4	7.474734E+3	-1.734610E+4
5.818000E+1	1.205177E+1	3.754028E+0	1.205220E+1	3.772823E-1	2.323665E+3	-1.831655E+3	4.572370E+3	-3.020985E+3	6.334219E+3	-1.060550E+4	7.472729E+3	-1.734610E+4
5.819000E+1	1.206072E+1	3.734171E+0	1.206115E+1	3.773737E-1	2.323180E+3	-1.831166E+3	4.572370E+3	-3.020496E+3	6.333241E+3	-1.060600E+4	7.470790E+3	-1.734611E+4
5.820000E+1	1.207023E+1	3.810739E+0	1.207066E+1	3.774707E-1	2.323180E+3	-1.831038E+3	4.572370E+3	-3.020368E+3	6.332986E+3	-1.060600E+4	7.470790E+3	-1.734636E+4
5.821000E+1	1.208007E+1	3.819699E+0	1.208050E+1	3.775711E-1	2.323180E+3	-1.830910E+3	4.572370E+3	-3.020240E+3	6.332730E+3	-1.060600E+4	7.470790E+3	-1.734662E+4
5.822000E+1	1.208959E+1	3.765667E+0	1.209001E+1	3.776682E-1	2.323180E+3	-1.830782E+3	4.572370E+3	-3.020112E+3	6.332474E+3	-1.060600E+4	7.470790E+3	-1.734688E+4
5.823000E+1	1.209859E+1	3.740139E+0	1.209902E+1	3.777601E-1	2.323180E+3	-1.830654E+3	4.572370E+3	-3.019984E+3	6.332218E+3	-1.060600E+4	7.470790E+3	-1.734713E+4
5.824000E+1	1.210772E+1	3.790766E+0	1.210815E+1	3.778532E-1	2.323180E+3	-1.830526E+3	4.572370E+3	-3.019856E+3	6.331962E+3	-1.060600E+4	7.470790E+3	-1.734739E+4
5.825000E+1	1.211716E+1	3.906593E+0	1.211759E+1	3.779496E-1	2.323180E+3	-1.830398E+3	4.572370E+3	-3.019728E+3	6.331706E+3	-1.060600E+4	7.470790E+3	-1.734764E+4
5.826000E+1	1.212703E+1	3.837727E+0	1.212746E+1	3.780503E-1	2.323180E+3	-1.830270E+3	4.572370E+3	-3.019600E+3	6.331451E+3	-1.060600E+4	7.470790E+3	-1.734790E+4
5.827000E+1	1.213676E+1	3.731352E+0	1.213719E+1	3.781496E-1	2.323180E+3	-1.830142E+3	4.572370E+3	-3.019472E+3	6.331195E+3	-1.060600E+4	7.470790E+3	-1.734816E+4
5.828000E+1	1.214624E+1	3.819345E+0	1.214667E+1	3.782463E-1	2.323180E+3	-1.830014E+3	4.572370E+3	-3.019344E+3	6.330939E+3	-1.060600E+4	7.470790E+3	-1.734841E+4
5.829000E+1	1.215595E+1	3.880775E+0	1.215638E+1	3.783454E-1	2.323180E+3	-1.829886E+3	4.572370E+3	-3.019216E+3	6.330683E+3	-1.060600E+4	7.470790E+3	-1.734867E+4
5.830000E+1	1.216628E+1	3.822469E+0	1.216671E+1	3.784508E-1	2.323180E+3	-1.829759E+3	4.572370E+3	-3.019089E+3	6.330427E+3	-1.060600E+4	7.470790E+3	-1.734892E+4
5.831000E+1	1.217709E+1	3.753012E+0	1.217752E+1	3.785611E-1	2.323180E+3	-1.829631E+3	4.572370E+3	-3.018961E+3	6.330171E+3	-1.060600E+4	7.470790E+3	-1.734918E+4
5.832000E+1	1.218801E+1	3.717866E+0	1.218844E+1	3.786725E-1	2.323180E+3	-1.829503E+3	4.572370E+3	-3.018833E+3	6.329915E+3	-1.060600E+4	7.470790E+3	-1.734943E+4
5.833000E+1	1.219837E+1	3.832579E+0	1.219879E+1	3.787782E-1	2.323180E+3	-1.829375E+3	4.572370E+3	-3.018705E+3	6.329660E+3	-1.060600E+4	7.470790E+3	-1.734969E+4
5.834000E+1	1.220828E+1	3.836179E+0	1.220871E+1	3.788794E-1	2.323823E+3	-1.829641E+3	4.572691E+3	-3.018971E+3	6.329550E+3	-1.060567E+4	7.470469E+3	-1.734980E+4
5.835000E+1	1.221799E+1	3.783225E+0	1.221842E+1	3.789784E-1	2.324947E+3	-1.830204E+3	4.573254E+3	-3.019534E+3	6.329550E+3	-1.060509E+4	7.469906E+3	-1.734980E+4
5.836000E+1	1.222831E+1	3.759734E+0	1.222874E+1	3.790837E-1	2.326071E+3	-1.830766E+3	4.573816E+3	-3.020096E+3	6.329550E+3	-1.060452E+4	7.469344E+3	-1.734980E+4
5.837000E+1	1.223873E+1	3.845125E+0	1.223916E+1	3.791901E-1	2.325030E+3	-1.834717E+3	4.574220E+3	-3.022350E+3	6.331247E+3	-1.060230E+4	7.467243E+3	-1.734626E+4
5.838000E+1	1.224913E+1	3.908254E+0	1.224956E+1	3.792962E-1	2.325030E+3	-1.833874E+3	4.574220E+3	-3.022350E+3	6.330404E+3	-1.060230E+4	7.468086E+3	-1.734712E+4
5.839000E+1	1.225897E+1	3.771592E+0	1.225940E+1	3.793966E-1	2.325030E+3	-1.833031E+3	4.574220E+3	-3.022350E+3	6.329561E+3	-1.060230E+4	7.468929E+3	-1.734799E+4
5.840000E+1	1.226857E+1	3.705115E+0	1.226900E+1	3.794946E-1	2.324179E+3	-1.832169E+3	4.573794E+3	-3.021924E+3	6.329124E+3	-1.060315E+4	7.468089E+3	-1.734841E+4
5.841000E+1	1.227854E+1	3.836401E+0	1.227897E+1	3.795963E-1	2.323316E+3	-1.831306E+3	4.573363E+3	-3.021493E+3	6.328693E+3	-1.060401E+4	7.467226E+3	-1.734883E+4
5.842000E+1	1.228838E+1	3.906254E+0	1.228880E+1	3.796967E-1	2.322453E+3	-1.830443E+3	4.572932E+3	-3.021062E+3	6.328262E+3	-1.060488E+4	7.466363E+3	-1.734925E+4
5.843000E+1	1.229769E+1	3.837337E+0	1.229811E+1	3.797917E-1	2.321590E+3	-1.829580E+3	4.572500E+3	-3.020630E+3	6.327830E+3	-1.060574E+4	7.465500E+3	-1.734967E+4
5.844000E+1	1.230716E+1	3.770333E+0	1.230758E+1	3.798883E-1	2.321330E+3	-1.829738E+3	4.572788E+3	-3.020082E+3	6.327282E+3	-1.060516E+4	7.465658E+3	-1.735023E+4
5.845000E+1	1.231662E+1	3.789434E+0	1.231705E+1	3.799849E-1	2.321330E+3	-1.830336E+3	4.573386E+3	-3.019484E+3	6.326684E+3	-1.060397E+4	7.466256E+3	-1.735084E+4
5.846000E+1	1.232567E+1	3.911893E+0	1.232610E+1	3.800772E-1	2.321330E+3	-1.830935E+3	4.573985E+3	-3.018885E+3	6.326085E+3	-1.060277E+4	7.466855E+3	-1.735146E+4
5.847000E+1	1.233425E+1	3.828231E+0	1.233467E+1	3.801647E-1	2.321542E+3	-1.831170E+3	4.574008E+3	-3.018650E+3	6.325638E+3	-1.060230E+4	7.466665E+3	-1.735148E+4
5.848000E+1	1.234382E+1	3.775109E+0	1.234424E+1	3.802624E-1	2.321892E+3	-1.831170E+3	4.573658E+3	-3.018650E+3	6.325288E+3	-1.060230E+4	7.465965E+3	-1.735112E+4
5.849000E+1	1.235370E+1	3.729318E+0	1.235413E+1	3.803632E-1	2.322242E+3	-1.831170E+3	4.573308E+3	-3.018650E+3	6.324938E+3	-1.060230E+4	7.465265E+3	-1.735076E+4
5.850000E+1	1.236273E+1	3.865071E+0	1.236316E+1	3.804554E-1	2.322592E+3	-1.831170E+3	4.572958E+3	-3.018650E+3	6.324588E+3	-1.060230E+4	7.464565E+3	-1.735040E+4
5.851000E+1	1.237133E+1	3.879420E+0	1.237176E+1	3.805431E-1	2.322942E+3	-1.831170E+3	4.572608E+3	-3.018650E+3	6.324238E+3	-1.060230E+4	7.463865E+3	-1.735004E+4
5.852000E+1	1.237976E+1	3.803152E+0	1.238019E+1	3.806291E-1	2.323299E+3	-1.831408E+3	4.572489E+3	-3.018888E+3	6.324000E+3	-1.060230E+4	7.463152E+3	-1.734980E+4
5.853000E+1	1.238862E+1	3.817470E+0	1.238905E+1	3.807196E-1	2.323670E+3	-1.832150E+3	4.572860E+3	-3.019630E+3	6.324000E+3	-1.060230E+4	7.462410E+3	-1.734980E+4
5.854000E+1	1.239799E+1	3.896564E+0	1.239842E+1	3.808152E-1	2.324041E+3	-1.832892E+3	4.573231E+3	-3.020372E+3	6.324000E+3	-1.060230E+4	7.461668E+3	-1.734980E+4
5.855000E+1	1.240751E+1	3.901973E+0	1.240794E+1	3.809123E-1	2.324412E+3	-1.833634E+3	4.573602E+3	-3.021114E+3	6.324000E+3	-1.060230E+4	7.460926E+3	-1.734980E+4
5.856000E+1	1.241733E+1	3.845257E+0	1.241776E+1	3.810125E-1	2.324783E+3	-1.834376E+3	4.573973E+3	-3.021856E+3	6.324000E+3	-1.060230E+4	7.460184E+3	-1.734980E+4
5.857000E+1	1.242755E+1	3.746995E+0	1.242798E+1	3.811168E-1	2.325030E+3	-1.834870E+3	4.574158E+3	-3.022350E+3	6.324062E+3	-1.060224E+4	7.459814E+3	-1.734980E+4
5.858000E+1	1.243807E+1	3.795418E+0	1.243850E+1	3.812242E-1	2.325030E+3	-1.834870E+3	4.573973E+3	-3.022350E+3	6.324247E+3	-1.060205E+4	7.460185E+3	-1.734980E+4
5.859000E+1	1.244849E+1	3.876328E+0	1.244892E+1	3.813304E-1	2.325030E+3	-1.834870E+3	4.573787E+3	-3.022350E+3	6.324433E+3	-1.060186E+4	7.460556E+3	-1.734980E+4
5.860000E+1	1.245907E+1	3.871409E+0	1.245950E+1	3.814384E-1	2.325030E+3	-1.834870E+3	4.573602E+3	-3.022350E+3	6.324618E+3	-1.060166E+4	7.460927E+3	-1.734980E+4
5.861000E+1	1.246929E+1	3.802808E+0	1.246971E+1	3.815427E-1	2.325030E+3	-1.834870E+3	4.573416E+3	-3.022350E+3	6.324804E+3	-1.060147E+4	7.461298E+3	-1.734980E+4
5.862000E+1	1.247941E+1	3.824282E+0	1.247984E+1	3.816460E-1	2.325030E+3	-1.834870E+3	4.573231E+3	-3.022350E+3	6.324989E+3	-1.060128E+4	7.461669E+3	-1.734980E+4
5.863000E+1	1.248949E+1	3.930341E+0	1.248992E+1	3.817489E-1	2.325030E+3	-1.834870E+3	4.573045E+3	-3.022350E+3	6.325175E+3	-1.060109E+4	7.462040E+3	-1.734980E+4
5.864000E+1	1.249918E+1	3.833540E+0	1.249960E+1	3.818477E-1	2.325030E+3	-1.834870E+3	4.572860E+3	-3.022350E+3	6.325360E+3	-1.060090E+4	7.462411E+3	-1.734980E+4
5.865000E+1	1.250826E+1	3.729884E+0	1.250869E+1	3.819404E-1	2.325030E+3	-1.834870E+3	4.572674E+3	-3.022350E+3	6.325546E+3	-1.060071E+4	7.462782E+3	-1.734980E+4
5.866000E+1	1.251756E+1	3.816397E+0	1.251799E+1	3.820353E-1	2.325030E+3	-1.834870E+3	4.572489E+3	-3.022350E+3	6.325731E+3	-1.060052E+4	7.463153E+3	-1.734980E+4
5.867000E+1	1.252685E+1	3.935184E+0	1.252728E+1	3.821301E-1	2.323092E+3	-1.834782E+3	4.572458E+3	-3.020500E+3	6.323824E+3	-1.060239E+4	7.461276E+3	-1.734809E+4
5.868000E+1	1.253622E+1	3.927366E+0	1.253664E+1	3.822256E-1	2.322848E+3	-1.834538E+3	4.572702E+3	-3.020500E+3	6.323336E+3	-1.060262E+4	7.460544E+3	-1.734832E+4
5.869000E+1	1.254597E+1	3.772565E+0	1.254640E+1	3.823252E-1	2.322604E+3	-1.834294E+3	4.572946E+3	-3.020500E+3	6.322848E+3	-1.060286E+4	7.459811E+3	-1.734856E+4
5.870000E+1	1.255622E+1	3.740772E+0	1.255665E+1	3.824297E-1	2.322360E+3	-1.834050E+3	4.573190E+3	-3.020500E+3	6.322359E+3	-1.060310E+4	7.459079E+3	-1.734880E+4
5.871000E+1	1.256655E+1	3.829909E+0	1.256697E+1	3.825351E-1	2.322116E+3	-1.833806E+3	4.573434E+3	-3.020500E+3	6.321871E+3	-1.060334E+4	7.458347E+3	-1.734904E+4
5.872000E+1	1.257658E+1	3.905098E+0	1.257700E+1	3.826375E-1	2.321872E+3	-1.833562E+3	4.573678E+3	-3.020500E+3	6.321383E+3	-1.060357E+4	7.457615E+3	-1.734927E+4
5.873000E+1	1.258644E+1	3.882985E+0	1.258687E+1	3.827381E-1	2.321628E+3	-1.833318E+3	4.573922E+3	-3.020500E+3	6.320895E+3	-1.060381E+4	7.456883E+3	-1.734951E+4
5.874000E+1	1.259594E+1	3.818576E+0	1.259637E+1	3.828351E-1	2.321383E+3	-1.833073E+3	4.574167E+3	-3.020500E+3	6.320407E+3	-1.060405E+4	7.456150E+3	-1.734975E+4
5.875000E+1	1.260556E+1	3.808488E+0	1.260599E+1	3.829332E-1	2.321330E+3	-1.829801E+3	4.572610E+3	-3.022110E+3	6.317081E+3	-1.060253E+4	7.455990E+3	-1.735145E+4
5.876000E+1	1.261516E+1	3.945446E+0	1.261559E+1	3.830312E-1	2.321330E+3	-1.829320E+3	4.571199E+3	-3.022350E+3	6.317771E+3	-1.060230E+4	7.453649E+3	-1.735050E+4
5.877000E+1	1.262473E+1	3.891512E+0	1.262516E+1	3.831289E-1	2.321522E+3	-1.830089E+3	4.570520E+3	-3.022542E+3	6.318258E+3	-1.060230E+4	7.451905E+3	-1.734980E+4
5.878000E+1	1.263479E+1	3.838888E+0	1.263522E+1	3.832315E-1	2.321917E+3	-1.831668E+3	4.570520E+3	-3.022937E+3	6.317863E+3	-1.060230E+4	7.451116E+3	-1.734980E+4
5.879000E+1	1.264496E+1	3.840147E+0	1.264539E+1	3.833352E-1	2.322312E+3	-1.833246E+3	4.570520E+3	-3.023332E+3	6.317468E+3	-1.060230E+4	7.450327E+3	-1.734980E+4
5.880000E+1	1.265505E+1	3.928069E+0	1.265548E+1	3.834382E-1	2.322706E+3	-1.834825E+3	4.570520E+3	-3.023726E+3	6.317074E+3	-1.060230E+4	7.449537E+3	-1.734980E+4
5.881000E+1	1.266545E+1	3.896803E+0	1.266588E+1	3.835444E-1	2.323101E+3	-1.836404E+3	4.570520E+3	-3.024121E+3	6.316679E+3	-1.060230E+4	7.448748E+3	-1.734980E+4
5.882000E+1	1.267596E+1	3.846512E+0	1.267639E+1	3.836516E-1	2.323180E+3	-1.836615E+3	4.570520E+3	-3.024305E+3	6.316600E+3	-1.060209E+4	7.448800E+3	-1.734980E+4
5.883000E+1	1.268630E+1	3.840807E+0	1.268673E+1	3.837571E-1	2.323180E+3	-1.836483E+3	4.570520E+3	-3.024437E+3	6.316600E+3	-1.060183E+4	7.449064E+3	-1.734980E+4
5.884000E+1	1.269647E+1	3.931798E+0	1.269690E+1	3.838609E-1	2.323180E+3	-1.836352E+3	4.570520E+3	-3.024568E+3	6.316600E+3	-1.060156E+4	7.449327E+3	-1.734980E+4
5.885000E+1	1.270639E+1	3.922256E+0	1.270682E+1	3.839621E-1	2.323180E+3	-1.836220E+3	4.570520E+3	-3.024700E+3	6.316600E+3	-1.060130E+4	7.449590E+3	-1.734980E+4
5.886000E+1	1.271635E+1	3.885041E+0	1.271678E+1	3.840638E-1	2.323180E+3	-1.836089E+3	4.570520E+3	-3.024831E+3	6.316600E+3	-1.060104E+4	7.449853E+3	-1.734980E+4
5.887000E+1	1.272604E+1	3.817020E+0	1.272647E+1	3.841626E-1	2.323180E+3	-1.835957E+3	4.570520E+3	-3.024963E+3	6.316600E+3	-1.060077E+4	7.450116E+3	-1.734980E+4
5.888000E+1	1.273591E+1	3.844668E+0	1.273633E+1	3.842633E-1	2.323180E+3	-1.835825E+3	4.570520E+3	-3.025095E+3	6.316600E+3	-1.060051E+4	7.450379E+3	-1.734980E+4
5.889000E+1	1.274586E+1	3.935802E+0	1.274629E+1	3.843649E-1	2.323180E+3	-1.835694E+3	4.570520E+3	-3.025226E+3	6.316600E+3	-1.060025E+4	7.450642E+3	-1.734980E+4
5.890000E+1	1.275607E+1	3.924681E+0	1.275650E+1	3.844690E-1	2.323180E+3	-1.835562E+3	4.570520E+3	-3.025358E+3	6.316600E+3	-1.059998E+4	7.450905E+3	-1.734980E+4
5.891000E+1	1.276632E+1	3.848243E+0	1.276675E+1	3.845737E-1	2.323180E+3	-1.835431E+3	4.570520E+3	-3.025489E+3	6.316600E+3	-1.059972E+4	7.451168E+3	-1.734980E+4
5.892000E+1	1.277639E+1	3.856997E+0	1.277681E+1	3.846764E-1	2.323180E+3	-1.835299E+3	4.570520E+3	-3.025621E+3	6.316600E+3	-1.059946E+4	7.451432E+3	-1.734980E+4
5.893000E+1	1.278639E+1	4.005681E+0	1.278681E+1	3.847784E-1	2.323180E+3	-1.835168E+3	4.570520E+3	-3.025752E+3	6.316600E+3	-1.059920E+4	7.451695E+3	-1.734980E+4
5.894000E+1	1.279644E+1	3.909342E+0	1.279687E+1	3.848810E-1	2.323180E+3	-1.835036E+3	4.570520E+3	-3.025884E+3	6.316600E+3	-1.059893E+4	7.451958E+3	-1.734980E+4
5.895000E+1	1.280622E+1	3.772649E+0	1.280665E+1	3.849808E-1	2.323180E+3	-1.834905E+3	4.570520E+3	-3.026015E+3	6.316600E+3	-1.059867E+4	7.452221E+3	-1.734980E+4
5.896000E+1	1.281534E+1	3.790710E+0	1.281577E+1	3.850739E-1	2.323180E+3	-1.833627E+3	4.570520E+3	-3.024807E+3	6.316600E+3	-1.059981E+4	7.452290E+3	-1.734980E+4
5.897000E+1	1.282470E+1	3.904683E+0	1.282513E+1	3.851693E-1	2.321439E+3	-1.834761E+3	4.570520E+3	-3.024309E+3	6.310941E+3	-1.060040E+4	7.448262E+3	-1.735170E+4
5.898000E+1	1.283456E+1	3.974861E+0	1.283499E+1	3.852700E-1	2.321892E+3	-1.834308E+3	4.570520E+3	-3.024762E+3	6.310488E+3	-1.060040E+4	7.446905E+3	-1.735170E+4
5.899000E+1	1.284480E+1	3.848415E+0	1.284523E+1	3.853745E-1	2.322344E+3	-1.833856E+3	4.570520E+3	-3.025214E+3	6.310036E+3	-1.060040E+4	7.445548E+3	-1.735170E+4
5.900000E+1	1.285511E+1	3.787904E+0	1.285554E+1	3.854797E-1	2.322796E+3	-1.833404E+3	4.570520E+3	-3.025666E+3	6.309584E+3	-1.060040E+4	7.444191E+3	-1.735170E+4
5.901000E+1	1.286448E+1	3.904645E+0	1.286491E+1	3.855753E-1	2.323097E+3	-1.833103E+3	4.570520E+3	-3.026133E+3	6.309200E+3	-1.060040E+4	7.442874E+3	-1.735170E+4
5.902000E+1	1.287371E+1	3.967678E+0	1.287414E+1	3.856695E-1	2.322551E+3	-1.833649E+3	4.570520E+3	-3.026679E+3	6.309200E+3	-1.060040E+4	7.441783E+3	-1.735170E+4
5.903000E+1	1.288380E+1	3.864702E+0	1.288422E+1	3.857724E-1	2.322006E+3	-1.834194E+3	4.570520E+3	-3.027224E+3	6.309200E+3	-1.060040E+4	7.440692E+3	-1.735170E+4
5.904000E+1	1.289443E+1	3.760924E+0	1.289486E+1	3.858809E-1	2.321460E+3	-1.834740E+3	4.570520E+3	-3.027770E+3	6.309200E+3	-1.060040E+4	7.439600E+3	-1.735170E+4
5.905000E+1	1.290491E+1	3.847179E+0	1.290534E+1	3.859878E-1	2.321637E+3	-1.834563E+3	4.570213E+3	-3.027593E+3	6.308893E+3	-1.060010E+4	7.439954E+3	-1.735170E+4
5.906000E+1	1.291525E+1	3.996932E+0	1.291568E+1	3.860933E-1	2.322040E+3	-1.834160E+3	4.569810E+3	-3.027190E+3	6.308490E+3	-1.059971E+4	7.440760E+3	-1.735170E+4
5.907000E+1	1.292580E+1	3.865873E+0	1.292623E+1	3.862010E-1	2.322444E+3	-1.833756E+3	4.569406E+3	-3.026786E+3	6.308086E+3	-1.059932E+4	7.441567E+3	-1.735170E+4
5.908000E+1	1.293584E+1	3.833830E+0	1.293627E+1	3.863034E-1	2.322847E+3	-1.833353E+3	4.569003E+3	-3.026383E+3	6.307683E+3	-1.059892E+4	7.442374E+3	-1.735170E+4
5.909000E+1	1.294552E+1	3.815586E+0	1.294595E+1	3.864022E-1	2.323079E+3	-1.832919E+3	4.568569E+3	-3.026050E+3	6.307149E+3	-1.059880E+4	7.442839E+3	-1.735170E+4
5.910000E+1	1.295520E+1	3.931845E+0	1.295563E+1	3.865010E-1	2.322500E+3	-1.832340E+3	4.567990E+3	-3.026050E+3	6.305989E+3	-1.059996E+4	7.441679E+3	-1.735170E+4
5.911000E+1	1.296479E+1	3.917704E+0	1.296522E+1	3.865989E-1	2.321920E+3	-1.831760E+3	4.567410E+3	-3.026050E+3	6.304830E+3	-1.060112E+4	7.440520E+3	-1.735170E+4
5.912000E+1	1.297392E+1	3.851082E+0	1.297435E+1	3.866920E-1	2.321340E+3	-1.831180E+3	4.566830E+3	-3.026050E+3	6.303671E+3	-1.060228E+4	7.439361E+3	-1.735170E+4
5.913000E+1	1.298286E+1	3.880824E+0	1.298329E+1	3.867832E-1	2.320571E+3	-1.830790E+3	4.567579E+3	-3.026050E+3	6.303270E+3	-1.060191E+4	7.438962E+3	-1.735207E+4
5.914000E+1	1.299208E+1	3.947181E+0	1.299251E+1	3.868773E-1	2.319798E+3	-1.830404E+3	4.568352E+3	-3.026050E+3	6.302884E+3	-1.060151E+4	7.438578E+3	-1.735245E+4
5.915000E+1	1.300157E+1	3.926653E+0	1.300200E+1	3.869742E-1	2.319025E+3	-1.830018E+3	4.569125E+3	-3.026050E+3	6.302498E+3	-1.060112E+4	7.438194E+3	-1.735282E+4
5.916000E+1	1.301159E+1	3.872846E+0	1.301202E+1	3.870764E-1	2.318252E+3	-1.829631E+3	4.569898E+3	-3.026050E+3	6.302111E+3	-1.060072E+4	7.437809E+3	-1.735320E+4
5.917000E+1	1.302145E+1	3.825854E+0	1.302188E+1	3.871770E-1	2.317687E+3	-1.829320E+3	4.570463E+3	-3.025993E+3	6.301685E+3	-1.060034E+4	7.437443E+3	-1.735356E+4
5.918000E+1	1.303092E+1	3.964042E+0	1.303135E+1	3.872736E-1	2.317982E+3	-1.829320E+3	4.570168E+3	-3.025698E+3	6.301096E+3	-1.060006E+4	7.437148E+3	-1.735386E+4
5.919000E+1	1.304060E+1	3.956861E+0	1.304103E+1	3.873724E-1	2.318276E+3	-1.829320E+3	4.569874E+3	-3.025404E+3	6.300507E+3	-1.059977E+4	7.436854E+3	-1.735416E+4
5.920000E+1	1.305041E+1	3.874516E+0	1.305084E+1	3.874725E-1	2.318571E+3	-1.829320E+3	4.569579E+3	-3.025109E+3	6.299919E+3	-1.059948E+4	7.436559E+3	-1.735447E+4
5.921000E+1	1.306043E+1	3.811630E+0	1.306086E+1	3.875747E-1	2.318865E+3	-1.829320E+3	4.569285E+3	-3.024815E+3	6.299330E+3	-1.059920E+4	7.436265E+3	-1.735477E+4
5.922000E+1	1.307072E+1	3.823482E+0	1.307115E+1	3.876798E-1	2.319160E+3	-1.829320E+3	4.568990E+3	-3.024520E+3	6.298741E+3	-1.059891E+4	7.435970E+3	-1.735507E+4
5.923000E+1	1.308109E+1	4.008470E+0	1.308152E+1	3.877856E-1	2.319454E+3	-1.829320E+3	4.568696E+3	-3.024226E+3	6.298152E+3	-1.059863E+4	7.435676E+3	-1.735537E+4
5.924000E+1	1.309124E+1	3.922174E+0	1.309167E+1	3.878891E-1	2.319925E+3	-1.829320E+3	4.568225E+3	-3.025090E+3	6.298100E+3	-1.059903E+4	7.434315E+3	-1.735494E+4
5.925000E+1	1.310107E+1	3.820237E+0	1.310150E+1	3.879895E-1	2.320413E+3	-1.829320E+3	4.567737E+3	-3.026066E+3	6.298100E+3	-1.059951E+4	7.432850E+3	-1.735444E+4
5.926000E+1	1.311113E+1	3.883683E+0	1.311156E+1	3.880921E-1	2.320901E+3	-1.829320E+3	4.567249E+3	-3.027043E+3	6.298100E+3	-1.059998E+4	7.431386E+3	-1.735394E+4
5.927000E+1	1.312102E+1	3.993449E+0	1.312145E+1	3.881931E-1	2.321314E+3	-1.829352E+3	4.566836E+3	-3.027916E+3	6.298100E+3	-1.060038E+4	7.430100E+3	-1.735350E+4
5.928000E+1	1.313078E+1	3.985465E+0	1.313121E+1	3.882926E-1	2.321182E+3	-1.829616E+3	4.566968E+3	-3.028048E+3	6.298100E+3	-1.060026E+4	7.430100E+3	-1.735350E+4
5.929000E+1	1.314095E+1	3.903560E+0	1.314138E+1	3.883964E-1	2.321051E+3	-1.829879E+3	4.567099E+3	-3.028179E+3	6.298100E+3	-1.060013E+4	7.430100E+3	-1.735350E+4
5.930000E+1	1.315111E+1	3.882384E+0	1.315154E+1	3.885001E-1	2.320919E+3	-1.830142E+3	4.567231E+3	-3.028311E+3	6.298100E+3	-1.060000E+4	7.430100E+3	-1.735350E+4
5.931000E+1	1.316163E+1	3.977960E+0	1.316206E+1	3.886074E-1	2.320787E+3	-1.830406E+3	4.567363E+3	-3.028443E+3	6.298100E+3	-1.059987E+4	7.430100E+3	-1.735350E+4
5.932000E+1	1.317252E+1	3.972072E+0	1.317295E+1	3.887185E-1	2.320655E+3	-1.830669E+3	4.567495E+3	-3.028575E+3	6.298100E+3	-1.059974E+4	7.430100E+3	-1.735350E+4
5.933000E+1	1.318357E+1	3.855962E+0	1.318400E+1	3.888313E-1	2.320524E+3	-1.830933E+3	4.567626E+3	-3.028706E+3	6.298100E+3	-1.059962E+4	7.430100E+3	-1.735350E+4
5.934000E+1	1.319422E+1	3.850572E+0	1.319464E+1	3.889399E-1	2.320392E+3	-1.831196E+3	4.567758E+3	-3.028838E+3	6.298100E+3	-1.059949E+4	7.430100E+3	-1.735350E+4
5.935000E+1	1.320495E+1	3.879251E+0	1.320538E+1	3.890495E-1	2.320260E+3	-1.831459E+3	4.567890E+3	-3.028970E+3	6.298100E+3	-1.059936E+4	7.430100E+3	-1.735350E+4
5.936000E+1	1.321619E+1	3.923918E+0	1.321662E+1	3.891642E-1	2.320129E+3	-1.831723E+3	4.568021E+3	-3.029101E+3	6.298100E+3	-1.059923E+4	7.430100E+3	-1.735350E+4
5.937000E+1	1.322756E+1	3.879322E+0	1.322799E+1	3.892802E-1	2.319997E+3	-1.831986E+3	4.568153E+3	-3.029233E+3	6.298100E+3	-1.059910E+4	7.430100E+3	-1.735350E+4
5.938000E+1	1.323863E+1	3.904372E+0	1.323906E+1	3.893932E-1	2.319865E+3	-1.832250E+3	4.568285E+3	-3.029365E+3	6.298100E+3	-1.059897E+4	7.430100E+3	-1.735350E+4
5.939000E+1	1.324943E+1	3.916237E+0	1.324986E+1	3.895033E-1	2.319734E+3	-1.832513E+3	4.568416E+3	-3.029496E+3	6.298100E+3	-1.059885E+4	7.430100E+3	-1.735350E+4
5.940000E+1	1.325970E+1	3.997821E+0	1.326012E+1	3.896081E-1	2.319602E+3	-1.832776E+3	4.568548E+3	-3.029628E+3	6.298100E+3	-1.059872E+4	7.430100E+3	-1.735350E+4
5.941000E+1	1.326959E+1	3.892876E+0	1.327001E+1	3.897090E-1	2.319583E+3	-1.833020E+3	4.568619E+3	-3.029750E+3	6.298100E+3	-1.059855E+4	7.430203E+3	-1.735355E+4
5.942000E+1	1.327929E+1	3.861202E+0	1.327972E+1	3.898080E-1	2.320957E+3	-1.833020E+3	4.567932E+3	-3.029750E+3	6.298100E+3	-1.059784E+4	7.431577E+3	-1.735426E+4
5.943000E+1	1.328898E+1	3.914750E+0	1.328940E+1	3.899069E-1	2.322331E+3	-1.833020E+3	4.567245E+3	-3.029750E+3	6.298100E+3	-1.059714E+4	7.432951E+3	-1.735496E+4
5.944000E+1	1.329852E+1	4.032636E+0	1.329895E+1	3.900043E-1	2.317984E+3	-1.831524E+3	4.566820E+3	-3.024909E+3	6.289991E+3	-1.060040E+4	7.425691E+3	-1.735720E+4
5.945000E+1	1.330810E+1	3.926137E+0	1.330853E+1	3.901020E-1	2.318912E+3	-1.832452E+3	4.566820E+3	-3.026763E+3	6.288137E+3	-1.060040E+4	7.423837E+3	-1.735720E+4
5.946000E+1	1.331761E+1	3.855654E+0	1.331803E+1	3.901990E-1	2.319480E+3	-1.833020E+3	4.566615E+3	-3.028105E+3	6.287000E+3	-1.060040E+4	7.422084E+3	-1.735720E+4
5.947000E+1	1.332709E+1	3.832968E+0	1.332752E+1	3.902958E-1	2.319480E+3	-1.833020E+3	4.566085E+3	-3.028635E+3	6.287000E+3	-1.060040E+4	7.420494E+3	-1.735720E+4
5.948000E+1	1.333705E+1	3.992801E+0	1.333747E+1	3.903974E-1	2.319480E+3	-1.833020E+3	4.565555E+3	-3.029165E+3	6.287000E+3	-1.060040E+4	7.418904E+3	-1.735720E+4
5.949000E+1	1.334718E+1	3.982926E+0	1.334760E+1	3.905007E-1	2.319480E+3	-1.833020E+3	4.565025E+3	-3.029695E+3	6.287000E+3	-1.060040E+4	7.417314E+3	-1.735720E+4
5.950000E+1	1.335710E+1	3.861449E+0	1.335753E+1	3.906020E-1	2.319330E+3	-1.832720E+3	4.564970E+3	-3.029750E+3	6.287000E+3	-1.060025E+4	7.417150E+3	-1.735720E+4
5.951000E+1	1.336700E+1	3.865212E+0	1.336743E+1	3.907030E-1	2.319163E+3	-1.832386E+3	4.564970E+3	-3.029750E+3	6.287000E+3	-1.060009E+4	7.417150E+3	-1.735720E+4
5.952000E+1	1.337693E+1	3.913329E+0	1.337736E+1	3.908043E-1	2.318996E+3	-1.832052E+3	4.564970E+3	-3.029750E+3	6.287000E+3	-1.059993E+4	7.417150E+3	-1.735720E+4
5.953000E+1	1.338696E+1	4.031690E+0	1.338738E+1	3.909066E-1	2.318829E+3	-1.831718E+3	4.564970E+3	-3.029750E+3	6.287000E+3	-1.059977E+4	7.417150E+3	-1.735720E+4
5.954000E+1	1.339704E+1	3.937404E+0	1.339747E+1	3.910095E-1	2.318662E+3	-1.831383E+3	4.564970E+3	-3.029750E+3	6.287000E+3	-1.059960E+4	7.417150E+3	-1.735720E+4
5.955000E+1	1.340685E+1	3.798009E+0	1.340727E+1	3.911096E-1	2.318495E+3	-1.831049E+3	4.564970E+3	-3.029750E+3	6.287000E+3	-1.059944E+4	7.417150E+3	-1.735720E+4
5.956000E+1	1.341682E+1	3.858086E+0	1.341725E+1	3.912114E-1	2.318327E+3	-1.830715E+3	4.564970E+3	-3.029750E+3	6.287000E+3	-1.059928E+4	7.417150E+3	-1.735720E+4
5.957000E+1	1.342702E+1	3.956656E+0	1.342745E+1	3.913155E-1	2.318160E+3	-1.830381E+3	4.564970E+3	-3.029750E+3	6.287000E+3	-1.059912E+4	7.417150E+3	-1.735720E+4
5.958000E+1	1.343712E+1	3.951297E+0	1.343755E+1	3.914185E-1	2.317993E+3	-1.830046E+3	4.564970E+3	-3.029750E+3	6.287000E+3	-1.059895E+4	7.417150E+3	-1.735720E+4
5.959000E+1	1.344674E+1	3.844514E+0	1.344717E+1	3.915167E-1	2.317826E+3	-1.829712E+3	4.564970E+3	-3.029750E+3	6.287000E+3	-1.059879E+4	7.417150E+3	-1.735720E+4
5.960000E+1	1.345576E+1	3.871910E+0	1.345619E+1	3.916088E-1	2.317659E+3	-1.829378E+3	4.564970E+3	-3.029750E+3	6.287000E+3	-1.059863E+4	7.417150E+3	-1.735720E+4
5.961000E+1	1.346482E+1	3.996977E+0	1.346525E+1	3.917012E-1	2.318578E+3	-1.831170E+3	4.564519E+3	-3.027900E+3	6.286552E+3	-1.059760E+4	7.419948E+3	-1.735720E+4
5.962000E+1	1.347406E+1	3.915098E+0	1.347449E+1	3.917954E-1	2.317487E+3	-1.831170E+3	4.563974E+3	-3.027900E+3	6.286009E+3	-1.059869E+4	7.418857E+3	-1.735720E+4
5.963000E+1	1.348347E+1	3.853231E+0	1.348390E+1	3.918915E-1	2.316396E+3	-1.831170E+3	4.563428E+3	-3.027900E+3	6.285466E+3	-1.059978E+4	7.417766E+3	-1.735720E+4
5.964000E+1	1.349255E+1	3.848336E+0	1.349298E+1	3.919841E-1	2.315491E+3	-1.831170E+3	4.563409E+3	-3.027900E+3	6.284583E+3	-1.060012E+4	7.416861E+3	-1.735778E+4
5.965000E+1	1.350176E+1	3.918596E+0	1.350219E+1	3.920782E-1	2.314829E+3	-1.831170E+3	4.564071E+3	-3.027900E+3	6.283258E+3	-1.059947E+4	7.416199E+3	-1.735910E+4
5.966000E+1	1.351120E+1	3.940612E+0	1.351163E+1	3.921745E-1	2.314167E+3	-1.831170E+3	4.564733E+3	-3.027900E+3	6.281933E+3	-1.059883E+4	7.415537E+3	-1.736043E+4
5.967000E+1	1.352058E+1	3.853935E+0	1.352101E+1	3.922702E-1	2.314825E+3	-1.831170E+3	4.564970E+3	-3.028198E+3	6.281162E+3	-1.059829E+4	7.415002E+3	-1.736090E+4
5.968000E+1	1.353007E+1	3.836444E+0	1.353050E+1	3.923670E-1	2.316216E+3	-1.831170E+3	4.564970E+3	-3.028662E+3	6.280698E+3	-1.059782E+4	7.414538E+3	-1.736090E+4
5.969000E+1	1.353924E+1	3.874297E+0	1.353966E+1	3.924605E-1	2.317607E+3	-1.831170E+3	4.564970E+3	-3.029126E+3	6.280234E+3	-1.059734E+4	7.414074E+3	-1.736090E+4
5.970000E+1	1.354905E+1	4.028662E+0	1.354948E+1	3.925607E-1	2.318998E+3	-1.831170E+3	4.564970E+3	-3.029589E+3	6.279771E+3	-1.059686E+4	7.413611E+3	-1.736090E+4
5.971000E+1	1.355922E+1	3.983272E+0	1.355965E+1	3.926645E-1	2.319480E+3	-1.831466E+3	4.564970E+3	-3.029750E+3	6.279610E+3	-1.059700E+4	7.412563E+3	-1.736061E+4
5.972000E+1	1.356897E+1	3.843929E+0	1.356939E+1	3.927639E-1	2.319480E+3	-1.831918E+3	4.564970E+3	-3.029750E+3	6.279610E+3	-1.059747E+4	7.411206E+3	-1.736017E+4
5.973000E+1	1.357852E+1	3.899139E+0	1.357895E+1	3.928614E-1	2.319480E+3	-1.832371E+3	4.564970E+3	-3.029750E+3	6.279610E+3	-1.059793E+4	7.409848E+3	-1.735973E+4
5.974000E+1	1.358842E+1	3.981227E+0	1.358885E+1	3.929624E-1	2.319480E+3	-1.832823E+3	4.564970E+3	-3.029750E+3	6.279610E+3	-1.059840E+4	7.408491E+3	-1.735929E+4
5.975000E+1	1.359838E+1	3.919551E+0	1.359881E+1	3.930641E-1	2.318825E+3	-1.832365E+3	4.564970E+3	-3.029750E+3	6.279610E+3	-1.059795E+4	7.408227E+3	-1.735910E+4
5.976000E+1	1.360749E+1	3.914217E+0	1.360792E+1	3.931570E-1	2.317666E+3	-1.831206E+3	4.564970E+3	-3.029750E+3	6.279610E+3	-1.059679E+4	7.408807E+3	-1.735910E+4
5.977000E+1	1.361686E+1	3.906146E+0	1.361729E+1	3.932526E-1	2.316507E+3	-1.830047E+3	4.564970E+3	-3.029750E+3	6.279610E+3	-1.059563E+4	7.409387E+3	-1.735910E+4
5.978000E+1	1.362708E+1	4.064935E+0	1.362750E+1	3.933569E-1	2.316003E+3	-1.829320E+3	4.564970E+3	-3.029750E+3	6.279722E+3	-1.059490E+4	7.409973E+3	-1.735899E+4
5.979000E+1	1.363729E+1	3.984616E+0	1.363772E+1	3.934611E-1	2.316602E+3	-1.829320E+3	4.564970E+3	-3.029750E+3	6.280021E+3	-1.059490E+4	7.410572E+3	-1.735868E+4
5.980000E+1	1.364703E+1	3.881806E+0	1.364746E+1	3.935605E-1	2.317200E+3	-1.829320E+3	4.564970E+3	-3.029750E+3	6.280320E+3	-1.059490E+4	7.411170E+3	-1.735837E+4
5.981000E+1	1.365762E+1	3.903948E+0	1.365805E+1	3.936686E-1	2.317798E+3	-1.829320E+3	4.564970E+3	-3.029750E+3	6.280619E+3	-1.059490E+4	7.411768E+3	-1.735806E+4
5.982000E+1	1.366969E+1	4.008871E+0	1.367011E+1	3.937916E-1	2.318397E+3	-1.829320E+3	4.564970E+3	-3.029750E+3	6.280918E+3	-1.059490E+4	7.412367E+3	-1.735776E+4
5.983000E+1	1.368174E+1	4.017073E+0	1.368217E+1	3.939146E-1	2.318995E+3	-1.829320E+3	4.564970E+3	-3.029750E+3	6.281218E+3	-1.059490E+4	7.412965E+3	-1.735745E+4
5.984000E+1	1.369293E+1	3.886608E+0	1.369336E+1	3.940288E-1	2.319480E+3	-1.829453E+3	4.564970E+3	-3.029750E+3	6.281394E+3	-1.059503E+4	7.413251E+3	-1.735727E+4
5.985000E+1	1.370368E+1	3.907717E+0	1.370411E+1	3.941385E-1	2.319480E+3	-1.830153E+3	4.564970E+3	-3.029750E+3	6.281044E+3	-1.059573E+4	7.412201E+3	-1.735763E+4
5.986000E+1	1.371451E+1	3.981243E+0	1.371494E+1	3.942490E-1	2.319480E+3	-1.830853E+3	4.564970E+3	-3.029750E+3	6.280694E+3	-1.059643E+4	7.411151E+3	-1.735799E+4
5.987000E+1	1.372472E+1	4.018523E+0	1.372515E+1	3.943532E-1	2.319480E+3	-1.831553E+3	4.564970E+3	-3.029750E+3	6.280344E+3	-1.059713E+4	7.410101E+3	-1.735835E+4
5.988000E+1	1.373467E+1	3.985891E+0	1.373510E+1	3.944547E-1	2.319480E+3	-1.832253E+3	4.564970E+3	-3.029750E+3	6.279994E+3	-1.059783E+4	7.409051E+3	-1.735871E+4
5.989000E+1	1.374447E+1	3.891069E+0	1.374490E+1	3.945548E-1	2.319480E+3	-1.832953E+3	4.564970E+3	-3.029750E+3	6.279644E+3	-1.059853E+4	7.408001E+3	-1.735907E+4
5.990000E+1	1.375356E+1	3.922485E+0	1.375399E+1	3.946475E-1	2.316901E+3	-1.831730E+3	4.566260E+3	-3.028460E+3	6.277031E+3	-1.059602E+4	7.409190E+3	-1.736035E+4
5.991000E+1	1.376211E+1	4.061759E+0	1.376254E+1	3.947347E-1	2.315904E+3	-1.831418E+3	4.566696E+3	-3.028024E+3	6.275786E+3	-1.059490E+4	7.409502E+3	-1.736078E+4
5.992000E+1	1.377101E+1	4.003865E+0	1.377144E+1	3.948256E-1	2.316108E+3	-1.831825E+3	4.566492E+3	-3.028228E+3	6.275582E+3	-1.059490E+4	7.409095E+3	-1.736058E+4
5.993000E+1	1.378016E+1	3.884588E+0	1.378059E+1	3.949189E-1	2.316311E+3	-1.832233E+3	4.566289E+3	-3.028431E+3	6.275379E+3	-1.059490E+4	7.408687E+3	-1.736038E+4
5.994000E+1	1.378939E+1	3.859044E+0	1.378982E+1	3.950131E-1	2.316515E+3	-1.832641E+3	4.566085E+3	-3.028635E+3	6.275175E+3	-1.059490E+4	7.408279E+3	-1.736018E+4
5.995000E+1	1.379883E+1	4.007649E+0	1.379926E+1	3.951095E-1	2.316719E+3	-1.833048E+3	4.565881E+3	-3.028839E+3	6.274971E+3	-1.059490E+4	7.407872E+3	-1.735999E+4
5.996000E+1	1.380852E+1	4.012453E+0	1.380894E+1	3.952083E-1	2.316923E+3	-1.833456E+3	4.565677E+3	-3.029043E+3	6.274767E+3	-1.059490E+4	7.407464E+3	-1.735979E+4
5.997000E+1	1.381793E+1	3.894367E+0	1.381836E+1	3.953044E-1	2.317127E+3	-1.833864E+3	4.565473E+3	-3.029247E+3	6.274563E+3	-1.059490E+4	7.407056E+3	-1.735959E+4
5.998000E+1	1.382743E+1	3.869364E+0	1.382786E+1	3.954013E-1	2.317331E+3	-1.834271E+3	4.565269E+3	-3.029451E+3	6.274359E+3	-1.059490E+4	7.406649E+3	-1.735939E+4
5.999000E+1	1.383731E+1	3.886374E+0	1.383773E+1	3.955021E-1	2.317534E+3	-1.834679E+3	4.565066E+3	-3.029654E+3	6.274156E+3	-1.059490E+4	7.406241E+3	-1.735919E+4
6.000000E+1	1.384720E+1	3.969003E+0	1.384763E+1	3.956030E-1	2.319307E+3	-1.829666E+3	4.564970E+3	-3.031600E+3	6.274233E+3	-1.059455E+4	7.400846E+3	-1.735910E+4
6.001000E+1	1.385771E+1	4.016357E+0	1.385814E+1	3.957102E-1	2.318982E+3	-1.830317E+3	4.564970E+3	-3.031600E+3	6.274558E+3	-1.059390E+4	7.401497E+3	-1.735910E+4
6.002000E+1	1.386801E+1	3.906854E+0	1.386844E+1	3.958154E-1	2.318656E+3	-1.830968E+3	4.564970E+3	-3.031600E+3	6.274884E+3	-1.059325E+4	7.402148E+3	-1.735910E+4
6.003000E+1	1.387823E+1	3.955856E+0	1.387866E+1	3.959196E-1	2.318331E+3	-1.831618E+3	4.564970E+3	-3.031600E+3	6.275209E+3	-1.059260E+4	7.402798E+3	-1.735910E+4
6.004000E+1	1.388839E+1	4.045859E+0	1.388882E+1	3.960233E-1	2.318005E+3	-1.832269E+3	4.564970E+3	-3.031600E+3	6.275535E+3	-1.059195E+4	7.403449E+3	-1.735910E+4
6.005000E+1	1.389789E+1	3.952277E+0	1.389832E+1	3.961203E-1	2.317680E+3	-1.832920E+3	4.564970E+3	-3.031600E+3	6.275860E+3	-1.059130E+4	7.404100E+3	-1.735910E+4
6.006000E+1	1.390691E+1	3.860997E+0	1.390733E+1	3.962123E-1	2.316947E+3	-1.833020E+3	4.564287E+3	-3.031600E+3	6.275227E+3	-1.059257E+4	7.404200E+3	-1.735910E+4
6.007000E+1	1.391521E+1	3.870578E+0	1.391563E+1	3.962970E-1	2.316141E+3	-1.833020E+3	4.563481E+3	-3.031600E+3	6.274421E+3	-1.059418E+4	7.404200E+3	-1.735910E+4
6.008000E+1	1.392317E+1	4.085434E+0	1.392360E+1	3.963783E-1	2.315780E+3	-1.832950E+3	4.563120E+3	-3.031530E+3	6.273849E+3	-1.059497E+4	7.403919E+3	-1.735917E+4
6.009000E+1	1.393143E+1	4.017796E+0	1.393186E+1	3.964625E-1	2.315780E+3	-1.832823E+3	4.563120E+3	-3.031403E+3	6.273468E+3	-1.059509E+4	7.403411E+3	-1.735929E+4
6.010000E+1	1.393977E+1	3.885725E+0	1.394020E+1	3.965476E-1	2.315780E+3	-1.832696E+3	4.563120E+3	-3.031276E+3	6.273087E+3	-1.059522E+4	7.402903E+3	-1.735942E+4
6.011000E+1	1.394823E+1	3.868216E+0	1.394866E+1	3.966340E-1	2.315780E+3	-1.832569E+3	4.563120E+3	-3.031149E+3	6.272706E+3	-1.059534E+4	7.402394E+3	-1.735954E+4
6.012000E+1	1.395716E+1	4.009652E+0	1.395758E+1	3.967250E-1	2.315780E+3	-1.832442E+3	4.563120E+3	-3.031022E+3	6.272325E+3	-1.059546E+4	7.401886E+3	-1.735966E+4
6.013000E+1	1.396674E+1	4.044197E+0	1.396717E+1	3.968229E-1	2.315780E+3	-1.832315E+3	4.563120E+3	-3.030895E+3	6.271944E+3	-1.059559E+4	7.401378E+3	-1.735979E+4
6.014000E+1	1.397645E+1	3.930979E+0	1.397688E+1	3.969219E-1	2.315780E+3	-1.832187E+3	4.563120E+3	-3.030767E+3	6.271562E+3	-1.059571E+4	7.400870E+3	-1.735991E+4
6.015000E+1	1.398660E+1	3.856780E+0	1.398703E+1	3.970255E-1	2.315780E+3	-1.832060E+3	4.563120E+3	-3.030640E+3	6.271181E+3	-1.059583E+4	7.400362E+3	-1.736003E+4
6.016000E+1	1.399671E+1	3.934398E+0	1.399714E+1	3.971287E-1	2.315780E+3	-1.831933E+3	4.563120E+3	-3.030513E+3	6.270800E+3	-1.059596E+4	7.399853E+3	-1.736016E+4
6.017000E+1	1.400646E+1	3.993163E+0	1.400688E+1	3.972281E-1	2.315780E+3	-1.831806E+3	4.563120E+3	-3.030386E+3	6.270419E+3	-1.059608E+4	7.399345E+3	-1.736028E+4
6.018000E+1	1.401608E+1	3.966052E+0	1.401651E+1	3.973263E-1	2.315780E+3	-1.831679E+3	4.563120E+3	-3.030259E+3	6.270038E+3	-1.059620E+4	7.398837E+3	-1.736040E+4
6.019000E+1	1.402631E+1	3.847586E+0	1.402674E+1	3.974307E-1	2.315780E+3	-1.831552E+3	4.563120E+3	-3.030132E+3	6.269657E+3	-1.059633E+4	7.398329E+3	-1.736053E+4
6.020000E+1	1.403737E+1	3.952367E+0	1.403780E+1	3.975435E-1	2.315780E+3	-1.831425E+3	4.563120E+3	-3.030005E+3	6.269275E+3	-1.059645E+4	7.397821E+3	-1.736065E+4
6.021000E+1	1.404884E+1	4.051368E+0	1.404927E+1	3.976606E-1	2.315780E+3	-1.831298E+3	4.563120E+3	-3.029878E+3	6.268894E+3	-1.059658E+4	7.397312E+3	-1.736078E+4
6.022000E+1	1.405997E+1	3.948282E+0	1.406040E+1	3.977741E-1	2.315780E+3	-1.831171E+3	4.563120E+3	-3.029751E+3	6.268513E+3	-1.059670E+4	7.396804E+3	-1.736090E+4
6.023000E+1	1.407053E+1	3.873364E+0	1.407096E+1	3.978819E-1	2.315790E+3	-1.831170E+3	4.561280E+3	-3.031590E+3	6.264810E+3	-1.059489E+4	7.393120E+3	-1.736281E+4
6.024000E+1	1.408025E+1	3.914445E+0	1.408068E+1	3.979811E-1	2.315780E+3	-1.831170E+3	4.560117E+3	-3.032753E+3	6.264810E+3	-1.059490E+4	7.390794E+3	-1.736280E+4
6.025000E+1	1.408955E+1	4.062147E+0	1.408998E+1	3.980760E-1	2.316065E+3	-1.830316E+3	4.559705E+3	-3.033450E+3	6.264810E+3	-1.059433E+4	7.390254E+3	-1.736251E+4
6.026000E+1	1.409884E+1	4.030418E+0	1.409927E+1	3.981708E-1	2.316778E+3	-1.828176E+3	4.560418E+3	-3.033450E+3	6.264810E+3	-1.059290E+4	7.392394E+3	-1.736178E+4
6.027000E+1	1.410830E+1	3.877120E+0	1.410873E+1	3.982673E-1	2.317491E+3	-1.826036E+3	4.561131E+3	-3.033450E+3	6.264810E+3	-1.059148E+4	7.394534E+3	-1.736104E+4
6.028000E+1	1.411809E+1	3.899791E+0	1.411852E+1	3.983672E-1	2.317319E+3	-1.825620E+3	4.561270E+3	-3.033450E+3	6.264499E+3	-1.059182E+4	7.394639E+3	-1.736060E+4
6.029000E+1	1.412791E+1	3.989895E+0	1.412834E+1	3.984675E-1	2.316932E+3	-1.825620E+3	4.561270E+3	-3.033450E+3	6.264112E+3	-1.059260E+4	7.394252E+3	-1.736022E+4
6.030000E+1	1.413772E+1	4.017240E+0	1.413814E+1	3.985675E-1	2.316546E+3	-1.825620E+3	4.561270E+3	-3.033450E+3	6.263726E+3	-1.059337E+4	7.393866E+3	-1.735985E+4
6.031000E+1	1.414734E+1	3.957138E+0	1.414777E+1	3.986657E-1	2.316159E+3	-1.825620E+3	4.561270E+3	-3.033450E+3	6.263339E+3	-1.059414E+4	7.393479E+3	-1.735947E+4
6.032000E+1	1.415707E+1	3.847942E+0	1.415750E+1	3.987650E-1	2.315769E+3	-1.825641E+3	4.561281E+3	-3.033450E+3	6.262949E+3	-1.059490E+4	7.393079E+3	-1.735912E+4
6.033000E+1	1.416680E+1	3.915667E+0	1.416723E+1	3.988643E-1	2.315190E+3	-1.826801E+3	4.561860E+3	-3.033450E+3	6.262370E+3	-1.059490E+4	7.391919E+3	-1.736028E+4
6.034000E+1	1.417677E+1	3.968745E+0	1.417720E+1	3.989660E-1	2.314610E+3	-1.827960E+3	4.562440E+3	-3.033450E+3	6.261790E+3	-1.059490E+4	7.390760E+3	-1.736144E+4
6.035000E+1	1.418720E+1	3.920564E+0	1.418763E+1	3.990725E-1	2.314030E+3	-1.829119E+3	4.563020E+3	-3.033450E+3	6.261210E+3	-1.059490E+4	7.389601E+3	-1.736260E+4
6.036000E+1	1.419790E+1	3.889073E+0	1.419833E+1	3.991816E-1	2.314250E+3	-1.829320E+3	4.563120E+3	-3.033770E+3	6.260471E+3	-1.059457E+4	7.389080E+3	-1.736311E+4
6.037000E+1	1.420841E+1	3.916855E+0	1.420884E+1	3.992889E-1	2.314636E+3	-1.829320E+3	4.563120E+3	-3.034156E+3	6.259698E+3	-1.059417E+4	7.388694E+3	-1.736349E+4
6.038000E+1	1.421912E+1	4.109000E+0	1.421954E+1	3.993981E-1	2.315023E+3	-1.829320E+3	4.563120E+3	-3.034543E+3	6.258925E+3	-1.059378E+4	7.388307E+3	-1.736386E+4
6.039000E+1	1.422988E+1	3.992370E+0	1.423031E+1	3.995079E-1	2.315409E+3	-1.829320E+3	4.563120E+3	-3.034929E+3	6.258152E+3	-1.059338E+4	7.387921E+3	-1.736424E+4
6.040000E+1	1.424054E+1	3.842525E+0	1.424096E+1	3.996167E-1	2.315780E+3	-1.829320E+3	4.563101E+3	-3.035300E+3	6.257401E+3	-1.059301E+4	7.387512E+3	-1.736459E+4
6.041000E+1	1.425104E+1	3.928961E+0	1.425147E+1	3.997238E-1	2.315780E+3	-1.829320E+3	4.562625E+3	-3.035300E+3	6.257163E+3	-1.059325E+4	7.386562E+3	-1.736436E+4
6.042000E+1	1.426148E+1	4.048569E+0	1.426191E+1	3.998303E-1	2.315780E+3	-1.829320E+3	4.562150E+3	-3.035300E+3	6.256925E+3	-1.059350E+4	7.385612E+3	-1.736413E+4
6.043000E+1	1.427156E+1	3.991338E+0	1.427199E+1	3.999332E-1	2.315780E+3	-1.829320E+3	4.561674E+3	-3.035300E+3	6.256687E+3	-1.059374E+4	7.384662E+3	-1.736390E+4
6.044000E+1	1.428149E+1	3.928732E+0	1.428192E+1	4.000346E-1	2.315780E+3	-1.829320E+3	4.561199E+3	-3.035300E+3	6.256449E+3	-1.059399E+4	7.383712E+3	-1.736367E+4
6.045000E+1	1.429142E+1	3.907021E+0	1.429184E+1	4.001358E-1	2.315780E+3	-1.829320E+3	4.560723E+3	-3.035300E+3	6.256211E+3	-1.059423E+4	7.382762E+3	-1.736343E+4
6.046000E+1	1.430124E+1	4.014466E+0	1.430167E+1	4.002361E-1	2.315780E+3	-1.829320E+3	4.560247E+3	-3.035300E+3	6.255974E+3	-1.059448E+4	7.381812E+3	-1.736320E+4
6.047000E+1	1.431105E+1	4.023759E+0	1.431148E+1	4.003362E-1	2.315780E+3	-1.829320E+3	4.559772E+3	-3.035300E+3	6.255736E+3	-1.059472E+4	7.380862E+3	-1.736297E+4
6.048000E+1	1.432091E+1	3.945183E+0	1.432133E+1	4.004368E-1	2.316586E+3	-1.830931E+3	4.560226E+3	-3.036106E+3	6.256366E+3	-1.059490E+4	7.379354E+3	-1.736280E+4
6.049000E+1	1.433106E+1	3.861278E+0	1.433149E+1	4.005403E-1	2.317478E+3	-1.832868E+3	4.561270E+3	-3.036998E+3	6.257410E+3	-1.059460E+4	7.378916E+3	-1.736264E+4
6.050000E+1	1.434131E+1	3.931569E+0	1.434174E+1	4.006450E-1	2.317249E+3	-1.832639E+3	4.561270E+3	-3.036769E+3	6.257410E+3	-1.059414E+4	7.379831E+3	-1.736241E+4
6.051000E+1	1.435133E+1	4.089814E+0	1.435175E+1	4.007472E-1	2.317020E+3	-1.832410E+3	4.561270E+3	-3.036540E+3	6.257410E+3	-1.059368E+4	7.380745E+3	-1.736217E+4
6.052000E+1	1.436084E+1	3.970221E+0	1.436127E+1	4.008442E-1	2.316791E+3	-1.832181E+3	4.561270E+3	-3.036311E+3	6.257410E+3	-1.059322E+4	7.381660E+3	-1.736194E+4
6.053000E+1	1.437064E+1	3.897110E+0	1.437107E+1	4.009442E-1	2.316562E+3	-1.831952E+3	4.561270E+3	-3.036082E+3	6.257410E+3	-1.059276E+4	7.382575E+3	-1.736170E+4
6.054000E+1	1.438066E+1	3.937481E+0	1.438109E+1	4.010465E-1	2.316333E+3	-1.831723E+3	4.561270E+3	-3.035853E+3	6.257410E+3	-1.059231E+4	7.383490E+3	-1.736147E+4
6.055000E+1	1.439066E+1	4.089648E+0	1.439109E+1	4.011486E-1	2.316104E+3	-1.831494E+3	4.561270E+3	-3.035624E+3	6.257410E+3	-1.059185E+4	7.384405E+3	-1.736123E+4
6.056000E+1	1.440008E+1	3.984711E+0	1.440051E+1	4.012447E-1	2.315875E+3	-1.831265E+3	4.561270E+3	-3.035395E+3	6.257410E+3	-1.059139E+4	7.385319E+3	-1.736100E+4
6.057000E+1	1.440804E+1	3.912196E+0	1.440846E+1	4.013258E-1	2.315780E+3	-1.829418E+3	4.559518E+3	-3.035300E+3	6.253513E+3	-1.059490E+4	7.380062E+3	-1.736290E+4
6.058000E+1	1.441401E+1	3.936108E+0	1.441444E+1	4.013868E-1	2.315780E+3	-1.829587E+3	4.559687E+3	-3.035300E+3	6.253176E+3	-1.059490E+4	7.379893E+3	-1.736306E+4
6.059000E+1	1.441773E+1	4.014203E+0	1.441815E+1	4.014247E-1	2.315780E+3	-1.829756E+3	4.559856E+3	-3.035300E+3	6.252839E+3	-1.059490E+4	7.379724E+3	-1.736322E+4
6.060000E+1	1.441979E+1	3.998104E+0	1.442021E+1	4.014457E-1	2.315780E+3	-1.829924E+3	4.560024E+3	-3.035300E+3	6.252501E+3	-1.059490E+4	7.379556E+3	-1.736339E+4
6.061000E+1	1.442061E+1	4.083020E+0	1.442104E+1	4.014541E-1	2.315780E+3	-1.830093E+3	4.560193E+3	-3.035300E+3	6.252164E+3	-1.059490E+4	7.379387E+3	-1.736355E+4
6.062000E+1	1.442087E+1	3.827180E+0	1.442130E+1	4.014568E-1	2.315780E+3	-1.830262E+3	4.560362E+3	-3.035300E+3	6.251827E+3	-1.059490E+4	7.379218E+3	-1.736372E+4
6.063000E+1	1.442119E+1	3.798936E+0	1.442162E+1	4.014600E-1	2.315780E+3	-1.830430E+3	4.560530E+3	-3.035300E+3	6.251490E+3	-1.059490E+4	7.379050E+3	-1.736388E+4
6.064000E+1	1.442146E+1	4.051682E+0	1.442189E+1	4.014628E-1	2.315780E+3	-1.830599E+3	4.560699E+3	-3.035300E+3	6.251152E+3	-1.059490E+4	7.378881E+3	-1.736404E+4
6.065000E+1	1.442181E+1	4.099298E+0	1.442224E+1	4.014664E-1	2.315780E+3	-1.830768E+3	4.560868E+3	-3.035300E+3	6.250815E+3	-1.059490E+4	7.378712E+3	-1.736421E+4
6.066000E+1	1.442211E+1	4.065813E+0	1.442253E+1	4.014694E-1	2.315780E+3	-1.830936E+3	4.561036E+3	-3.035300E+3	6.250478E+3	-1.059490E+4	7.378544E+3	-1.736437E+4
6.067000E+1	1.442239E+1	3.939820E+0	1.442282E+1	4.014724E-1	2.315780E+3	-1.831105E+3	4.561205E+3	-3.035300E+3	6.250140E+3	-1.059490E+4	7.378375E+3	-1.736454E+4
6.068000E+1	1.442274E+1	3.896479E+0	1.442316E+1	4.014758E-1	2.313859E+3	-1.831170E+3	4.561199E+3	-3.035371E+3	6.246239E+3	-1.059307E+4	7.378027E+3	-1.736650E+4
6.069000E+1	1.442305E+1	3.934971E+0	1.442348E+1	4.014790E-1	2.313744E+3	-1.831170E+3	4.561084E+3	-3.035486E+3	6.246124E+3	-1.059319E+4	7.377566E+3	-1.736650E+4
6.070000E+1	1.442337E+1	3.951654E+0	1.442380E+1	4.014823E-1	2.313629E+3	-1.831170E+3	4.560969E+3	-3.035601E+3	6.246009E+3	-1.059331E+4	7.377105E+3	-1.736650E+4
6.071000E+1	1.442354E+1	3.966465E+0	1.442397E+1	4.014841E-1	2.313513E+3	-1.831170E+3	4.560853E+3	-3.035717E+3	6.245893E+3	-1.059343E+4	7.376644E+3	-1.736650E+4
6.072000E+1	1.442369E+1	3.934137E+0	1.442412E+1	4.014856E-1	2.313398E+3	-1.831170E+3	4.560738E+3	-3.035832E+3	6.245778E+3	-1.059355E+4	7.376183E+3	-1.736650E+4
6.073000E+1	1.442380E+1	4.007200E+0	1.442423E+1	4.014867E-1	2.313283E+3	-1.831170E+3	4.560623E+3	-3.035947E+3	6.245663E+3	-1.059366E+4	7.375721E+3	-1.736650E+4
6.074000E+1	1.442391E+1	3.879472E+0	1.442433E+1	4.014878E-1	2.313168E+3	-1.831170E+3	4.560508E+3	-3.036062E+3	6.245548E+3	-1.059378E+4	7.375260E+3	-1.736650E+4
6.075000E+1	1.442409E+1	3.893812E+0	1.442452E+1	4.014896E-1	2.313052E+3	-1.831170E+3	4.560392E+3	-3.036178E+3	6.245432E+3	-1.059390E+4	7.374799E+3	-1.736650E+4
6.076000E+1	1.442431E+1	3.980891E+0	1.442474E+1	4.014919E-1	2.312937E+3	-1.831170E+3	4.560277E+3	-3.036293E+3	6.245317E+3	-1.059402E+4	7.374338E+3	-1.736650E+4
6.077000E+1	1.442445E+1	4.007343E+0	1.442488E+1	4.014933E-1	2.312822E+3	-1.831170E+3	4.560162E+3	-3.036408E+3	6.245202E+3	-1.059414E+4	7.373877E+3	-1.736650E+4
6.078000E+1	1.442456E+1	3.976954E+0	1.442498E+1	4.014944E-1	2.312706E+3	-1.831170E+3	4.560046E+3	-3.036524E+3	6.245086E+3	-1.059426E+4	7.373416E+3	-1.736650E+4
6.079000E+1	1.442472E+1	3.894814E+0	1.442515E+1	4.014961E-1	2.312591E+3	-1.831170E+3	4.559931E+3	-3.036639E+3	6.244971E+3	-1.059438E+4	7.372954E+3	-1.736650E+4
6.080000E+1	1.442489E+1	3.826275E+0	1.442531E+1	4.014978E-1	2.312476E+3	-1.831170E+3	4.559816E+3	-3.036754E+3	6.244856E+3	-1.059449E+4	7.372493E+3	-1.736650E+4
6.081000E+1	1.442506E+1	4.038425E+0	1.442548E+1	4.014995E-1	2.312361E+3	-1.831170E+3	4.559701E+3	-3.036869E+3	6.244741E+3	-1.059461E+4	7.372032E+3	-1.736650E+4
6.082000E+1	1.442524E+1	4.100318E+0	1.442567E+1	4.015014E-1	2.312245E+3	-1.831170E+3	4.559585E+3	-3.036985E+3	6.244625E+3	-1.059473E+4	7.371571E+3	-1.736650E+4
6.083000E+1	1.442530E+1	3.890987E+0	1.442573E+1	4.015020E-1	2.312130E+3	-1.831170E+3	4.559470E+3	-3.037100E+3	6.244510E+3	-1.059485E+4	7.371110E+3	-1.736650E+4
6.084000E+1	1.442538E+1	3.776588E+0	1.442581E+1	4.015028E-1	2.313646E+3	-1.824623E+3	4.556004E+3	-3.035300E+3	6.242041E+3	-1.059642E+4	7.367494E+3	-1.736707E+4
6.085000E+1	1.442544E+1	3.866858E+0	1.442586E+1	4.015034E-1	2.313144E+3	-1.826127E+3	4.556506E+3	-3.035300E+3	6.241039E+3	-1.059594E+4	7.367996E+3	-1.736807E+4
6.086000E+1	1.442553E+1	4.103115E+0	1.442596E+1	4.015044E-1	2.312643E+3	-1.827631E+3	4.557007E+3	-3.035300E+3	6.240036E+3	-1.059545E+4	7.368497E+3	-1.736907E+4
6.087000E+1	1.442568E+1	3.983362E+0	1.442611E+1	4.015059E-1	2.312142E+3	-1.829135E+3	4.557508E+3	-3.035300E+3	6.239033E+3	-1.059496E+4	7.368998E+3	-1.737008E+4
6.088000E+1	1.442578E+1	3.954580E+0	1.442620E+1	4.015069E-1	2.312080E+3	-1.829946E+3	4.557570E+3	-3.035926E+3	6.238284E+3	-1.059490E+4	7.368434E+3	-1.737020E+4
6.089000E+1	1.442584E+1	3.736773E+0	1.442627E+1	4.015075E-1	2.312080E+3	-1.830659E+3	4.557570E+3	-3.036639E+3	6.237571E+3	-1.059490E+4	7.367721E+3	-1.737020E+4
6.090000E+1	1.442592E+1	3.992736E+0	1.442634E+1	4.015083E-1	2.312080E+3	-1.830841E+3	4.557405E+3	-3.037315E+3	6.237225E+3	-1.059506E+4	7.366716E+3	-1.736987E+4
6.091000E+1	1.442599E+1	4.088628E+0	1.442642E+1	4.015090E-1	2.312080E+3	-1.829682E+3	4.556826E+3	-3.037894E+3	6.237804E+3	-1.059562E+4	7.364977E+3	-1.736871E+4
6.092000E+1	1.442608E+1	4.013220E+0	1.442651E+1	4.015100E-1	2.312080E+3	-1.828522E+3	4.556246E+3	-3.038474E+3	6.238384E+3	-1.059619E+4	7.363238E+3	-1.736755E+4
6.093000E+1	1.442612E+1	3.887027E+0	1.442655E+1	4.015103E-1	2.312080E+3	-1.827543E+3	4.555720E+3	-3.039036E+3	6.238910E+3	-1.059666E+4	7.361696E+3	-1.736650E+4
6.094000E+1	1.442620E+1	3.825562E+0	1.442662E+1	4.015111E-1	2.312080E+3	-1.828332E+3	4.555720E+3	-3.039431E+3	6.238910E+3	-1.059628E+4	7.362091E+3	-1.736650E+4
6.095000E+1	1.442621E+1	3.914710E+0	1.442664E+1	4.015113E-1	2.312080E+3	-1.829122E+3	4.555720E+3	-3.039826E+3	6.238910E+3	-1.059590E+4	7.362486E+3	-1.736650E+4
6.096000E+1	1.442624E+1	4.030747E+0	1.442666E+1	4.015115E-1	2.312080E+3	-1.829911E+3	4.555720E+3	-3.040220E+3	6.238910E+3	-1.059551E+4	7.362880E+3	-1.736650E+4
6.097000E+1	1.442626E+1	3.993352E+0	1.442669E+1	4.015118E-1	2.312080E+3	-1.830700E+3	4.555720E+3	-3.040615E+3	6.238910E+3	-1.059513E+4	7.363275E+3	-1.736650E+4
6.098000E+1	1.442630E+1	3.974760E+0	1.442673E+1	4.015122E-1	2.312236E+3	-1.830857E+3	4.555720E+3	-3.040850E+3	6.238910E+3	-1.059474E+4	7.363823E+3	-1.736650E+4
6.099000E+1	1.442640E+1	3.977777E+0	1.442682E+1	4.015132E-1	2.312623E+3	-1.830084E+3	4.555720E+3	-3.040850E+3	6.238910E+3	-1.059434E+4	7.364596E+3	-1.736650E+4
6.100000E+1	1.442643E+1	3.832674E+0	1.442686E+1	4.015135E-1	2.313009E+3	-1.829311E+3	4.555720E+3	-3.040850E+3	6.238910E+3	-1.059395E+4	7.365369E+3	-1.736650E+4
6.101000E+1	1.442644E+1	3.804885E+0	1.442687E+1	4.015137E-1	2.313396E+3	-1.828538E+3	4.555720E+3	-3.040850E+3	6.238910E+3	-1.059355E+4	7.366142E+3	-1.736650E+4
6.102000E+1	1.442648E+1	3.982713E+0	1.442691E+1	4.015140E-1	2.313782E+3	-1.827765E+3	4.555720E+3	-3.040850E+3	6.238910E+3	-1.059315E+4	7.366915E+3	-1.736650E+4
6.103000E+1	1.442651E+1	4.100743E+0	1.442693E+1	4.015143E-1	2.313930E+3	-1.827294E+3	4.555720E+3	-3.040674E+3	6.238734E+3	-1.059335E+4	7.366681E+3	-1.736685E+4
6.104000E+1	1.442654E+1	3.959706E+0	1.442697E+1	4.015146E-1	2.313930E+3	-1.827008E+3	4.555720E+3	-3.040388E+3	6.238448E+3	-1.059392E+4	7.365825E+3	-1.736742E+4
6.105000E+1	1.442657E+1	3.750778E+0	1.442700E+1	4.015149E-1	2.313930E+3	-1.826723E+3	4.555720E+3	-3.040103E+3	6.238163E+3	-1.059449E+4	7.364969E+3	-1.736799E+4
6.106000E+1	1.442658E+1	3.899365E+0	1.442701E+1	4.015151E-1	2.313930E+3	-1.826438E+3	4.555720E+3	-3.039818E+3	6.237878E+3	-1.059506E+4	7.364113E+3	-1.736856E+4
6.107000E+1	1.442661E+1	4.150499E+0	1.442704E+1	4.015154E-1	2.313930E+3	-1.826152E+3	4.555720E+3	-3.039532E+3	6.237592E+3	-1.059564E+4	7.363257E+3	-1.736914E+4
6.108000E+1	1.442662E+1	4.086517E+0	1.442705E+1	4.015155E-1	2.313930E+3	-1.825867E+3	4.555720E+3	-3.039247E+3	6.237307E+3	-1.059621E+4	7.362400E+3	-1.736971E+4
6.109000E+1	1.442665E+1	3.816504E+0	1.442708E+1	4.015158E-1	2.313839E+3	-1.825666E+3	4.555766E+3	-3.039000E+3	6.237014E+3	-1.059666E+4	7.361706E+3	-1.737024E+4
6.110000E+1	1.442667E+1	3.713772E+0	1.442710E+1	4.015160E-1	2.313164E+3	-1.826003E+3	4.556103E+3	-3.039000E+3	6.236677E+3	-1.059633E+4	7.362043E+3	-1.737057E+4
6.111000E+1	1.442667E+1	3.993319E+0	1.442710E+1	4.015160E-1	2.312490E+3	-1.826340E+3	4.556440E+3	-3.039000E+3	6.236340E+3	-1.059600E+4	7.362380E+3	-1.737090E+4
6.112000E+1	1.442668E+1	4.063328E+0	1.442711E+1	4.015161E-1	2.311815E+3	-1.826677E+3	4.556777E+3	-3.039000E+3	6.236003E+3	-1.059567E+4	7.362717E+3	-1.737123E+4
6.113000E+1	1.442671E+1	3.945212E+0	1.442714E+1	4.015164E-1	2.311141E+3	-1.827015E+3	4.557115E+3	-3.039000E+3	6.235665E+3	-1.059534E+4	7.363055E+3	-1.737156E+4
6.114000E+1	1.442678E+1	3.854251E+0	1.442721E+1	4.015171E-1	2.310466E+3	-1.827352E+3	4.557452E+3	-3.039000E+3	6.235328E+3	-1.059501E+4	7.363392E+3	-1.737189E+4
6.115000E+1	1.442683E+1	3.842193E+0	1.442726E+1	4.015176E-1	2.315588E+3	-1.830978E+3	4.554062E+3	-3.039192E+3	6.233360E+3	-1.059509E+4	7.359618E+3	-1.737200E+4
6.116000E+1	1.442685E+1	4.104320E+0	1.442728E+1	4.015178E-1	2.315238E+3	-1.830628E+3	4.554412E+3	-3.039542E+3	6.233360E+3	-1.059543E+4	7.359268E+3	-1.737200E+4
6.117000E+1	1.442686E+1	3.936638E+0	1.442729E+1	4.015179E-1	2.314888E+3	-1.830278E+3	4.554762E+3	-3.039892E+3	6.233360E+3	-1.059577E+4	7.358918E+3	-1.737200E+4
6.118000E+1	1.442686E+1	3.792677E+0	1.442729E+1	4.015179E-1	2.314538E+3	-1.829928E+3	4.555112E+3	-3.040242E+3	6.233360E+3	-1.059611E+4	7.358568E+3	-1.737200E+4
6.119000E+1	1.442687E+1	3.776609E+0	1.442730E+1	4.015180E-1	2.314188E+3	-1.829578E+3	4.555462E+3	-3.040592E+3	6.233360E+3	-1.059645E+4	7.358218E+3	-1.737200E+4
6.120000E+1	1.442689E+1	3.907450E+0	1.442732E+1	4.015182E-1	2.313804E+3	-1.829320E+3	4.555720E+3	-3.040850E+3	6.233486E+3	-1.059645E+4	7.358337E+3	-1.737188E+4
6.121000E+1	1.442690E+1	3.975562E+0	1.442732E+1	4.015183E-1	2.313329E+3	-1.829320E+3	4.555720E+3	-3.040850E+3	6.233961E+3	-1.059550E+4	7.359764E+3	-1.737141E+4
6.122000E+1	1.442691E+1	4.013750E+0	1.442734E+1	4.015184E-1	2.312853E+3	-1.829320E+3	4.555720E+3	-3.040850E+3	6.234437E+3	-1.059455E+4	7.361191E+3	-1.737095E+4
6.123000E+1	1.442693E+1	3.948934E+0	1.442736E+1	4.015187E-1	2.312377E+3	-1.829320E+3	4.555720E+3	-3.040850E+3	6.234913E+3	-1.059359E+4	7.362618E+3	-1.737049E+4
6.124000E+1	1.442697E+1	4.070243E+0	1.442740E+1	4.015190E-1	2.312171E+3	-1.829411E+3	4.555629E+3	-3.040759E+3	6.235210E+3	-1.059309E+4	7.363510E+3	-1.737020E+4
6.125000E+1	1.442700E+1	3.813042E+0	1.442742E+1	4.015193E-1	2.312415E+3	-1.829655E+3	4.555385E+3	-3.040515E+3	6.235210E+3	-1.059334E+4	7.363510E+3	-1.737020E+4
6.126000E+1	1.442706E+1	3.887528E+0	1.442749E+1	4.015200E-1	2.312660E+3	-1.829900E+3	4.555140E+3	-3.040270E+3	6.235210E+3	-1.059360E+4	7.363510E+3	-1.737020E+4
6.127000E+1	1.442707E+1	3.932062E+0	1.442749E+1	4.015200E-1	2.312904E+3	-1.830144E+3	4.554896E+3	-3.040026E+3	6.235210E+3	-1.059385E+4	7.363510E+3	-1.737020E+4
6.128000E+1	1.442707E+1	4.030166E+0	1.442750E+1	4.015200E-1	2.313148E+3	-1.830388E+3	4.554652E+3	-3.039782E+3	6.235210E+3	-1.059410E+4	7.363510E+3	-1.737020E+4
6.129000E+1	1.442707E+1	4.048453E+0	1.442750E+1	4.015200E-1	2.313392E+3	-1.830632E+3	4.554408E+3	-3.039538E+3	6.235210E+3	-1.059435E+4	7.363510E+3	-1.737020E+4
6.130000E+1	1.442707E+1	3.939680E+0	1.442750E+1	4.015201E-1	2.313636E+3	-1.830876E+3	4.554164E+3	-3.039294E+3	6.235210E+3	-1.059460E+4	7.363510E+3	-1.737020E+4
6.131000E+1	1.442708E+1	3.745499E+0	1.442751E+1	4.015202E-1	2.313880E+3	-1.831120E+3	4.553920E+3	-3.039050E+3	6.235210E+3	-1.059485E+4	7.363510E+3	-1.737020E+4
6.132000E+1	1.442708E+1	3.804218E+0	1.442750E+1	4.015201E-1	2.312503E+3	-1.829743E+3	4.554346E+3	-3.039000E+3	6.234734E+3	-1.059536E+4	7.362559E+3	-1.737020E+4
6.133000E+1	1.442708E+1	3.968813E+0	1.442751E+1	4.015202E-1	2.310708E+3	-1.827948E+3	4.554944E+3	-3.039000E+3	6.234136E+3	-1.059594E+4	7.361362E+3	-1.737020E+4
6.134000E+1	1.442708E+1	3.940556E+0	1.442751E+1	4.015202E-1	2.308913E+3	-1.826153E+3	4.555542E+3	-3.039000E+3	6.233538E+3	-1.059653E+4	7.360165E+3	-1.737020E+4
6.135000E+1	1.442708E+1	3.905978E+0	1.442751E+1	4.015202E-1	2.308547E+3	-1.825453E+3	4.555720E+3	-3.039000E+3	6.233193E+3	-1.059654E+4	7.359977E+3	-1.737036E+4
6.136000E+1	1.442708E+1	3.865286E+0	1.442751E+1	4.015202E-1	2.308785E+3	-1.825215E+3	4.555720E+3	-3.039000E+3	6.232955E+3	-1.059631E+4	7.360215E+3	-1.737059E+4
6.137000E+1	1.442709E+1	3.933648E+0	1.442752E+1	4.015203E-1	2.309023E+3	-1.824977E+3	4.555720E+3	-3.039000E+3	6.232717E+3	-1.059607E+4	7.360453E+3	-1.737083E+4
6.138000E+1	1.442710E+1	3.872696E+0	1.442752E+1	4.015203E-1	2.309261E+3	-1.824739E+3	4.555720E+3	-3.039000E+3	6.232479E+3	-1.059584E+4	7.360691E+3	-1.737106E+4
6.139000E+1	1.442711E+1	3.813792E+0	1.442753E+1	4.015204E-1	2.309498E+3	-1.824502E+3	4.555720E+3	-3.039000E+3	6.232242E+3	-1.059561E+4	7.360928E+3	-1.737129E+4
6.140000E+1	1.442710E+1	3.874141E+0	1.442753E+1	4.015204E-1	2.309736E+3	-1.824264E+3	4.555720E+3	-3.039000E+3	6.232004E+3	-1.059538E+4	7.361166E+3	-1.737152E+4
6.141000E+1	1.442711E+1	3.942073E+0	1.442753E+1	4.015204E-1	2.309974E+3	-1.824026E+3	4.555720E+3	-3.039000E+3	6.231766E+3	-1.059515E+4	7.361404E+3	-1.737175E+4
6.142000E+1	1.442711E+1	4.094334E+0	1.442754E+1	4.015205E-1	2.310212E+3	-1.823788E+3	4.555720E+3	-3.039000E+3	6.231528E+3	-1.059492E+4	7.361642E+3	-1.737198E+4
6.143000E+1	1.442711E+1	3.871262E+0	1.442754E+1	4.015205E-1	2.310230E+3	-1.824952E+3	4.555720E+3	-3.040182E+3	6.230922E+3	-1.059547E+4	7.360478E+3	-1.737200E+4
6.144000E+1	1.442711E+1	3.730766E+0	1.442754E+1	4.015205E-1	2.310230E+3	-1.826231E+3	4.555720E+3	-3.041461E+3	6.230286E+3	-1.059610E+4	7.359199E+3	-1.737200E+4
6.145000E+1	1.442712E+1	3.856541E+0	1.442755E+1	4.015206E-1	2.310213E+3	-1.827470E+3	4.555720E+3	-3.042700E+3	6.229670E+3	-1.059670E+4	7.357927E+3	-1.737200E+4
6.146000E+1	1.442712E+1	4.079523E+0	1.442755E+1	4.015206E-1	2.309683E+3	-1.827470E+3	4.555720E+3	-3.042700E+3	6.229670E+3	-1.059670E+4	7.356867E+3	-1.737200E+4
6.147000E+1	1.442711E+1	3.935595E+0	1.442754E+1	4.015205E-1	2.309153E+3	-1.827470E+3	4.555720E+3	-3.042700E+3	6.229670E+3	-1.059670E+4	7.355807E+3	-1.737200E+4
6.148000E+1	1.442711E+1	3.940546E+0	1.442754E+1	4.015205E-1	2.308623E+3	-1.827470E+3	4.555720E+3	-3.042700E+3	6.229670E+3	-1.059670E+4	7.354747E+3	-1.737200E+4
6.149000E+1	1.442711E+1	3.703592E+0	1.442754E+1	4.015204E-1	2.308380E+3	-1.827470E+3	4.554764E+3	-3.042700E+3	6.229670E+3	-1.059574E+4	7.355216E+3	-1.737154E+4
6.150000E+1	1.442711E+1	3.840281E+0	1.442754E+1	4.015204E-1	2.308380E+3	-1.827470E+3	4.552998E+3	-3.042700E+3	6.229670E+3	-1.059398E+4	7.356982E+3	-1.737068E+4
6.151000E+1	1.442711E+1	3.883133E+0	1.442754E+1	4.015205E-1	2.308647E+3	-1.827470E+3	4.551753E+3	-3.042433E+3	6.229936E+3	-1.059353E+4	7.357693E+3	-1.737046E+4
6.152000E+1	1.442711E+1	3.984218E+0	1.442754E+1	4.015205E-1	2.309246E+3	-1.827470E+3	4.551154E+3	-3.041834E+3	6.230531E+3	-1.059473E+4	7.357094E+3	-1.737104E+4
6.153000E+1	1.442711E+1	3.825469E+0	1.442754E+1	4.015205E-1	2.309844E+3	-1.827470E+3	4.550556E+3	-3.041236E+3	6.231126E+3	-1.059593E+4	7.356496E+3	-1.737162E+4
6.154000E+1	1.442711E+1	3.899088E+0	1.442754E+1	4.015205E-1	2.310230E+3	-1.827470E+3	4.550483E+3	-3.040850E+3	6.231198E+3	-1.059702E+4	7.355797E+3	-1.737200E+4
6.155000E+1	1.442712E+1	3.830444E+0	1.442755E+1	4.015206E-1	2.310230E+3	-1.827470E+3	4.551367E+3	-3.040850E+3	6.230320E+3	-1.059793E+4	7.354913E+3	-1.737200E+4
6.156000E+1	1.442712E+1	3.879440E+0	1.442755E+1	4.015206E-1	2.310144E+3	-1.827470E+3	4.552020E+3	-3.040677E+3	6.229497E+3	-1.059851E+4	7.354260E+3	-1.737209E+4
6.157000E+1	1.442712E+1	3.865734E+0	1.442755E+1	4.015206E-1	2.309812E+3	-1.827470E+3	4.552020E+3	-3.040015E+3	6.228835E+3	-1.059817E+4	7.354260E+3	-1.737243E+4
6.158000E+1	1.442712E+1	3.964555E+0	1.442755E+1	4.015206E-1	2.309481E+3	-1.827470E+3	4.552020E+3	-3.039352E+3	6.228172E+3	-1.059783E+4	7.354260E+3	-1.737277E+4
6.159000E+1	1.442712E+1	3.963295E+0	1.442755E+1	4.015206E-1	2.309150E+3	-1.827470E+3	4.552020E+3	-3.038690E+3	6.227510E+3	-1.059749E+4	7.354260E+3	-1.737311E+4
6.160000E+1	1.442711E+1	3.806640E+0	1.442754E+1	4.015204E-1	2.308819E+3	-1.827470E+3	4.552020E+3	-3.038027E+3	6.226847E+3	-1.059715E+4	7.354260E+3	-1.737345E+4
6.161000E+1	1.442711E+1	3.811033E+0	1.442754E+1	4.015205E-1	2.308487E+3	-1.827470E+3	4.552020E+3	-3.037365E+3	6.226185E+3	-1.059681E+4	7.354260E+3	-1.737379E+4
6.162000E+1	1.442711E+1	3.709505E+0	1.442754E+1	4.015205E-1	2.309573E+3	-1.827470E+3	4.552020E+3	-3.038343E+3	6.225970E+3	-1.059670E+4	7.353067E+3	-1.737390E+4
6.163000E+1	1.442711E+1	4.020376E+0	1.442754E+1	4.015205E-1	2.311340E+3	-1.827470E+3	4.552020E+3	-3.040110E+3	6.225970E+3	-1.059670E+4	7.351300E+3	-1.737390E+4
6.164000E+1	1.442711E+1	3.952805E+0	1.442753E+1	4.015204E-1	2.312080E+3	-1.827673E+3	4.552020E+3	-3.041053E+3	6.226173E+3	-1.059670E+4	7.350560E+3	-1.737369E+4
6.165000E+1	1.442711E+1	3.788581E+0	1.442753E+1	4.015204E-1	2.312080E+3	-1.828023E+3	4.552020E+3	-3.041403E+3	6.226523E+3	-1.059670E+4	7.350560E+3	-1.737333E+4
6.166000E+1	1.442711E+1	3.719208E+0	1.442754E+1	4.015205E-1	2.312080E+3	-1.828373E+3	4.552020E+3	-3.041753E+3	6.226873E+3	-1.059670E+4	7.350560E+3	-1.737297E+4
6.167000E+1	1.442711E+1	3.925573E+0	1.442754E+1	4.015205E-1	2.312080E+3	-1.828723E+3	4.552020E+3	-3.042103E+3	6.227223E+3	-1.059670E+4	7.350560E+3	-1.737261E+4
6.168000E+1	1.442711E+1	4.054599E+0	1.442754E+1	4.015205E-1	2.312080E+3	-1.829073E+3	4.552020E+3	-3.042453E+3	6.227573E+3	-1.059670E+4	7.350560E+3	-1.737225E+4
6.169000E+1	1.442710E+1	3.998001E+0	1.442753E+1	4.015204E-1	2.312080E+3	-1.829101E+3	4.551801E+3	-3.042481E+3	6.227820E+3	-1.059649E+4	7.351436E+3	-1.737200E+4
6.170000E+1	1.442711E+1	3.821257E+0	1.442754E+1	4.015204E-1	2.312080E+3	-1.828359E+3	4.551059E+3	-3.041739E+3	6.227820E+3	-1.059577E+4	7.354404E+3	-1.737200E+4
6.171000E+1	1.442711E+1	3.855007E+0	1.442754E+1	4.015205E-1	2.312080E+3	-1.827617E+3	4.550317E+3	-3.040997E+3	6.227820E+3	-1.059504E+4	7.357372E+3	-1.737200E+4
6.172000E+1	1.442711E+1	3.867605E+0	1.442754E+1	4.015205E-1	2.312080E+3	-1.827470E+3	4.550480E+3	-3.040850E+3	6.227820E+3	-1.059520E+4	7.357340E+3	-1.737200E+4
6.173000E+1	1.442710E+1	3.831774E+0	1.442753E+1	4.015204E-1	2.312080E+3	-1.827470E+3	4.550866E+3	-3.040850E+3	6.227820E+3	-1.059558E+4	7.356567E+3	-1.737200E+4
6.174000E+1	1.442711E+1	3.814019E+0	1.442753E+1	4.015204E-1	2.312080E+3	-1.827470E+3	4.551253E+3	-3.040850E+3	6.227820E+3	-1.059595E+4	7.355795E+3	-1.737200E+4
6.175000E+1	1.442711E+1	3.892370E+0	1.442754E+1	4.015204E-1	2.312080E+3	-1.827470E+3	4.551639E+3	-3.040850E+3	6.227820E+3	-1.059633E+4	7.355022E+3	-1.737200E+4
6.176000E+1	1.442711E+1	4.020460E+0	1.442753E+1	4.015204E-1	2.312063E+3	-1.827462E+3	4.552020E+3	-3.040850E+3	6.227812E+3	-1.059671E+4	7.354252E+3	-1.737201E+4
6.177000E+1	1.442711E+1	4.010025E+0	1.442754E+1	4.015205E-1	2.310904E+3	-1.826882E+3	4.552020E+3	-3.040850E+3	6.227232E+3	-1.059730E+4	7.353672E+3	-1.737260E+4
6.178000E+1	1.442710E+1	3.866337E+0	1.442753E+1	4.015204E-1	2.309744E+3	-1.826302E+3	4.552020E+3	-3.040850E+3	6.226652E+3	-1.059790E+4	7.353092E+3	-1.737320E+4
6.179000E+1	1.442711E+1	3.924241E+0	1.442753E+1	4.015204E-1	2.308585E+3	-1.825723E+3	4.552020E+3	-3.040850E+3	6.226073E+3	-1.059849E+4	7.352513E+3	-1.737379E+4
6.180000E+1	1.442711E+1	4.019438E+0	1.442753E+1	4.015204E-1	2.308731E+3	-1.825620E+3	4.552195E+3	-3.040850E+3	6.225970E+3	-1.059842E+4	7.352410E+3	-1.737407E+4
6.181000E+1	1.442711E+1	3.892499E+0	1.442754E+1	4.015205E-1	2.309157E+3	-1.825620E+3	4.552409E+3	-3.040850E+3	6.225970E+3	-1.059820E+4	7.352410E+3	-1.737428E+4
6.182000E+1	1.442711E+1	3.855980E+0	1.442754E+1	4.015205E-1	2.309584E+3	-1.825620E+3	4.552622E+3	-3.040850E+3	6.225970E+3	-1.059798E+4	7.352410E+3	-1.737449E+4
6.183000E+1	1.442710E+1	3.968356E+0	1.442753E+1	4.015204E-1	2.310010E+3	-1.825620E+3	4.552835E+3	-3.040850E+3	6.225970E+3	-1.059776E+4	7.352410E+3	-1.737469E+4
6.184000E+1	1.442708E+1	4.028752E+0	1.442751E+1	4.015202E-1	2.310437E+3	-1.825620E+3	4.553048E+3	-3.040850E+3	6.225970E+3	-1.059754E+4	7.352410E+3	-1.737490E+4
6.185000E+1	1.442706E+1	3.830533E+0	1.442749E+1	4.015199E-1	2.310863E+3	-1.825620E+3	4.553262E+3	-3.040850E+3	6.225970E+3	-1.059732E+4	7.352410E+3	-1.737511E+4
6.186000E+1	1.442706E+1	3.778641E+0	1.442749E+1	4.015199E-1	2.311290E+3	-1.825620E+3	4.553475E+3	-3.040850E+3	6.225970E+3	-1.059711E+4	7.352410E+3	-1.737532E+4
6.187000E+1	1.442707E+1	3.753909E+0	1.442750E+1	4.015200E-1	2.311716E+3	-1.825620E+3	4.553688E+3	-3.040850E+3	6.225970E+3	-1.059689E+4	7.352410E+3	-1.737552E+4
6.188000E+1	1.442706E+1	3.978970E+0	1.442749E+1	4.015200E-1	2.312080E+3	-1.825532E+3	4.553782E+3	-3.040938E+3	6.225882E+3	-1.059679E+4	7.352235E+3	-1.737570E+4
6.189000E+1	1.442706E+1	4.125130E+0	1.442749E+1	4.015200E-1	2.312080E+3	-1.824934E+3	4.553184E+3	-3.041536E+3	6.225284E+3	-1.059740E+4	7.351038E+3	-1.737570E+4
6.190000E+1	1.442706E+1	3.943698E+0	1.442749E+1	4.015200E-1	2.312080E+3	-1.824336E+3	4.552586E+3	-3.042134E+3	6.224686E+3	-1.059802E+4	7.349841E+3	-1.737570E+4
6.191000E+1	1.442706E+1	3.818863E+0	1.442749E+1	4.015200E-1	2.312080E+3	-1.823809E+3	4.552020E+3	-3.042739E+3	6.224159E+3	-1.059856E+4	7.348710E+3	-1.737570E+4
6.192000E+1	1.442706E+1	3.668115E+0	1.442749E+1	4.015200E-1	2.312080E+3	-1.824522E+3	4.552020E+3	-3.043452E+3	6.224872E+3	-1.059783E+4	7.348710E+3	-1.737570E+4
6.193000E+1	1.442706E+1	3.856936E+0	1.442749E+1	4.015200E-1	2.312080E+3	-1.825236E+3	4.552020E+3	-3.044166E+3	6.225586E+3	-1.059709E+4	7.348710E+3	-1.737570E+4
6.194000E+1	1.442706E+1	3.962301E+0	1.442749E+1	4.015200E-1	2.311937E+3	-1.825763E+3	4.551877E+3	-3.044265E+3	6.225970E+3	-1.059641E+4	7.349281E+3	-1.737556E+4
6.195000E+1	1.442705E+1	3.959326E+0	1.442748E+1	4.015199E-1	2.311628E+3	-1.826072E+3	4.551568E+3	-3.043646E+3	6.225970E+3	-1.059580E+4	7.350517E+3	-1.737526E+4
6.196000E+1	1.442704E+1	3.847594E+0	1.442747E+1	4.015197E-1	2.311319E+3	-1.826381E+3	4.551259E+3	-3.043028E+3	6.225970E+3	-1.059518E+4	7.351754E+3	-1.737496E+4
6.197000E+1	1.442704E+1	3.950806E+0	1.442746E+1	4.015197E-1	2.311010E+3	-1.826690E+3	4.550950E+3	-3.042410E+3	6.225970E+3	-1.059456E+4	7.352991E+3	-1.737466E+4
6.198000E+1	1.442703E+1	3.780813E+0	1.442746E+1	4.015197E-1	2.310701E+3	-1.826999E+3	4.550641E+3	-3.041791E+3	6.225970E+3	-1.059394E+4	7.354227E+3	-1.737436E+4
6.199000E+1	1.442702E+1	3.746458E+0	1.442744E+1	4.015195E-1	2.310392E+3	-1.827308E+3	4.550332E+3	-3.041173E+3	6.225970E+3	-1.059332E+4	7.355464E+3	-1.737406E+4
6.200000E+1	1.442701E+1	3.898972E+0	1.442744E+1	4.015194E-1	2.308964E+3	-1.827048E+3	4.550170E+3	-3.040850E+3	6.225548E+3	-1.059428E+4	7.355266E+3	-1.737390E+4
6.201000E+1	1.442701E+1	4.023113E+0	1.442743E+1	4.015194E-1	2.306314E+3	-1.826165E+3	4.550170E+3	-3.040850E+3	6.224665E+3	-1.059695E+4	7.353500E+3	-1.737390E+4
6.202000E+1	1.442700E+1	3.924094E+0	1.442743E+1	4.015194E-1	2.304753E+3	-1.825620E+3	4.550243E+3	-3.040850E+3	6.224120E+3	-1.059860E+4	7.352410E+3	-1.737397E+4
6.203000E+1	1.442699E+1	3.924047E+0	1.442742E+1	4.015193E-1	2.304942E+3	-1.825620E+3	4.550432E+3	-3.040850E+3	6.224120E+3	-1.059860E+4	7.352410E+3	-1.737415E+4
6.204000E+1	1.442700E+1	3.967757E+0	1.442742E+1	4.015193E-1	2.305131E+3	-1.825620E+3	4.550621E+3	-3.040850E+3	6.224120E+3	-1.059860E+4	7.352410E+3	-1.737434E+4
6.205000E+1	1.442699E+1	3.915501E+0	1.442742E+1	4.015193E-1	2.305320E+3	-1.825620E+3	4.550810E+3	-3.040850E+3	6.224120E+3	-1.059860E+4	7.352410E+3	-1.737452E+4
6.206000E+1	1.442699E+1	3.860177E+0	1.442742E+1	4.015192E-1	2.305510E+3	-1.825620E+3	4.551000E+3	-3.040850E+3	6.224120E+3	-1.059860E+4	7.352410E+3	-1.737471E+4
6.207000E+1	1.442696E+1	3.868516E+0	1.442739E+1	4.015189E-1	2.305699E+3	-1.825620E+3	4.551189E+3	-3.040850E+3	6.224120E+3	-1.059860E+4	7.352410E+3	-1.737489E+4
6.208000E+1	1.442694E+1	3.934485E+0	1.442737E+1	4.015187E-1	2.305888E+3	-1.825620E+3	4.551378E+3	-3.040850E+3	6.224120E+3	-1.059860E+4	7.352410E+3	-1.737508E+4
6.209000E+1	1.442694E+1	3.922411E+0	1.442737E+1	4.015187E-1	2.306077E+3	-1.825620E+3	4.551567E+3	-3.040850E+3	6.224120E+3	-1.059860E+4	7.352410E+3	-1.737526E+4
6.210000E+1	1.442693E+1	3.961042E+0	1.442736E+1	4.015187E-1	2.306267E+3	-1.825620E+3	4.551757E+3	-3.040850E+3	6.224120E+3	-1.059860E+4	7.352410E+3	-1.737544E+4
6.211000E+1	1.442694E+1	3.850983E+0	1.442737E+1	4.015187E-1	2.306456E+3	-1.825620E+3	4.551946E+3	-3.040850E+3	6.224120E+3	-1.059860E+4	7.352410E+3	-1.737563E+4
6.212000E+1	1.442694E+1	3.641810E+0	1.442737E+1	4.015187E-1	2.311469E+3	-1.827165E+3	4.551715E+3	-3.041155E+3	6.222270E+3	-1.059670E+4	7.349949E+3	-1.737760E+4
6.213000E+1	1.442693E+1	3.776385E+0	1.442735E+1	4.015186E-1	2.310467E+3	-1.826663E+3	4.551213E+3	-3.041657E+3	6.222270E+3	-1.059670E+4	7.348947E+3	-1.737760E+4
6.214000E+1	1.442693E+1	4.125232E+0	1.442736E+1	4.015186E-1	2.309464E+3	-1.826162E+3	4.550712E+3	-3.042158E+3	6.222270E+3	-1.059670E+4	7.347944E+3	-1.737760E+4
6.215000E+1	1.442691E+1	4.068792E+0	1.442734E+1	4.015185E-1	2.308461E+3	-1.825661E+3	4.550211E+3	-3.042659E+3	6.222270E+3	-1.059670E+4	7.346941E+3	-1.737760E+4
6.216000E+1	1.442689E+1	3.876584E+0	1.442732E+1	4.015182E-1	2.308380E+3	-1.825620E+3	4.550428E+3	-3.042700E+3	6.222528E+3	-1.059645E+4	7.347118E+3	-1.737733E+4
6.217000E+1	1.442689E+1	3.763068E+0	1.442732E+1	4.015183E-1	2.308380E+3	-1.825620E+3	4.550709E+3	-3.042700E+3	6.222809E+3	-1.059618E+4	7.347399E+3	-1.737705E+4
6.218000E+1	1.442689E+1	3.856288E+0	1.442732E+1	4.015182E-1	2.308380E+3	-1.825620E+3	4.550990E+3	-3.042700E+3	6.223090E+3	-1.059590E+4	7.347680E+3	-1.737676E+4
6.219000E+1	1.442688E+1	3.985191E+0	1.442731E+1	4.015181E-1	2.308380E+3	-1.825620E+3	4.551272E+3	-3.042700E+3	6.223372E+3	-1.059563E+4	7.347962E+3	-1.737647E+4
6.220000E+1	1.442687E+1	3.940641E+0	1.442730E+1	4.015181E-1	2.308380E+3	-1.825620E+3	4.551553E+3	-3.042700E+3	6.223653E+3	-1.059535E+4	7.348243E+3	-1.737618E+4
6.221000E+1	1.442686E+1	3.889892E+0	1.442728E+1	4.015179E-1	2.308380E+3	-1.825620E+3	4.551834E+3	-3.042700E+3	6.223934E+3	-1.059508E+4	7.348524E+3	-1.737589E+4
6.222000E+1	1.442683E+1	3.793310E+0	1.442726E+1	4.015177E-1	2.310142E+3	-1.829320E+3	4.552020E+3	-3.042612E+3	6.224032E+3	-1.059508E+4	7.353996E+3	-1.737570E+4
6.223000E+1	1.442684E+1	3.983970E+0	1.442726E+1	4.015177E-1	2.309881E+3	-1.829320E+3	4.552020E+3	-3.042351E+3	6.223771E+3	-1.059560E+4	7.353212E+3	-1.737570E+4
6.224000E+1	1.442684E+1	3.794406E+0	1.442727E+1	4.015177E-1	2.309619E+3	-1.829320E+3	4.552020E+3	-3.042089E+3	6.223509E+3	-1.059612E+4	7.352428E+3	-1.737570E+4
6.225000E+1	1.442684E+1	3.841343E+0	1.442727E+1	4.015177E-1	2.309358E+3	-1.829320E+3	4.552020E+3	-3.041828E+3	6.223248E+3	-1.059664E+4	7.351645E+3	-1.737570E+4
6.226000E+1	1.442683E+1	3.888231E+0	1.442726E+1	4.015176E-1	2.309097E+3	-1.829320E+3	4.552020E+3	-3.041567E+3	6.222987E+3	-1.059717E+4	7.350861E+3	-1.737570E+4
6.227000E+1	1.442683E+1	4.028809E+0	1.442725E+1	4.015176E-1	2.308836E+3	-1.829320E+3	4.552020E+3	-3.041306E+3	6.222726E+3	-1.059769E+4	7.350077E+3	-1.737570E+4
6.228000E+1	1.442682E+1	3.879807E+0	1.442725E+1	4.015175E-1	2.308574E+3	-1.829320E+3	4.552020E+3	-3.041044E+3	6.222464E+3	-1.059821E+4	7.349293E+3	-1.737570E+4
6.229000E+1	1.442681E+1	3.828638E+0	1.442724E+1	4.015175E-1	2.307968E+3	-1.828908E+3	4.552020E+3	-3.040850E+3	6.222270E+3	-1.059819E+4	7.348916E+3	-1.737591E+4
6.230000E+1	1.442681E+1	3.825216E+0	1.442724E+1	4.015174E-1	2.306355E+3	-1.827295E+3	4.552020E+3	-3.040850E+3	6.222270E+3	-1.059657E+4	7.349723E+3	-1.737674E+4
6.231000E+1	1.442680E+1	3.994441E+0	1.442723E+1	4.015173E-1	2.304741E+3	-1.825681E+3	4.552020E+3	-3.040850E+3	6.222270E+3	-1.059496E+4	7.350529E+3	-1.737757E+4
6.232000E+1	1.442677E+1	3.894248E+0	1.442719E+1	4.015170E-1	2.305366E+3	-1.825620E+3	4.552020E+3	-3.040850E+3	6.221584E+3	-1.059490E+4	7.349874E+3	-1.737760E+4
6.233000E+1	1.442676E+1	3.930629E+0	1.442718E+1	4.015169E-1	2.306080E+3	-1.825620E+3	4.552020E+3	-3.040850E+3	6.220870E+3	-1.059490E+4	7.349160E+3	-1.737760E+4
6.234000E+1	1.442674E+1	3.754781E+0	1.442717E+1	4.015167E-1	2.306731E+3	-1.826224E+3	4.551819E+3	-3.040850E+3	6.220420E+3	-1.059510E+4	7.348308E+3	-1.737760E+4
6.235000E+1	1.442672E+1	3.940254E+0	1.442715E+1	4.015165E-1	2.307277E+3	-1.827860E+3	4.551273E+3	-3.040850E+3	6.220420E+3	-1.059563E+4	7.347216E+3	-1.737760E+4
6.236000E+1	1.442671E+1	4.120237E+0	1.442714E+1	4.015164E-1	2.307822E+3	-1.829497E+3	4.550728E+3	-3.040850E+3	6.220420E+3	-1.059616E+4	7.346125E+3	-1.737760E+4
6.237000E+1	1.442670E+1	3.865252E+0	1.442713E+1	4.015163E-1	2.308368E+3	-1.831134E+3	4.550182E+3	-3.040850E+3	6.220420E+3	-1.059669E+4	7.345034E+3	-1.737760E+4
6.238000E+1	1.442669E+1	3.830385E+0	1.442712E+1	4.015162E-1	2.308774E+3	-1.830776E+3	4.550564E+3	-3.041639E+3	6.220814E+3	-1.059632E+4	7.346193E+3	-1.737720E+4
6.239000E+1	1.442668E+1	3.897693E+0	1.442710E+1	4.015160E-1	2.309178E+3	-1.830372E+3	4.550968E+3	-3.042445E+3	6.221218E+3	-1.059592E+4	7.347403E+3	-1.737678E+4
6.240000E+1	1.442667E+1	4.069501E+0	1.442710E+1	4.015160E-1	2.309581E+3	-1.829969E+3	4.551371E+3	-3.043252E+3	6.221621E+3	-1.059553E+4	7.348612E+3	-1.737637E+4
6.241000E+1	1.442666E+1	3.974085E+0	1.442709E+1	4.015159E-1	2.309984E+3	-1.829566E+3	4.551774E+3	-3.044058E+3	6.222024E+3	-1.059514E+4	7.349822E+3	-1.737595E+4
6.242000E+1	1.442665E+1	3.769065E+0	1.442708E+1	4.015158E-1	2.310004E+3	-1.829094E+3	4.551568E+3	-3.044550E+3	6.222270E+3	-1.059490E+4	7.350560E+3	-1.737570E+4
6.243000E+1	1.442662E+1	3.754964E+0	1.442705E+1	4.015155E-1	2.309424E+3	-1.828514E+3	4.550408E+3	-3.044550E+3	6.222270E+3	-1.059490E+4	7.350560E+3	-1.737570E+4
6.244000E+1	1.442660E+1	3.965101E+0	1.442703E+1	4.015153E-1	2.308844E+3	-1.827934E+3	4.549249E+3	-3.044550E+3	6.222270E+3	-1.059490E+4	7.350560E+3	-1.737570E+4
6.245000E+1	1.442658E+1	4.006772E+0	1.442701E+1	4.015151E-1	2.308380E+3	-1.827410E+3	4.548380E+3	-3.044490E+3	6.222210E+3	-1.059502E+4	7.350439E+3	-1.737570E+4
6.246000E+1	1.442655E+1	3.976464E+0	1.442697E+1	4.015147E-1	2.308380E+3	-1.827105E+3	4.548685E+3	-3.044185E+3	6.221905E+3	-1.059563E+4	7.349831E+3	-1.737570E+4
6.247000E+1	1.442652E+1	3.887050E+0	1.442694E+1	4.015144E-1	2.308380E+3	-1.826801E+3	4.548989E+3	-3.043881E+3	6.221601E+3	-1.059624E+4	7.349223E+3	-1.737570E+4
6.248000E+1	1.442649E+1	3.910049E+0	1.442691E+1	4.015141E-1	2.308380E+3	-1.826497E+3	4.549293E+3	-3.043577E+3	6.221297E+3	-1.059685E+4	7.348615E+3	-1.737570E+4
6.249000E+1	1.442647E+1	3.878897E+0	1.442690E+1	4.015140E-1	2.308380E+3	-1.826193E+3	4.549597E+3	-3.043273E+3	6.220993E+3	-1.059745E+4	7.348006E+3	-1.737570E+4
6.250000E+1	1.442647E+1	3.803192E+0	1.442689E+1	4.015139E-1	2.308380E+3	-1.825889E+3	4.549901E+3	-3.042969E+3	6.220689E+3	-1.059806E+4	7.347398E+3	-1.737570E+4
6.251000E+1	1.442644E+1	3.732731E+0	1.442687E+1	4.015137E-1	2.308380E+3	-1.825620E+3	4.550231E+3	-3.042639E+3	6.220359E+3	-1.059854E+4	7.346921E+3	-1.737582E+4
6.252000E+1	1.442643E+1	3.856452E+0	1.442686E+1	4.015135E-1	2.308380E+3	-1.825620E+3	4.550761E+3	-3.042109E+3	6.219829E+3	-1.059799E+4	7.347451E+3	-1.737688E+4
6.253000E+1	1.442642E+1	4.109960E+0	1.442685E+1	4.015134E-1	2.308380E+3	-1.825620E+3	4.551291E+3	-3.041579E+3	6.219299E+3	-1.059745E+4	7.347981E+3	-1.737794E+4
6.254000E+1	1.442640E+1	4.007395E+0	1.442683E+1	4.015132E-1	2.308380E+3	-1.825620E+3	4.551821E+3	-3.041049E+3	6.218769E+3	-1.059690E+4	7.348511E+3	-1.737900E+4
6.255000E+1	1.442635E+1	3.872482E+0	1.442677E+1	4.015127E-1	2.308128E+3	-1.825620E+3	4.552020E+3	-3.041102E+3	6.218570E+3	-1.059696E+4	7.348206E+3	-1.737916E+4
6.256000E+1	1.442631E+1	3.789391E+0	1.442674E+1	4.015123E-1	2.307725E+3	-1.825620E+3	4.552020E+3	-3.041505E+3	6.218570E+3	-1.059737E+4	7.347400E+3	-1.737876E+4
6.257000E+1	1.442628E+1	3.932123E+0	1.442671E+1	4.015120E-1	2.307322E+3	-1.825620E+3	4.552020E+3	-3.041908E+3	6.218570E+3	-1.059779E+4	7.346593E+3	-1.737837E+4
6.258000E+1	1.442625E+1	3.922099E+0	1.442668E+1	4.015117E-1	2.306918E+3	-1.825620E+3	4.552020E+3	-3.042312E+3	6.218570E+3	-1.059820E+4	7.345787E+3	-1.737798E+4
6.259000E+1	1.442619E+1	3.866070E+0	1.442661E+1	4.015110E-1	2.306568E+3	-1.825620E+3	4.552020E+3	-3.042719E+3	6.218570E+3	-1.059860E+4	7.344972E+3	-1.737760E+4
6.260000E+1	1.442616E+1	3.797386E+0	1.442659E+1	4.015108E-1	2.307598E+3	-1.825620E+3	4.552020E+3	-3.043234E+3	6.218570E+3	-1.059860E+4	7.343942E+3	-1.737760E+4
6.261000E+1	1.442612E+1	3.935064E+0	1.442655E+1	4.015104E-1	2.308629E+3	-1.825620E+3	4.552020E+3	-3.043749E+3	6.218570E+3	-1.059860E+4	7.342911E+3	-1.737760E+4
6.262000E+1	1.442608E+1	3.776445E+0	1.442650E+1	4.015099E-1	2.309659E+3	-1.825620E+3	4.552020E+3	-3.044265E+3	6.218570E+3	-1.059860E+4	7.341881E+3	-1.737760E+4
6.263000E+1	1.442607E+1	3.735809E+0	1.442649E+1	4.015098E-1	2.310140E+3	-1.825620E+3	4.551930E+3	-3.044550E+3	6.218660E+3	-1.059842E+4	7.341580E+3	-1.737751E+4
6.264000E+1	1.442603E+1	3.796971E+0	1.442646E+1	4.015095E-1	2.309938E+3	-1.825620E+3	4.551728E+3	-3.044550E+3	6.218862E+3	-1.059802E+4	7.342185E+3	-1.737730E+4
6.265000E+1	1.442600E+1	3.984190E+0	1.442643E+1	4.015091E-1	2.309737E+3	-1.825620E+3	4.551527E+3	-3.044550E+3	6.219063E+3	-1.059761E+4	7.342790E+3	-1.737709E+4
6.266000E+1	1.442594E+1	4.000749E+0	1.442637E+1	4.015085E-1	2.309535E+3	-1.825620E+3	4.551325E+3	-3.044550E+3	6.219265E+3	-1.059721E+4	7.343395E+3	-1.737689E+4
6.267000E+1	1.442591E+1	3.830533E+0	1.442634E+1	4.015083E-1	2.309334E+3	-1.825620E+3	4.551124E+3	-3.044550E+3	6.219466E+3	-1.059681E+4	7.343999E+3	-1.737668E+4
6.268000E+1	1.442589E+1	3.739330E+0	1.442632E+1	4.015080E-1	2.309132E+3	-1.825620E+3	4.550922E+3	-3.044550E+3	6.219668E+3	-1.059640E+4	7.344604E+3	-1.737647E+4
6.269000E+1	1.442588E+1	3.880304E+0	1.442631E+1	4.015079E-1	2.308930E+3	-1.825620E+3	4.550720E+3	-3.044550E+3	6.219870E+3	-1.059600E+4	7.345209E+3	-1.737627E+4
6.270000E+1	1.442588E+1	3.974750E+0	1.442630E+1	4.015079E-1	2.308729E+3	-1.825620E+3	4.550519E+3	-3.044550E+3	6.220071E+3	-1.059560E+4	7.345814E+3	-1.737606E+4
6.271000E+1	1.442587E+1	3.984760E+0	1.442629E+1	4.015078E-1	2.308527E+3	-1.825620E+3	4.550317E+3	-3.044550E+3	6.220273E+3	-1.059519E+4	7.346419E+3	-1.737585E+4
6.272000E+1	1.442586E+1	3.840621E+0	1.442629E+1	4.015077E-1	2.308380E+3	-1.825540E+3	4.550170E+3	-3.044510E+3	6.220420E+3	-1.059494E+4	7.346860E+3	-1.737570E+4
6.273000E+1	1.442583E+1	3.727189E+0	1.442626E+1	4.015074E-1	2.308380E+3	-1.825246E+3	4.550170E+3	-3.044363E+3	6.220420E+3	-1.059508E+4	7.346860E+3	-1.737570E+4
6.274000E+1	1.442580E+1	3.864827E+0	1.442623E+1	4.015071E-1	2.308380E+3	-1.824951E+3	4.550170E+3	-3.044216E+3	6.220420E+3	-1.059523E+4	7.346860E+3	-1.737570E+4
6.275000E+1	1.442574E+1	3.841375E+0	1.442617E+1	4.015065E-1	2.308380E+3	-1.824657E+3	4.550170E+3	-3.044068E+3	6.220420E+3	-1.059537E+4	7.346860E+3	-1.737570E+4
6.276000E+1	1.442570E+1	3.823914E+0	1.442613E+1	4.015061E-1	2.308380E+3	-1.824363E+3	4.550170E+3	-3.043921E+3	6.220420E+3	-1.059551E+4	7.346860E+3	-1.737570E+4
6.277000E+1	1.442568E+1	3.753358E+0	1.442611E+1	4.015059E-1	2.308380E+3	-1.824068E+3	4.550170E+3	-3.043774E+3	6.220420E+3	-1.059565E+4	7.346860E+3	-1.737570E+4
6.278000E+1	1.442566E+1	4.065245E+0	1.442608E+1	4.015056E-1	2.308380E+3	-1.823774E+3	4.550170E+3	-3.043627E+3	6.220420E+3	-1.059580E+4	7.346860E+3	-1.737570E+4
6.279000E+1	1.442563E+1	3.992268E+0	1.442606E+1	4.015054E-1	2.308380E+3	-1.823479E+3	4.550170E+3	-3.043480E+3	6.220420E+3	-1.059594E+4	7.346860E+3	-1.737570E+4
6.280000E+1	1.442560E+1	3.879148E+0	1.442603E+1	4.015051E-1	2.308380E+3	-1.823185E+3	4.550170E+3	-3.043332E+3	6.220420E+3	-1.059608E+4	7.346860E+3	-1.737570E+4
6.281000E+1	1.442558E+1	3.777644E+0	1.442601E+1	4.015048E-1	2.308380E+3	-1.822890E+3	4.550170E+3	-3.043185E+3	6.220420E+3	-1.059623E+4	7.346860E+3	-1.737570E+4
6.282000E+1	1.442556E+1	3.805737E+0	1.442599E+1	4.015047E-1	2.308380E+3	-1.822596E+3	4.550170E+3	-3.043038E+3	6.220420E+3	-1.059637E+4	7.346860E+3	-1.737570E+4
6.283000E+1	1.442555E+1	3.876628E+0	1.442598E+1	4.015045E-1	2.308380E+3	-1.822302E+3	4.550170E+3	-3.042891E+3	6.220420E+3	-1.059651E+4	7.346860E+3	-1.737570E+4
6.284000E+1	1.442553E+1	3.878946E+0	1.442595E+1	4.015043E-1	2.308380E+3	-1.822007E+3	4.550170E+3	-3.042744E+3	6.220420E+3	-1.059666E+4	7.346860E+3	-1.737570E+4
6.285000E+1	1.442549E+1	3.945741E+0	1.442592E+1	4.015039E-1	2.308173E+3	-1.822127E+3	4.550377E+3	-3.042700E+3	6.220213E+3	-1.059711E+4	7.346445E+3	-1.737591E+4
6.286000E+1	1.442547E+1	3.966247E+0	1.442589E+1	4.015037E-1	2.307878E+3	-1.822422E+3	4.550672E+3	-3.042700E+3	6.219918E+3	-1.059770E+4	7.345856E+3	-1.737622E+4
6.287000E+1	1.442545E+1	4.004802E+0	1.442588E+1	4.015035E-1	2.307584E+3	-1.822716E+3	4.550966E+3	-3.042700E+3	6.219624E+3	-1.059829E+4	7.345268E+3	-1.737652E+4
6.288000E+1	1.442545E+1	3.763191E+0	1.442588E+1	4.015035E-1	2.307289E+3	-1.823011E+3	4.551261E+3	-3.042700E+3	6.219329E+3	-1.059888E+4	7.344679E+3	-1.737682E+4
6.289000E+1	1.442543E+1	3.706706E+0	1.442586E+1	4.015033E-1	2.306995E+3	-1.823305E+3	4.551555E+3	-3.042700E+3	6.219035E+3	-1.059947E+4	7.344090E+3	-1.737712E+4
6.290000E+1	1.442536E+1	3.780923E+0	1.442579E+1	4.015026E-1	2.306700E+3	-1.823600E+3	4.551850E+3	-3.042700E+3	6.218740E+3	-1.060006E+4	7.343501E+3	-1.737742E+4
6.291000E+1	1.442532E+1	4.103880E+0	1.442574E+1	4.015022E-1	2.310230E+3	-1.825620E+3	4.550170E+3	-3.043130E+3	6.219280E+3	-1.059718E+4	7.343440E+3	-1.737760E+4
6.292000E+1	1.442527E+1	4.046206E+0	1.442570E+1	4.015017E-1	2.310042E+3	-1.825620E+3	4.550170E+3	-3.040850E+3	6.220326E+3	-1.059509E+4	7.346860E+3	-1.737750E+4
6.293000E+1	1.442526E+1	3.868982E+0	1.442569E+1	4.015016E-1	2.309463E+3	-1.825620E+3	4.550170E+3	-3.040850E+3	6.220036E+3	-1.059567E+4	7.346860E+3	-1.737721E+4
6.294000E+1	1.442524E+1	3.720200E+0	1.442567E+1	4.015014E-1	2.308883E+3	-1.825620E+3	4.550170E+3	-3.040850E+3	6.219746E+3	-1.059625E+4	7.346860E+3	-1.737691E+4
6.295000E+1	1.442524E+1	3.894328E+0	1.442567E+1	4.015014E-1	2.308303E+3	-1.825620E+3	4.550170E+3	-3.040850E+3	6.219457E+3	-1.059683E+4	7.346860E+3	-1.737661E+4
6.296000E+1	1.442523E+1	3.933297E+0	1.442566E+1	4.015013E-1	2.307724E+3	-1.825620E+3	4.550170E+3	-3.040850E+3	6.219167E+3	-1.059741E+4	7.346860E+3	-1.737631E+4
6.297000E+1	1.442519E+1	3.973862E+0	1.442562E+1	4.015009E-1	2.307144E+3	-1.825620E+3	4.550170E+3	-3.040850E+3	6.218877E+3	-1.059799E+4	7.346860E+3	-1.737602E+4
6.298000E+1	1.442518E+1	3.931017E+0	1.442561E+1	4.015008E-1	2.306564E+3	-1.825620E+3	4.550170E+3	-3.040850E+3	6.218587E+3	-1.059857E+4	7.346860E+3	-1.737572E+4
6.299000E+1	1.442517E+1	3.891883E+0	1.442559E+1	4.015006E-1	2.306530E+3	-1.825620E+3	4.550170E+3	-3.042437E+3	6.218570E+3	-1.059860E+4	7.345273E+3	-1.737733E+4
6.300000E+1	1.442515E+1	3.880577E+0	1.442558E+1	4.015005E-1	2.307004E+3	-1.825620E+3	4.550170E+3	-3.042700E+3	6.218096E+3	-1.059811E+4	7.345484E+3	-1.737760E+4
6.301000E+1	1.442512E+1	3.936276E+0	1.442555E+1	4.015001E-1	2.307567E+3	-1.825620E+3	4.550170E+3	-3.042700E+3	6.217533E+3	-1.059754E+4	7.346047E+3	-1.737760E+4
6.302000E+1	1.442511E+1	3.871389E+0	1.442554E+1	4.015001E-1	2.308129E+3	-1.825620E+3	4.550170E+3	-3.042700E+3	6.216971E+3	-1.059696E+4	7.346609E+3	-1.737760E+4
6.303000E+1	1.442510E+1	3.886362E+0	1.442553E+1	4.015000E-1	2.308380E+3	-1.825620E+3	4.550384E+3	-3.042700E+3	6.216720E+3	-1.059670E+4	7.346219E+3	-1.737760E+4
6.304000E+1	1.442505E+1	3.895782E+0	1.442548E+1	4.014995E-1	2.308380E+3	-1.825620E+3	4.550770E+3	-3.042700E+3	6.216720E+3	-1.059670E+4	7.345060E+3	-1.737760E+4
6.305000E+1	1.442500E+1	3.798651E+0	1.442543E+1	4.014990E-1	2.308380E+3	-1.825620E+3	4.551157E+3	-3.042700E+3	6.216720E+3	-1.059670E+4	7.343900E+3	-1.737760E+4
6.306000E+1	1.442499E+1	3.829835E+0	1.442541E+1	4.014988E-1	2.308380E+3	-1.825620E+3	4.551543E+3	-3.042700E+3	6.216720E+3	-1.059670E+4	7.342741E+3	-1.737760E+4
6.307000E+1	1.442496E+1	3.880561E+0	1.442539E+1	4.014985E-1	2.308380E+3	-1.825620E+3	4.551929E+3	-3.042700E+3	6.216720E+3	-1.059670E+4	7.341582E+3	-1.737760E+4
6.308000E+1	1.442493E+1	4.056429E+0	1.442536E+1	4.014983E-1	2.308380E+3	-1.825916E+3	4.551428E+3	-3.043292E+3	6.217016E+3	-1.059670E+4	7.341014E+3	-1.737760E+4
6.309000E+1	1.442491E+1	3.980386E+0	1.442533E+1	4.014980E-1	2.308380E+3	-1.826302E+3	4.550655E+3	-3.044065E+3	6.217402E+3	-1.059670E+4	7.340628E+3	-1.737760E+4
6.310000E+1	1.442487E+1	3.783788E+0	1.442530E+1	4.014976E-1	2.308380E+3	-1.826689E+3	4.549882E+3	-3.044838E+3	6.217789E+3	-1.059670E+4	7.340241E+3	-1.737760E+4
6.311000E+1	1.442484E+1	3.836172E+0	1.442527E+1	4.014973E-1	2.308380E+3	-1.827075E+3	4.549110E+3	-3.045610E+3	6.218175E+3	-1.059670E+4	7.339855E+3	-1.737760E+4
6.312000E+1	1.442482E+1	4.026749E+0	1.442525E+1	4.014971E-1	2.308380E+3	-1.827462E+3	4.548337E+3	-3.046383E+3	6.218562E+3	-1.059670E+4	7.339468E+3	-1.737760E+4
6.313000E+1	1.442480E+1	3.915262E+0	1.442523E+1	4.014969E-1	2.307846E+3	-1.827470E+3	4.548320E+3	-3.045866E+3	6.218570E+3	-1.059618E+4	7.341595E+3	-1.737705E+4
6.314000E+1	1.442478E+1	3.752786E+0	1.442520E+1	4.014967E-1	2.307301E+3	-1.827470E+3	4.548320E+3	-3.045321E+3	6.218570E+3	-1.059565E+4	7.343778E+3	-1.737649E+4
6.315000E+1	1.442474E+1	3.848927E+0	1.442517E+1	4.014963E-1	2.306755E+3	-1.827470E+3	4.548320E+3	-3.044775E+3	6.218570E+3	-1.059512E+4	7.345960E+3	-1.737593E+4
6.316000E+1	1.442472E+1	3.918046E+0	1.442515E+1	4.014961E-1	2.306767E+3	-1.827470E+3	4.548557E+3	-3.044550E+3	6.218570E+3	-1.059537E+4	7.346386E+3	-1.737570E+4
6.317000E+1	1.442471E+1	4.039136E+0	1.442513E+1	4.014959E-1	2.307170E+3	-1.827470E+3	4.548960E+3	-3.044550E+3	6.218570E+3	-1.059618E+4	7.345580E+3	-1.737570E+4
6.318000E+1	1.442469E+1	3.880544E+0	1.442511E+1	4.014957E-1	2.307573E+3	-1.827470E+3	4.549363E+3	-3.044550E+3	6.218570E+3	-1.059699E+4	7.344773E+3	-1.737570E+4
6.319000E+1	1.442469E+1	3.740363E+0	1.442512E+1	4.014957E-1	2.307977E+3	-1.827470E+3	4.549767E+3	-3.044550E+3	6.218570E+3	-1.059779E+4	7.343967E+3	-1.737570E+4
6.320000E+1	1.442468E+1	3.800398E+0	1.442510E+1	4.014956E-1	2.308380E+3	-1.827470E+3	4.550170E+3	-3.044550E+3	6.218570E+3	-1.059860E+4	7.343160E+3	-1.737570E+4
6.321000E+1	1.442465E+1	4.025673E+0	1.442507E+1	4.014953E-1	2.308016E+3	-1.827470E+3	4.550170E+3	-3.043823E+3	6.218206E+3	-1.059860E+4	7.343160E+3	-1.737607E+4
6.322000E+1	1.442463E+1	4.012507E+0	1.442506E+1	4.014952E-1	2.307653E+3	-1.827470E+3	4.550170E+3	-3.043095E+3	6.217843E+3	-1.059860E+4	7.343160E+3	-1.737645E+4
6.323000E+1	1.442459E+1	3.896134E+0	1.442502E+1	4.014948E-1	2.307289E+3	-1.827470E+3	4.550170E+3	-3.042368E+3	6.217479E+3	-1.059860E+4	7.343160E+3	-1.737682E+4
6.324000E+1	1.442458E+1	3.692968E+0	1.442501E+1	4.014947E-1	2.306925E+3	-1.827470E+3	4.550170E+3	-3.041640E+3	6.217115E+3	-1.059860E+4	7.343160E+3	-1.737719E+4
6.325000E+1	1.442452E+1	3.847286E+0	1.442495E+1	4.014941E-1	2.306561E+3	-1.827470E+3	4.550170E+3	-3.040913E+3	6.216751E+3	-1.059860E+4	7.343160E+3	-1.737757E+4
6.326000E+1	1.442449E+1	3.878599E+0	1.442492E+1	4.014937E-1	2.306801E+3	-1.827470E+3	4.550170E+3	-3.040986E+3	6.216720E+3	-1.059846E+4	7.343160E+3	-1.737773E+4
6.327000E+1	1.442445E+1	3.842712E+0	1.442488E+1	4.014933E-1	2.307098E+3	-1.827470E+3	4.550170E+3	-3.041134E+3	6.216720E+3	-1.059831E+4	7.343160E+3	-1.737788E+4
6.328000E+1	1.442442E+1	3.885275E+0	1.442485E+1	4.014930E-1	2.307395E+3	-1.827470E+3	4.550170E+3	-3.041282E+3	6.216720E+3	-1.059816E+4	7.343160E+3	-1.737802E+4
6.329000E+1	1.442441E+1	3.988355E+0	1.442483E+1	4.014929E-1	2.307691E+3	-1.827470E+3	4.550170E+3	-3.041431E+3	6.216720E+3	-1.059800E+4	7.343160E+3	-1.737817E+4
6.330000E+1	1.442437E+1	3.924140E+0	1.442480E+1	4.014925E-1	2.307988E+3	-1.827470E+3	4.550170E+3	-3.041579E+3	6.216720E+3	-1.059785E+4	7.343160E+3	-1.737831E+4
6.331000E+1	1.442434E+1	3.838552E+0	1.442477E+1	4.014922E-1	2.308285E+3	-1.827470E+3	4.550170E+3	-3.041728E+3	6.216720E+3	-1.059770E+4	7.343160E+3	-1.737845E+4
6.332000E+1	1.442430E+1	3.724830E+0	1.442473E+1	4.014918E-1	2.308582E+3	-1.827470E+3	4.550170E+3	-3.041876E+3	6.216720E+3	-1.059755E+4	7.343160E+3	-1.737860E+4
6.333000E+1	1.442427E+1	3.855184E+0	1.442469E+1	4.014914E-1	2.308879E+3	-1.827470E+3	4.550170E+3	-3.042024E+3	6.216720E+3	-1.059739E+4	7.343160E+3	-1.737874E+4
6.334000E+1	1.442424E+1	4.062864E+0	1.442467E+1	4.014912E-1	2.309175E+3	-1.827470E+3	4.550170E+3	-3.042173E+3	6.216720E+3	-1.059724E+4	7.343160E+3	-1.737889E+4
6.335000E+1	1.442422E+1	3.968079E+0	1.442465E+1	4.014910E-1	2.309472E+3	-1.827470E+3	4.550170E+3	-3.042321E+3	6.216720E+3	-1.059709E+4	7.343160E+3	-1.737903E+4
6.336000E+1	1.442420E+1	3.957549E+0	1.442463E+1	4.014908E-1	2.309769E+3	-1.827470E+3	4.550170E+3	-3.042470E+3	6.216720E+3	-1.059694E+4	7.343160E+3	-1.737918E+4
6.337000E+1	1.442417E+1	3.909463E+0	1.442459E+1	4.014904E-1	2.310066E+3	-1.827470E+3	4.550170E+3	-3.042618E+3	6.216720E+3	-1.059678E+4	7.343160E+3	-1.737932E+4
6.338000E+1	1.442412E+1	3.906211E+0	1.442455E+1	4.014900E-1	2.310230E+3	-1.825620E+3	4.550923E+3	-3.046400E+3	6.216720E+3	-1.059783E+4	7.340967E+3	-1.737760E+4
6.339000E+1	1.442410E+1	3.885210E+0	1.442453E+1	4.014897E-1	2.310118E+3	-1.825732E+3	4.551908E+3	-3.046288E+3	6.216832E+3	-1.059670E+4	7.343496E+3	-1.737749E+4
6.340000E+1	1.442408E+1	3.921615E+0	1.442451E+1	4.014895E-1	2.309798E+3	-1.826052E+3	4.551588E+3	-3.045968E+3	6.217152E+3	-1.059670E+4	7.344455E+3	-1.737716E+4
6.341000E+1	1.442405E+1	3.780707E+0	1.442448E+1	4.014893E-1	2.309479E+3	-1.826371E+3	4.551269E+3	-3.045649E+3	6.217471E+3	-1.059670E+4	7.345414E+3	-1.737683E+4
6.342000E+1	1.442404E+1	3.908177E+0	1.442446E+1	4.014891E-1	2.309159E+3	-1.826691E+3	4.550949E+3	-3.045329E+3	6.217791E+3	-1.059670E+4	7.346374E+3	-1.737650E+4
6.343000E+1	1.442402E+1	3.905623E+0	1.442445E+1	4.014890E-1	2.308839E+3	-1.827011E+3	4.550629E+3	-3.045009E+3	6.218111E+3	-1.059670E+4	7.347333E+3	-1.737617E+4
6.344000E+1	1.442397E+1	3.776556E+0	1.442440E+1	4.014885E-1	2.308519E+3	-1.827331E+3	4.550309E+3	-3.044689E+3	6.218431E+3	-1.059670E+4	7.348293E+3	-1.737584E+4
6.345000E+1	1.442390E+1	3.815227E+0	1.442433E+1	4.014878E-1	2.306354E+3	-1.825444E+3	4.550170E+3	-3.044550E+3	6.216632E+3	-1.059851E+4	7.343160E+3	-1.737588E+4
6.346000E+1	1.442388E+1	3.978945E+0	1.442431E+1	4.014876E-1	2.306042E+3	-1.825132E+3	4.550170E+3	-3.044550E+3	6.216476E+3	-1.059835E+4	7.343160E+3	-1.737619E+4
6.347000E+1	1.442385E+1	4.015265E+0	1.442428E+1	4.014872E-1	2.305730E+3	-1.824820E+3	4.550170E+3	-3.044550E+3	6.216320E+3	-1.059819E+4	7.343160E+3	-1.737650E+4
6.348000E+1	1.442383E+1	3.829125E+0	1.442425E+1	4.014870E-1	2.305418E+3	-1.824508E+3	4.550170E+3	-3.044550E+3	6.216164E+3	-1.059803E+4	7.343160E+3	-1.737681E+4
6.349000E+1	1.442378E+1	3.730546E+0	1.442421E+1	4.014865E-1	2.305106E+3	-1.824196E+3	4.550170E+3	-3.044550E+3	6.216008E+3	-1.059787E+4	7.343160E+3	-1.737712E+4
6.350000E+1	1.442376E+1	3.817242E+0	1.442418E+1	4.014862E-1	2.304794E+3	-1.823884E+3	4.550170E+3	-3.044550E+3	6.215852E+3	-1.059771E+4	7.343160E+3	-1.737744E+4
6.351000E+1	1.442372E+1	4.001061E+0	1.442415E+1	4.014859E-1	2.304483E+3	-1.823573E+3	4.550170E+3	-3.044550E+3	6.215696E+3	-1.059755E+4	7.343160E+3	-1.737775E+4
6.352000E+1	1.442368E+1	3.910632E+0	1.442411E+1	4.014854E-1	2.304171E+3	-1.823261E+3	4.550170E+3	-3.044550E+3	6.215540E+3	-1.059739E+4	7.343160E+3	-1.737806E+4
6.353000E+1	1.442363E+1	3.813899E+0	1.442406E+1	4.014850E-1	2.303859E+3	-1.822949E+3	4.550170E+3	-3.044550E+3	6.215384E+3	-1.059723E+4	7.343160E+3	-1.737837E+4
6.354000E+1	1.442356E+1	3.770622E+0	1.442399E+1	4.014843E-1	2.303547E+3	-1.822637E+3	4.550170E+3	-3.044550E+3	6.215229E+3	-1.059707E+4	7.343160E+3	-1.737868E+4
6.355000E+1	1.442350E+1	3.949288E+0	1.442393E+1	4.014837E-1	2.303235E+3	-1.822325E+3	4.550170E+3	-3.044550E+3	6.215073E+3	-1.059691E+4	7.343160E+3	-1.737899E+4
6.356000E+1	1.442348E+1	4.063785E+0	1.442390E+1	4.014834E-1	2.302923E+3	-1.822013E+3	4.550170E+3	-3.044550E+3	6.214917E+3	-1.059675E+4	7.343160E+3	-1.737931E+4
6.357000E+1	1.442345E+1	3.864133E+0	1.442387E+1	4.014831E-1	2.303236E+3	-1.822732E+3	4.550170E+3	-3.045360E+3	6.214870E+3	-1.059670E+4	7.342754E+3	-1.737940E+4
6.358000E+1	1.442341E+1	3.754949E+0	1.442384E+1	4.014828E-1	2.303816E+3	-1.823892E+3	4.550170E+3	-3.046517E+3	6.214870E+3	-1.059670E+4	7.342174E+3	-1.737940E+4
6.359000E+1	1.442338E+1	3.838914E+0	1.442381E+1	4.014824E-1	2.304396E+3	-1.825051E+3	4.550170E+3	-3.047673E+3	6.214870E+3	-1.059670E+4	7.341594E+3	-1.737940E+4
6.360000E+1	1.442336E+1	3.920932E+0	1.442379E+1	4.014822E-1	2.305091E+3	-1.828292E+3	4.549759E+3	-3.046400E+3	6.215281E+3	-1.059818E+4	7.338432E+3	-1.737900E+4
6.361000E+1	1.442335E+1	3.971448E+0	1.442377E+1	4.014821E-1	2.305897E+3	-1.829905E+3	4.548953E+3	-3.046400E+3	6.216087E+3	-1.059735E+4	7.340045E+3	-1.737822E+4
6.362000E+1	1.442333E+1	3.676530E+0	1.442376E+1	4.014819E-1	2.306530E+3	-1.830807E+3	4.548320E+3	-3.046520E+3	6.216720E+3	-1.059670E+4	7.341552E+3	-1.737760E+4
6.363000E+1	1.442330E+1	3.828474E+0	1.442373E+1	4.014816E-1	2.306530E+3	-1.829120E+3	4.548320E+3	-3.047080E+3	6.216720E+3	-1.059670E+4	7.342676E+3	-1.737760E+4
6.364000E+1	1.442327E+1	3.963082E+0	1.442370E+1	4.014813E-1	2.306530E+3	-1.827434E+3	4.548320E+3	-3.047639E+3	6.216720E+3	-1.059670E+4	7.343801E+3	-1.737760E+4
6.365000E+1	1.442324E+1	3.929215E+0	1.442367E+1	4.014810E-1	2.306530E+3	-1.825748E+3	4.548320E+3	-3.048198E+3	6.216720E+3	-1.059670E+4	7.344925E+3	-1.737760E+4
6.366000E+1	1.442322E+1	3.877505E+0	1.442365E+1	4.014807E-1	2.306873E+3	-1.824934E+3	4.548320E+3	-3.047556E+3	6.216377E+3	-1.059739E+4	7.343981E+3	-1.737760E+4
6.367000E+1	1.442321E+1	3.703903E+0	1.442363E+1	4.014806E-1	2.307244E+3	-1.824192E+3	4.548320E+3	-3.046816E+3	6.216006E+3	-1.059813E+4	7.342868E+3	-1.737760E+4
6.368000E+1	1.442317E+1	3.958137E+0	1.442360E+1	4.014803E-1	2.307615E+3	-1.823450E+3	4.548320E+3	-3.046076E+3	6.215635E+3	-1.059887E+4	7.341755E+3	-1.737760E+4
6.369000E+1	1.442311E+1	3.951043E+0	1.442354E+1	4.014797E-1	2.307986E+3	-1.822708E+3	4.548320E+3	-3.045336E+3	6.215264E+3	-1.059961E+4	7.340642E+3	-1.737760E+4
6.370000E+1	1.442309E+1	3.889950E+0	1.442351E+1	4.014794E-1	2.308357E+3	-1.821966E+3	4.548320E+3	-3.044596E+3	6.214893E+3	-1.060035E+4	7.339530E+3	-1.737760E+4
6.371000E+1	1.442307E+1	3.812355E+0	1.442350E+1	4.014793E-1	2.307736E+3	-1.823852E+3	4.548964E+3	-3.043906E+3	6.214870E+3	-1.059977E+4	7.340104E+3	-1.737823E+4
6.372000E+1	1.442305E+1	3.908510E+0	1.442348E+1	4.014790E-1	2.307049E+3	-1.825914E+3	4.549651E+3	-3.043219E+3	6.214870E+3	-1.059910E+4	7.340791E+3	-1.737890E+4
6.373000E+1	1.442302E+1	3.839660E+0	1.442345E+1	4.014787E-1	2.306625E+3	-1.827565E+3	4.550170E+3	-3.042795E+3	6.214775E+3	-1.059850E+4	7.341310E+3	-1.737940E+4
6.374000E+1	1.442300E+1	3.831471E+0	1.442343E+1	4.014785E-1	2.307011E+3	-1.827951E+3	4.550170E+3	-3.043181E+3	6.214389E+3	-1.059811E+4	7.341310E+3	-1.737940E+4
6.375000E+1	1.442297E+1	3.830924E+0	1.442340E+1	4.014782E-1	2.307398E+3	-1.828338E+3	4.550170E+3	-3.043568E+3	6.214002E+3	-1.059771E+4	7.341310E+3	-1.737940E+4
6.376000E+1	1.442295E+1	4.019861E+0	1.442338E+1	4.014780E-1	2.307784E+3	-1.828724E+3	4.550170E+3	-3.043954E+3	6.213616E+3	-1.059731E+4	7.341310E+3	-1.737940E+4
6.377000E+1	1.442290E+1	3.907895E+0	1.442333E+1	4.014775E-1	2.308170E+3	-1.829110E+3	4.550170E+3	-3.044340E+3	6.213230E+3	-1.059692E+4	7.341310E+3	-1.737940E+4
6.378000E+1	1.442289E+1	3.733533E+0	1.442331E+1	4.014774E-1	2.308123E+3	-1.829320E+3	4.550170E+3	-3.044807E+3	6.213277E+3	-1.059696E+4	7.340795E+3	-1.737915E+4
6.379000E+1	1.442287E+1	3.651089E+0	1.442329E+1	4.014772E-1	2.307561E+3	-1.829320E+3	4.550170E+3	-3.045369E+3	6.213839E+3	-1.059754E+4	7.339671E+3	-1.737860E+4
6.380000E+1	1.442282E+1	3.877332E+0	1.442325E+1	4.014767E-1	2.306999E+3	-1.829320E+3	4.550170E+3	-3.045931E+3	6.214401E+3	-1.059812E+4	7.338547E+3	-1.737806E+4
6.381000E+1	1.442279E+1	4.087876E+0	1.442322E+1	4.014764E-1	2.306603E+3	-1.829284E+3	4.550134E+3	-3.046400E+3	6.214906E+3	-1.059853E+4	7.337719E+3	-1.737760E+4
6.382000E+1	1.442278E+1	3.970510E+0	1.442320E+1	4.014762E-1	2.307039E+3	-1.829065E+3	4.549915E+3	-3.046400E+3	6.215125E+3	-1.059809E+4	7.338374E+3	-1.737760E+4
6.383000E+1	1.442276E+1	3.834988E+0	1.442319E+1	4.014761E-1	2.307476E+3	-1.828847E+3	4.549697E+3	-3.046400E+3	6.215343E+3	-1.059765E+4	7.339028E+3	-1.737760E+4
6.384000E+1	1.442275E+1	3.742125E+0	1.442318E+1	4.014760E-1	2.307912E+3	-1.828629E+3	4.549479E+3	-3.046400E+3	6.215561E+3	-1.059722E+4	7.339683E+3	-1.737760E+4
6.385000E+1	1.442275E+1	3.868067E+0	1.442317E+1	4.014759E-1	2.308348E+3	-1.828411E+3	4.549261E+3	-3.046400E+3	6.215779E+3	-1.059678E+4	7.340338E+3	-1.737760E+4
6.386000E+1	1.442271E+1	3.930121E+0	1.442314E+1	4.014756E-1	2.308785E+3	-1.828193E+3	4.549043E+3	-3.046400E+3	6.215997E+3	-1.059635E+4	7.340992E+3	-1.737760E+4
6.387000E+1	1.442269E+1	3.834320E+0	1.442311E+1	4.014753E-1	2.309221E+3	-1.827974E+3	4.548824E+3	-3.046400E+3	6.216216E+3	-1.059591E+4	7.341647E+3	-1.737760E+4
6.388000E+1	1.442262E+1	3.852307E+0	1.442305E+1	4.014747E-1	2.309658E+3	-1.827756E+3	4.548606E+3	-3.046400E+3	6.216434E+3	-1.059547E+4	7.342302E+3	-1.737760E+4
6.389000E+1	1.442257E+1	3.970516E+0	1.442300E+1	4.014741E-1	2.310094E+3	-1.827538E+3	4.548388E+3	-3.046400E+3	6.216652E+3	-1.059504E+4	7.342956E+3	-1.737760E+4
6.390000E+1	1.442251E+1	3.980102E+0	1.442294E+1	4.014736E-1	2.310060E+3	-1.826959E+3	4.548320E+3	-3.046230E+3	6.216720E+3	-1.059507E+4	7.343160E+3	-1.737742E+4
6.391000E+1	1.442246E+1	3.935278E+0	1.442288E+1	4.014730E-1	2.309812E+3	-1.826217E+3	4.548320E+3	-3.045982E+3	6.216720E+3	-1.059531E+4	7.343160E+3	-1.737717E+4
6.392000E+1	1.442244E+1	3.799153E+0	1.442287E+1	4.014728E-1	2.309565E+3	-1.825475E+3	4.548320E+3	-3.045735E+3	6.216720E+3	-1.059555E+4	7.343160E+3	-1.737692E+4
6.393000E+1	1.442242E+1	3.864146E+0	1.442285E+1	4.014727E-1	2.309318E+3	-1.824733E+3	4.548320E+3	-3.045488E+3	6.216720E+3	-1.059579E+4	7.343160E+3	-1.737666E+4
6.394000E+1	1.442241E+1	4.003929E+0	1.442284E+1	4.014725E-1	2.309070E+3	-1.823991E+3	4.548320E+3	-3.045240E+3	6.216720E+3	-1.059603E+4	7.343160E+3	-1.737641E+4
6.395000E+1	1.442238E+1	3.905285E+0	1.442281E+1	4.014722E-1	2.308823E+3	-1.823249E+3	4.548320E+3	-3.044993E+3	6.216720E+3	-1.059627E+4	7.343160E+3	-1.737615E+4
6.396000E+1	1.442234E+1	3.822400E+0	1.442277E+1	4.014718E-1	2.308576E+3	-1.822507E+3	4.548320E+3	-3.044746E+3	6.216720E+3	-1.059651E+4	7.343160E+3	-1.737590E+4
6.397000E+1	1.442230E+1	3.748405E+0	1.442273E+1	4.014714E-1	2.304680E+3	-1.825653E+3	4.548320E+3	-3.042733E+3	6.214837E+3	-1.060033E+4	7.339493E+3	-1.737943E+4
6.398000E+1	1.442226E+1	3.932038E+0	1.442268E+1	4.014709E-1	2.304680E+3	-1.825810E+3	4.548320E+3	-3.042890E+3	6.214680E+3	-1.060002E+4	7.339650E+3	-1.737960E+4
6.399000E+1	1.442220E+1	3.826293E+0	1.442263E+1	4.014704E-1	2.304680E+3	-1.825967E+3	4.548320E+3	-3.043047E+3	6.214523E+3	-1.059971E+4	7.339807E+3	-1.737976E+4
6.400000E+1	1.442216E+1	3.908695E+0	1.442258E+1	4.014699E-1	2.304680E+3	-1.826124E+3	4.548320E+3	-3.043204E+3	6.214366E+3	-1.059939E+4	7.339964E+3	-1.737992E+4
6.401000E+1	1.442214E+1	3.804622E+0	1.442256E+1	4.014697E-1	2.304680E+3	-1.826282E+3	4.548320E+3	-3.043362E+3	6.214208E+3	-1.059908E+4	7.340122E+3	-1.738008E+4
6.402000E+1	1.442213E+1	3.845374E+0	1.442256E+1	4.014696E-1	2.304680E+3	-1.826439E+3	4.548320E+3	-3.043519E+3	6.214051E+3	-1.059876E+4	7.340279E+3	-1.738024E+4
6.403000E+1	1.442211E+1	3.812806E+0	1.442254E+1	4.014695E-1	2.304680E+3	-1.826596E+3	4.548320E+3	-3.043676E+3	6.213894E+3	-1.059845E+4	7.340436E+3	-1.738040E+4
6.404000E+1	1.442206E+1	3.853705E+0	1.442249E+1	4.014689E-1	2.304680E+3	-1.826753E+3	4.548320E+3	-3.043833E+3	6.213737E+3	-1.059813E+4	7.340593E+3	-1.738056E+4
6.405000E+1	1.442201E+1	3.847112E+0	1.442244E+1	4.014684E-1	2.304680E+3	-1.826910E+3	4.548320E+3	-3.043990E+3	6.213580E+3	-1.059782E+4	7.340750E+3	-1.738073E+4
6.406000E+1	1.442197E+1	3.983051E+0	1.442240E+1	4.014680E-1	2.304680E+3	-1.827068E+3	4.548320E+3	-3.044148E+3	6.213422E+3	-1.059750E+4	7.340908E+3	-1.738089E+4
6.407000E+1	1.442197E+1	3.763406E+0	1.442240E+1	4.014680E-1	2.304680E+3	-1.827225E+3	4.548320E+3	-3.044305E+3	6.213265E+3	-1.059719E+4	7.341065E+3	-1.738105E+4
6.408000E+1	1.442193E+1	3.718616E+0	1.442236E+1	4.014676E-1	2.304680E+3	-1.827382E+3	4.548320E+3	-3.044462E+3	6.213108E+3	-1.059688E+4	7.341222E+3	-1.738121E+4
6.409000E+1	1.442186E+1	3.700934E+0	1.442229E+1	4.014669E-1	2.303090E+3	-1.825707E+3	4.548320E+3	-3.046486E+3	6.214957E+3	-1.059662E+4	7.337870E+3	-1.737760E+4
6.410000E+1	1.442185E+1	3.941411E+0	1.442228E+1	4.014668E-1	2.303852E+3	-1.825961E+3	4.548320E+3	-3.046739E+3	6.215211E+3	-1.059637E+4	7.338632E+3	-1.737760E+4
6.411000E+1	1.442184E+1	4.045046E+0	1.442226E+1	4.014667E-1	2.304614E+3	-1.826215E+3	4.548320E+3	-3.046992E+3	6.215465E+3	-1.059612E+4	7.339394E+3	-1.737760E+4
6.412000E+1	1.442183E+1	3.825854E+0	1.442226E+1	4.014666E-1	2.305377E+3	-1.826469E+3	4.548320E+3	-3.047244E+3	6.215719E+3	-1.059587E+4	7.340157E+3	-1.737760E+4
6.413000E+1	1.442183E+1	3.763665E+0	1.442226E+1	4.014666E-1	2.306139E+3	-1.826723E+3	4.548320E+3	-3.047497E+3	6.215973E+3	-1.059563E+4	7.340919E+3	-1.737760E+4
6.414000E+1	1.442181E+1	3.735782E+0	1.442223E+1	4.014663E-1	2.306901E+3	-1.826977E+3	4.548320E+3	-3.047750E+3	6.216227E+3	-1.059538E+4	7.341681E+3	-1.737760E+4
6.415000E+1	1.442180E+1	3.882890E+0	1.442222E+1	4.014663E-1	2.307664E+3	-1.827231E+3	4.548320E+3	-3.048003E+3	6.216481E+3	-1.059513E+4	7.342444E+3	-1.737760E+4
6.416000E+1	1.442178E+1	4.015416E+0	1.442221E+1	4.014661E-1	2.306517E+3	-1.823783E+3	4.546483E+3	-3.046387E+3	6.216707E+3	-1.059861E+4	7.343135E+3	-1.737760E+4
6.417000E+1	1.442175E+1	3.924005E+0	1.442217E+1	4.014657E-1	2.306309E+3	-1.823991E+3	4.546691E+3	-3.046179E+3	6.216499E+3	-1.059882E+4	7.342718E+3	-1.737760E+4
6.418000E+1	1.442170E+1	3.839371E+0	1.442212E+1	4.014652E-1	2.306101E+3	-1.824199E+3	4.546899E+3	-3.045971E+3	6.216291E+3	-1.059902E+4	7.342301E+3	-1.737760E+4
6.419000E+1	1.442168E+1	3.928311E+0	1.442211E+1	4.014651E-1	2.305892E+3	-1.824408E+3	4.547108E+3	-3.045762E+3	6.216082E+3	-1.059922E+4	7.341884E+3	-1.737760E+4
6.420000E+1	1.442168E+1	3.787012E+0	1.442211E+1	4.014650E-1	2.305684E+3	-1.824616E+3	4.547316E+3	-3.045554E+3	6.215874E+3	-1.059942E+4	7.341467E+3	-1.737760E+4
6.421000E+1	1.442165E+1	3.679153E+0	1.442208E+1	4.014648E-1	2.305475E+3	-1.824825E+3	4.547525E+3	-3.045345E+3	6.215665E+3	-1.059963E+4	7.341051E+3	-1.737760E+4
6.422000E+1	1.442160E+1	3.748065E+0	1.442203E+1	4.014643E-1	2.305267E+3	-1.825033E+3	4.547733E+3	-3.045137E+3	6.215457E+3	-1.059983E+4	7.340634E+3	-1.737760E+4
6.423000E+1	1.442159E+1	4.046025E+0	1.442201E+1	4.014641E-1	2.305058E+3	-1.825242E+3	4.547942E+3	-3.044928E+3	6.215248E+3	-1.060003E+4	7.340217E+3	-1.737760E+4
6.424000E+1	1.442157E+1	3.987900E+0	1.442200E+1	4.014640E-1	2.304850E+3	-1.825450E+3	4.548150E+3	-3.044720E+3	6.215040E+3	-1.060023E+4	7.339800E+3	-1.737760E+4
6.425000E+1	1.442155E+1	3.798592E+0	1.442198E+1	4.014638E-1	2.306661E+3	-1.829320E+3	4.550170E+3	-3.044550E+3	6.211236E+3	-1.059860E+4	7.339460E+3	-1.738123E+4
6.426000E+1	1.442154E+1	3.819916E+0	1.442197E+1	4.014637E-1	2.307375E+3	-1.829320E+3	4.550170E+3	-3.044550E+3	6.211592E+3	-1.059860E+4	7.339460E+3	-1.738087E+4
6.427000E+1	1.442152E+1	3.765224E+0	1.442194E+1	4.014634E-1	2.308088E+3	-1.829320E+3	4.550170E+3	-3.044550E+3	6.211949E+3	-1.059860E+4	7.339460E+3	-1.738050E+4
6.428000E+1	1.442150E+1	4.001671E+0	1.442193E+1	4.014633E-1	2.308802E+3	-1.829320E+3	4.550170E+3	-3.044550E+3	6.212306E+3	-1.059860E+4	7.339460E+3	-1.738013E+4
6.429000E+1	1.442148E+1	3.917580E+0	1.442191E+1	4.014630E-1	2.309515E+3	-1.829320E+3	4.550170E+3	-3.044550E+3	6.212663E+3	-1.059860E+4	7.339460E+3	-1.737977E+4
6.430000E+1	1.442145E+1	3.881848E+0	1.442188E+1	4.014627E-1	2.310229E+3	-1.829320E+3	4.550170E+3	-3.044550E+3	6.213019E+3	-1.059860E+4	7.339460E+3	-1.737940E+4
6.431000E+1	1.442145E+1	3.901828E+0	1.442187E+1	4.014627E-1	2.309633E+3	-1.829320E+3	4.549573E+3	-3.045147E+3	6.213617E+3	-1.059799E+4	7.339460E+3	-1.737940E+4
6.432000E+1	1.442143E+1	3.877708E+0	1.442186E+1	4.014625E-1	2.309034E+3	-1.829320E+3	4.548974E+3	-3.045746E+3	6.214216E+3	-1.059737E+4	7.339460E+3	-1.737940E+4
6.433000E+1	1.442140E+1	3.754237E+0	1.442183E+1	4.014622E-1	2.308436E+3	-1.829320E+3	4.548376E+3	-3.046344E+3	6.214814E+3	-1.059676E+4	7.339460E+3	-1.737940E+4
6.434000E+1	1.442137E+1	3.757645E+0	1.442180E+1	4.014619E-1	2.307616E+3	-1.828556E+3	4.549084E+3	-3.046400E+3	6.215634E+3	-1.059596E+4	7.341752E+3	-1.737866E+4
6.435000E+1	1.442136E+1	3.778654E+0	1.442179E+1	4.014618E-1	2.306773E+3	-1.827713E+3	4.549927E+3	-3.046400E+3	6.216477E+3	-1.059514E+4	7.344282E+3	-1.737784E+4
6.436000E+1	1.442130E+1	4.043126E+0	1.442173E+1	4.014612E-1	2.306117E+3	-1.827057E+3	4.550170E+3	-3.045574E+3	6.216307E+3	-1.059573E+4	7.344597E+3	-1.737760E+4
6.437000E+1	1.442127E+1	3.861059E+0	1.442170E+1	4.014609E-1	2.305538E+3	-1.826478E+3	4.550170E+3	-3.044415E+3	6.215728E+3	-1.059688E+4	7.344018E+3	-1.737760E+4
6.438000E+1	1.442126E+1	3.766922E+0	1.442168E+1	4.014607E-1	2.304958E+3	-1.825898E+3	4.550170E+3	-3.043256E+3	6.215148E+3	-1.059804E+4	7.343438E+3	-1.737760E+4
6.439000E+1	1.442124E+1	3.720591E+0	1.442167E+1	4.014606E-1	2.304269E+3	-1.825414E+3	4.549964E+3	-3.042906E+3	6.214664E+3	-1.059860E+4	7.342954E+3	-1.737780E+4
6.440000E+1	1.442123E+1	3.985645E+0	1.442166E+1	4.014605E-1	2.303480E+3	-1.825020E+3	4.549570E+3	-3.043300E+3	6.214270E+3	-1.059860E+4	7.342560E+3	-1.737818E+4
6.441000E+1	1.442121E+1	3.998986E+0	1.442164E+1	4.014603E-1	2.302690E+3	-1.824625E+3	4.549175E+3	-3.043695E+3	6.213875E+3	-1.059860E+4	7.342165E+3	-1.737857E+4
6.442000E+1	1.442120E+1	3.830895E+0	1.442163E+1	4.014601E-1	2.301901E+3	-1.824230E+3	4.548780E+3	-3.044090E+3	6.213480E+3	-1.059860E+4	7.341770E+3	-1.737895E+4
6.443000E+1	1.442119E+1	3.659519E+0	1.442162E+1	4.014601E-1	2.301112E+3	-1.823836E+3	4.548386E+3	-3.044484E+3	6.213086E+3	-1.059860E+4	7.341376E+3	-1.737934E+4
6.444000E+1	1.442119E+1	3.885821E+0	1.442162E+1	4.014600E-1	2.301946E+3	-1.825219E+3	4.548320E+3	-3.044550E+3	6.213020E+3	-1.059810E+4	7.341793E+3	-1.737990E+4
6.445000E+1	1.442116E+1	4.042756E+0	1.442159E+1	4.014597E-1	2.303105E+3	-1.826958E+3	4.548320E+3	-3.044550E+3	6.213020E+3	-1.059751E+4	7.342373E+3	-1.738049E+4
6.446000E+1	1.442115E+1	3.900856E+0	1.442158E+1	4.014596E-1	2.304265E+3	-1.828697E+3	4.548320E+3	-3.044550E+3	6.213020E+3	-1.059691E+4	7.342952E+3	-1.738109E+4
6.447000E+1	1.442114E+1	3.716826E+0	1.442157E+1	4.014595E-1	2.305176E+3	-1.829568E+3	4.548568E+3	-3.044550E+3	6.213020E+3	-1.059695E+4	7.342416E+3	-1.738105E+4
6.448000E+1	1.442112E+1	3.913919E+0	1.442155E+1	4.014593E-1	2.305949E+3	-1.829954E+3	4.548954E+3	-3.044550E+3	6.213020E+3	-1.059735E+4	7.341257E+3	-1.738065E+4
6.449000E+1	1.442110E+1	4.010652E+0	1.442152E+1	4.014591E-1	2.306722E+3	-1.830341E+3	4.549341E+3	-3.044550E+3	6.213020E+3	-1.059775E+4	7.340097E+3	-1.738025E+4
6.450000E+1	1.442108E+1	3.860581E+0	1.442151E+1	4.014589E-1	2.307495E+3	-1.830727E+3	4.549727E+3	-3.044550E+3	6.213020E+3	-1.059815E+4	7.338938E+3	-1.737985E+4
6.451000E+1	1.442106E+1	3.802786E+0	1.442149E+1	4.014588E-1	2.308268E+3	-1.831114E+3	4.550114E+3	-3.044550E+3	6.213020E+3	-1.059854E+4	7.337779E+3	-1.737946E+4
6.452000E+1	1.442106E+1	3.756471E+0	1.442149E+1	4.014588E-1	2.308271E+3	-1.831061E+3	4.550061E+3	-3.044659E+3	6.213129E+3	-1.059849E+4	7.337610E+3	-1.737940E+4
6.453000E+1	1.442106E+1	3.954398E+0	1.442149E+1	4.014587E-1	2.308143E+3	-1.830933E+3	4.549933E+3	-3.044787E+3	6.213257E+3	-1.059836E+4	7.337610E+3	-1.737940E+4
6.454000E+1	1.442104E+1	3.818860E+0	1.442147E+1	4.014586E-1	2.308015E+3	-1.830805E+3	4.549805E+3	-3.044915E+3	6.213385E+3	-1.059822E+4	7.337610E+3	-1.737940E+4
6.455000E+1	1.442103E+1	3.791083E+0	1.442145E+1	4.014584E-1	2.307887E+3	-1.830677E+3	4.549677E+3	-3.045043E+3	6.213513E+3	-1.059809E+4	7.337610E+3	-1.737940E+4
6.456000E+1	1.442098E+1	3.861364E+0	1.442141E+1	4.014580E-1	2.307759E+3	-1.830549E+3	4.549549E+3	-3.045171E+3	6.213641E+3	-1.059796E+4	7.337610E+3	-1.737940E+4
6.457000E+1	1.442096E+1	3.965769E+0	1.442139E+1	4.014577E-1	2.307631E+3	-1.830421E+3	4.549421E+3	-3.045299E+3	6.213769E+3	-1.059783E+4	7.337610E+3	-1.737940E+4
6.458000E+1	1.442095E+1	3.945456E+0	1.442138E+1	4.014576E-1	2.307503E+3	-1.830293E+3	4.549293E+3	-3.045427E+3	6.213897E+3	-1.059770E+4	7.337610E+3	-1.737940E+4
6.459000E+1	1.442093E+1	3.755467E+0	1.442136E+1	4.014574E-1	2.307375E+3	-1.830165E+3	4.549165E+3	-3.045555E+3	6.214025E+3	-1.059757E+4	7.337610E+3	-1.737940E+4
6.460000E+1	1.442091E+1	3.657754E+0	1.442133E+1	4.014572E-1	2.307247E+3	-1.830037E+3	4.549037E+3	-3.045683E+3	6.214153E+3	-1.059744E+4	7.337610E+3	-1.737940E+4
6.461000E+1	1.442089E+1	3.780212E+0	1.442132E+1	4.014570E-1	2.307119E+3	-1.829909E+3	4.548909E+3	-3.045811E+3	6.214281E+3	-1.059731E+4	7.337610E+3	-1.737940E+4
6.462000E+1	1.442089E+1	3.963765E+0	1.442132E+1	4.014570E-1	2.306991E+3	-1.829781E+3	4.548781E+3	-3.045939E+3	6.214409E+3	-1.059717E+4	7.337610E+3	-1.737940E+4
6.463000E+1	1.442088E+1	3.932252E+0	1.442131E+1	4.014569E-1	2.306863E+3	-1.829653E+3	4.548653E+3	-3.046067E+3	6.214537E+3	-1.059704E+4	7.337610E+3	-1.737940E+4
6.464000E+1	1.442088E+1	3.978347E+0	1.442131E+1	4.014569E-1	2.306736E+3	-1.829526E+3	4.548526E+3	-3.046194E+3	6.214664E+3	-1.059691E+4	7.337610E+3	-1.737940E+4
6.465000E+1	1.442087E+1	3.781255E+0	1.442130E+1	4.014568E-1	2.306608E+3	-1.829398E+3	4.548398E+3	-3.046322E+3	6.214792E+3	-1.059678E+4	7.337610E+3	-1.737940E+4
6.466000E+1	1.442086E+1	3.933092E+0	1.442128E+1	4.014567E-1	2.306676E+3	-1.829174E+3	4.548320E+3	-3.046400E+3	6.214870E+3	-1.059670E+4	7.338193E+3	-1.737926E+4
6.467000E+1	1.442083E+1	3.780120E+0	1.442126E+1	4.014564E-1	2.307047E+3	-1.828803E+3	4.548320E+3	-3.046400E+3	6.214870E+3	-1.059670E+4	7.339677E+3	-1.737890E+4
6.468000E+1	1.442083E+1	3.906540E+0	1.442126E+1	4.014564E-1	2.307418E+3	-1.828432E+3	4.548320E+3	-3.046400E+3	6.214870E+3	-1.059670E+4	7.341161E+3	-1.737854E+4
6.469000E+1	1.442082E+1	3.800125E+0	1.442125E+1	4.014563E-1	2.307789E+3	-1.828061E+3	4.548320E+3	-3.046400E+3	6.214870E+3	-1.059670E+4	7.342645E+3	-1.737818E+4
6.470000E+1	1.442080E+1	3.964663E+0	1.442123E+1	4.014561E-1	2.308160E+3	-1.827690E+3	4.548320E+3	-3.046400E+3	6.214870E+3	-1.059670E+4	7.344129E+3	-1.737781E+4
6.471000E+1	1.442079E+1	3.809432E+0	1.442122E+1	4.014560E-1	2.305022E+3	-1.823770E+3	4.548320E+3	-3.043796E+3	6.214116E+3	-1.059967E+4	7.341310E+3	-1.737833E+4
6.472000E+1	1.442078E+1	3.766495E+0	1.442121E+1	4.014559E-1	2.304095E+3	-1.823138E+3	4.548320E+3	-3.043332E+3	6.212388E+3	-1.059795E+4	7.341310E+3	-1.737940E+4
6.473000E+1	1.442077E+1	3.798300E+0	1.442120E+1	4.014558E-1	2.306582E+3	-1.822024E+3	4.548320E+3	-3.044602E+3	6.211222E+3	-1.059670E+4	7.341154E+3	-1.737940E+4
6.474000E+1	1.442076E+1	3.964347E+0	1.442119E+1	4.014557E-1	2.306826E+3	-1.822512E+3	4.548320E+3	-3.044846E+3	6.211466E+3	-1.059670E+4	7.340422E+3	-1.737940E+4
6.475000E+1	1.442075E+1	3.835256E+0	1.442118E+1	4.014556E-1	2.307070E+3	-1.823000E+3	4.548320E+3	-3.045090E+3	6.211710E+3	-1.059670E+4	7.339690E+3	-1.737940E+4
6.476000E+1	1.442072E+1	3.790356E+0	1.442115E+1	4.014553E-1	2.307314E+3	-1.823488E+3	4.548320E+3	-3.045334E+3	6.211954E+3	-1.059670E+4	7.338958E+3	-1.737940E+4
6.477000E+1	1.442071E+1	3.757568E+0	1.442114E+1	4.014552E-1	2.307558E+3	-1.823976E+3	4.548320E+3	-3.045578E+3	6.212198E+3	-1.059670E+4	7.338226E+3	-1.737940E+4
6.478000E+1	1.442071E+1	3.962550E+0	1.442114E+1	4.014552E-1	2.307802E+3	-1.824464E+3	4.548320E+3	-3.045822E+3	6.212442E+3	-1.059670E+4	7.337493E+3	-1.737940E+4
6.479000E+1	1.442071E+1	3.968696E+0	1.442114E+1	4.014552E-1	2.308046E+3	-1.824953E+3	4.548320E+3	-3.046066E+3	6.212686E+3	-1.059670E+4	7.336761E+3	-1.737940E+4
6.480000E+1	1.442069E+1	3.744834E+0	1.442112E+1	4.014550E-1	2.308290E+3	-1.825441E+3	4.548320E+3	-3.046310E+3	6.212930E+3	-1.059670E+4	7.336029E+3	-1.737940E+4
6.481000E+1	1.442065E+1	3.723483E+0	1.442108E+1	4.014545E-1	2.308261E+3	-1.825857E+3	4.548439E+3	-3.046518E+3	6.213139E+3	-1.059670E+4	7.335997E+3	-1.737928E+4
6.482000E+1	1.442063E+1	3.770396E+0	1.442106E+1	4.014543E-1	2.308074E+3	-1.826232E+3	4.548626E+3	-3.046704E+3	6.213326E+3	-1.059670E+4	7.336372E+3	-1.737910E+4
6.483000E+1	1.442061E+1	4.059247E+0	1.442103E+1	4.014541E-1	2.307887E+3	-1.826607E+3	4.548813E+3	-3.046891E+3	6.213513E+3	-1.059670E+4	7.336747E+3	-1.737892E+4
6.484000E+1	1.442060E+1	4.006798E+0	1.442103E+1	4.014541E-1	2.307699E+3	-1.826981E+3	4.549001E+3	-3.047077E+3	6.213701E+3	-1.059670E+4	7.337121E+3	-1.737874E+4
6.485000E+1	1.442057E+1	3.858953E+0	1.442100E+1	4.014538E-1	2.307512E+3	-1.827356E+3	4.549188E+3	-3.047263E+3	6.213888E+3	-1.059670E+4	7.337496E+3	-1.737856E+4
6.486000E+1	1.442057E+1	3.830851E+0	1.442100E+1	4.014537E-1	2.307325E+3	-1.827731E+3	4.549375E+3	-3.047450E+3	6.214075E+3	-1.059670E+4	7.337871E+3	-1.737837E+4
6.487000E+1	1.442055E+1	4.031444E+0	1.442097E+1	4.014535E-1	2.307137E+3	-1.828105E+3	4.549563E+3	-3.047636E+3	6.214263E+3	-1.059670E+4	7.338245E+3	-1.737819E+4
6.488000E+1	1.442054E+1	4.104099E+0	1.442097E+1	4.014534E-1	2.306950E+3	-1.828480E+3	4.549750E+3	-3.047822E+3	6.214450E+3	-1.059670E+4	7.338620E+3	-1.737801E+4
6.489000E+1	1.442054E+1	3.931258E+0	1.442096E+1	4.014534E-1	2.306763E+3	-1.828855E+3	4.549937E+3	-3.048009E+3	6.214637E+3	-1.059670E+4	7.338995E+3	-1.737783E+4
6.490000E+1	1.442053E+1	3.797657E+0	1.442095E+1	4.014533E-1	2.306575E+3	-1.829230E+3	4.550125E+3	-3.048195E+3	6.214825E+3	-1.059670E+4	7.339370E+3	-1.737764E+4
6.491000E+1	1.442051E+1	3.819969E+0	1.442094E+1	4.014531E-1	2.306530E+3	-1.828880E+3	4.549730E+3	-3.047802E+3	6.214870E+3	-1.059627E+4	7.340340E+3	-1.737760E+4
6.492000E+1	1.442049E+1	3.989460E+0	1.442092E+1	4.014530E-1	2.306530E+3	-1.828300E+3	4.549150E+3	-3.047226E+3	6.214870E+3	-1.059571E+4	7.341499E+3	-1.737760E+4
6.493000E+1	1.442049E+1	3.935112E+0	1.442092E+1	4.014529E-1	2.306530E+3	-1.827721E+3	4.548571E+3	-3.046649E+3	6.214870E+3	-1.059514E+4	7.342659E+3	-1.737760E+4
6.494000E+1	1.442049E+1	3.696068E+0	1.442091E+1	4.014529E-1	2.308380E+3	-1.824021E+3	4.548320E+3	-3.044550E+3	6.212769E+3	-1.059847E+4	7.337610E+3	-1.737953E+4
6.495000E+1	1.442047E+1	3.691492E+0	1.442090E+1	4.014527E-1	2.308380E+3	-1.824462E+3	4.548320E+3	-3.044550E+3	6.212328E+3	-1.059824E+4	7.337610E+3	-1.737976E+4
6.496000E+1	1.442043E+1	3.971244E+0	1.442086E+1	4.014523E-1	2.308380E+3	-1.824903E+3	4.548320E+3	-3.044550E+3	6.211887E+3	-1.059802E+4	7.337610E+3	-1.737998E+4
6.497000E+1	1.442041E+1	3.882530E+0	1.442083E+1	4.014521E-1	2.308380E+3	-1.825345E+3	4.548320E+3	-3.044550E+3	6.211445E+3	-1.059779E+4	7.337610E+3	-1.738021E+4
6.498000E+1	1.442040E+1	3.790038E+0	1.442083E+1	4.014520E-1	2.308380E+3	-1.825786E+3	4.548320E+3	-3.044550E+3	6.211004E+3	-1.059756E+4	7.337610E+3	-1.738044E+4
6.499000E+1	1.442040E+1	3.703329E+0	1.442083E+1	4.014520E-1	2.308380E+3	-1.826227E+3	4.548320E+3	-3.044550E+3	6.210563E+3	-1.059734E+4	7.337610E+3	-1.738066E+4
6.500000E+1	1.442039E+1	3.936614E+0	1.442082E+1	4.014519E-1	2.308380E+3	-1.826669E+3	4.548320E+3	-3.044550E+3	6.210121E+3	-1.059711E+4	7.337610E+3	-1.738089E+4
6.501000E+1	1.442039E+1	4.015848E+0	1.442082E+1	4.014519E-1	2.308380E+3	-1.827110E+3	4.548320E+3	-3.044550E+3	6.209680E+3	-1.059688E+4	7.337610E+3	-1.738112E+4
6.502000E+1	1.442038E+1	3.798750E+0	1.442081E+1	4.014518E-1	2.306383E+3	-1.822213E+3	4.548320E+3	-3.046400E+3	6.211317E+3	-1.059845E+4	7.336053E+3	-1.737926E+4
6.503000E+1	1.442036E+1	3.662998E+0	1.442079E+1	4.014516E-1	2.305586E+3	-1.823807E+3	4.548320E+3	-3.046400E+3	6.212114E+3	-1.059763E+4	7.337647E+3	-1.737848E+4
6.504000E+1	1.442036E+1	3.969813E+0	1.442079E+1	4.014516E-1	2.304789E+3	-1.825401E+3	4.548320E+3	-3.046400E+3	6.212911E+3	-1.059681E+4	7.339241E+3	-1.737771E+4
6.505000E+1	1.442035E+1	3.992935E+0	1.442078E+1	4.014515E-1	2.305013E+3	-1.826287E+3	4.548320E+3	-3.046400E+3	6.213020E+3	-1.059670E+4	7.340127E+3	-1.737760E+4
6.506000E+1	1.442035E+1	3.960826E+0	1.442078E+1	4.014515E-1	2.305400E+3	-1.827060E+3	4.548320E+3	-3.046400E+3	6.213020E+3	-1.059670E+4	7.340900E+3	-1.737760E+4
6.507000E+1	1.442035E+1	3.740334E+0	1.442077E+1	4.014515E-1	2.305786E+3	-1.827832E+3	4.548320E+3	-3.046400E+3	6.213020E+3	-1.059670E+4	7.341672E+3	-1.737760E+4
6.508000E+1	1.442032E+1	3.791125E+0	1.442075E+1	4.014512E-1	2.306173E+3	-1.828605E+3	4.548320E+3	-3.046400E+3	6.213020E+3	-1.059670E+4	7.342445E+3	-1.737760E+4
6.509000E+1	1.442030E+1	3.940918E+0	1.442073E+1	4.014510E-1	2.306559E+3	-1.829262E+3	4.548349E+3	-3.046400E+3	6.213020E+3	-1.059673E+4	7.343073E+3	-1.737760E+4
6.510000E+1	1.442030E+1	3.945065E+0	1.442073E+1	4.014510E-1	2.306946E+3	-1.828489E+3	4.548736E+3	-3.046400E+3	6.213020E+3	-1.059713E+4	7.341913E+3	-1.737760E+4
6.511000E+1	1.442031E+1	3.876104E+0	1.442073E+1	4.014510E-1	2.307332E+3	-1.827716E+3	4.549122E+3	-3.046400E+3	6.213020E+3	-1.059752E+4	7.340754E+3	-1.737760E+4
6.512000E+1	1.442030E+1	3.723393E+0	1.442073E+1	4.014510E-1	2.307718E+3	-1.826943E+3	4.549508E+3	-3.046400E+3	6.213020E+3	-1.059792E+4	7.339595E+3	-1.737760E+4
6.513000E+1	1.442026E+1	3.875325E+0	1.442069E+1	4.014506E-1	2.308105E+3	-1.826170E+3	4.549895E+3	-3.046400E+3	6.213020E+3	-1.059832E+4	7.338435E+3	-1.737760E+4
6.514000E+1	1.442026E+1	3.789350E+0	1.442069E+1	4.014506E-1	2.308208E+3	-1.825448E+3	4.550170E+3	-3.046400E+3	6.212848E+3	-1.059842E+4	7.337782E+3	-1.737794E+4
6.515000E+1	1.442025E+1	3.858996E+0	1.442068E+1	4.014505E-1	2.307609E+3	-1.824849E+3	4.550170E+3	-3.046400E+3	6.212249E+3	-1.059781E+4	7.338381E+3	-1.737914E+4
6.516000E+1	1.442024E+1	3.696918E+0	1.442067E+1	4.014504E-1	2.307011E+3	-1.824251E+3	4.550170E+3	-3.046400E+3	6.211651E+3	-1.059719E+4	7.338979E+3	-1.738034E+4
6.517000E+1	1.442022E+1	3.928144E+0	1.442065E+1	4.014502E-1	2.306530E+3	-1.823770E+3	4.550139E+3	-3.046431E+3	6.211170E+3	-1.059673E+4	7.339398E+3	-1.738130E+4
6.518000E+1	1.442022E+1	3.974129E+0	1.442064E+1	4.014501E-1	2.306530E+3	-1.823770E+3	4.549982E+3	-3.046587E+3	6.211170E+3	-1.059689E+4	7.339084E+3	-1.738130E+4
6.519000E+1	1.442020E+1	3.858965E+0	1.442063E+1	4.014500E-1	2.306530E+3	-1.823770E+3	4.549825E+3	-3.046743E+3	6.211170E+3	-1.059705E+4	7.338769E+3	-1.738130E+4
6.520000E+1	1.442021E+1	3.701995E+0	1.442063E+1	4.014500E-1	2.306530E+3	-1.823770E+3	4.549668E+3	-3.046900E+3	6.211170E+3	-1.059722E+4	7.338455E+3	-1.738130E+4
6.521000E+1	1.442019E+1	3.879379E+0	1.442062E+1	4.014499E-1	2.306530E+3	-1.823770E+3	4.549510E+3	-3.047056E+3	6.211170E+3	-1.059738E+4	7.338141E+3	-1.738130E+4
6.522000E+1	1.442018E+1	3.977746E+0	1.442061E+1	4.014497E-1	2.306530E+3	-1.823770E+3	4.549353E+3	-3.047212E+3	6.211170E+3	-1.059754E+4	7.337826E+3	-1.738130E+4
6.523000E+1	1.442017E+1	3.953772E+0	1.442059E+1	4.014496E-1	2.306530E+3	-1.823770E+3	4.549196E+3	-3.047369E+3	6.211170E+3	-1.059770E+4	7.337512E+3	-1.738130E+4
6.524000E+1	1.442016E+1	3.751826E+0	1.442059E+1	4.014496E-1	2.306530E+3	-1.823770E+3	4.549039E+3	-3.047525E+3	6.211170E+3	-1.059786E+4	7.337197E+3	-1.738130E+4
6.525000E+1	1.442016E+1	3.763538E+0	1.442059E+1	4.014496E-1	2.306530E+3	-1.823770E+3	4.548882E+3	-3.047682E+3	6.211170E+3	-1.059802E+4	7.336883E+3	-1.738130E+4
6.526000E+1	1.442015E+1	3.935811E+0	1.442058E+1	4.014495E-1	2.306530E+3	-1.823770E+3	4.548724E+3	-3.047838E+3	6.211170E+3	-1.059818E+4	7.336569E+3	-1.738130E+4
6.527000E+1	1.442015E+1	3.947341E+0	1.442058E+1	4.014495E-1	2.306530E+3	-1.823770E+3	4.548567E+3	-3.047994E+3	6.211170E+3	-1.059835E+4	7.336254E+3	-1.738130E+4
6.528000E+1	1.442014E+1	3.938328E+0	1.442056E+1	4.014493E-1	2.306530E+3	-1.823770E+3	4.548410E+3	-3.048151E+3	6.211170E+3	-1.059851E+4	7.335940E+3	-1.738130E+4
6.529000E+1	1.442013E+1	3.773370E+0	1.442056E+1	4.014492E-1	2.307973E+3	-1.824492E+3	4.548320E+3	-3.048240E+3	6.211892E+3	-1.059716E+4	7.336075E+3	-1.737940E+4
6.530000E+1	1.442012E+1	3.923180E+0	1.442055E+1	4.014491E-1	2.310230E+3	-1.825620E+3	4.548373E+3	-3.048187E+3	6.213020E+3	-1.059495E+4	7.339460E+3	-1.737935E+4
6.531000E+1	1.442012E+1	3.911912E+0	1.442055E+1	4.014491E-1	2.310230E+3	-1.825620E+3	4.548533E+3	-3.048028E+3	6.213020E+3	-1.059511E+4	7.339460E+3	-1.737919E+4
6.532000E+1	1.442011E+1	3.797432E+0	1.442054E+1	4.014490E-1	2.310230E+3	-1.825620E+3	4.548693E+3	-3.047869E+3	6.213020E+3	-1.059526E+4	7.339460E+3	-1.737904E+4
6.533000E+1	1.442011E+1	3.885317E+0	1.442054E+1	4.014491E-1	2.310230E+3	-1.825620E+3	4.548853E+3	-3.047710E+3	6.213020E+3	-1.059542E+4	7.339460E+3	-1.737888E+4
6.534000E+1	1.442011E+1	4.045831E+0	1.442054E+1	4.014491E-1	2.310230E+3	-1.825620E+3	4.549013E+3	-3.047551E+3	6.213020E+3	-1.059557E+4	7.339460E+3	-1.737873E+4
6.535000E+1	1.442011E+1	3.947348E+0	1.442053E+1	4.014490E-1	2.310230E+3	-1.825620E+3	4.549172E+3	-3.047392E+3	6.213020E+3	-1.059573E+4	7.339460E+3	-1.737857E+4
6.536000E+1	1.442009E+1	3.757686E+0	1.442052E+1	4.014489E-1	2.310230E+3	-1.825620E+3	4.549332E+3	-3.047233E+3	6.213020E+3	-1.059589E+4	7.339460E+3	-1.737841E+4
6.537000E+1	1.442008E+1	3.663220E+0	1.442051E+1	4.014487E-1	2.310230E+3	-1.825620E+3	4.549492E+3	-3.047074E+3	6.213020E+3	-1.059604E+4	7.339460E+3	-1.737826E+4
6.538000E+1	1.442005E+1	3.840904E+0	1.442048E+1	4.014484E-1	2.310230E+3	-1.825620E+3	4.549652E+3	-3.046915E+3	6.213020E+3	-1.059620E+4	7.339460E+3	-1.737810E+4
6.539000E+1	1.442004E+1	3.912840E+0	1.442047E+1	4.014483E-1	2.310230E+3	-1.825620E+3	4.549812E+3	-3.046756E+3	6.213020E+3	-1.059635E+4	7.339460E+3	-1.737795E+4
6.540000E+1	1.442002E+1	3.888486E+0	1.442045E+1	4.014482E-1	2.310230E+3	-1.825620E+3	4.549972E+3	-3.046597E+3	6.213020E+3	-1.059651E+4	7.339460E+3	-1.737779E+4
6.541000E+1	1.441999E+1	3.881092E+0	1.442042E+1	4.014478E-1	2.310230E+3	-1.825620E+3	4.550132E+3	-3.046438E+3	6.213020E+3	-1.059666E+4	7.339460E+3	-1.737764E+4
6.542000E+1	1.441999E+1	3.916289E+0	1.442042E+1	4.014478E-1	2.306530E+3	-1.825586E+3	4.548320E+3	-3.044550E+3	6.210228E+3	-1.059852E+4	7.337610E+3	-1.738037E+4
6.543000E+1	1.441999E+1	4.009370E+0	1.442042E+1	4.014478E-1	2.306530E+3	-1.823770E+3	4.548320E+3	-3.044575E+3	6.209345E+3	-1.059673E+4	7.337585E+3	-1.738127E+4
6.544000E+1	1.441999E+1	3.742287E+0	1.442041E+1	4.014478E-1	2.306530E+3	-1.823770E+3	4.548320E+3	-3.044667E+3	6.209437E+3	-1.059682E+4	7.337493E+3	-1.738118E+4
6.545000E+1	1.441997E+1	3.744598E+0	1.442040E+1	4.014476E-1	2.306530E+3	-1.823770E+3	4.548320E+3	-3.044760E+3	6.209530E+3	-1.059692E+4	7.337400E+3	-1.738108E+4
6.546000E+1	1.441997E+1	3.882102E+0	1.442040E+1	4.014476E-1	2.306530E+3	-1.823770E+3	4.548320E+3	-3.044853E+3	6.209623E+3	-1.059701E+4	7.337307E+3	-1.738099E+4
6.547000E+1	1.441996E+1	4.006774E+0	1.442039E+1	4.014475E-1	2.306530E+3	-1.823770E+3	4.548320E+3	-3.044946E+3	6.209716E+3	-1.059711E+4	7.337214E+3	-1.738089E+4
6.548000E+1	1.441995E+1	3.966806E+0	1.442038E+1	4.014475E-1	2.306530E+3	-1.823770E+3	4.548320E+3	-3.045038E+3	6.209808E+3	-1.059720E+4	7.337122E+3	-1.738080E+4
6.549000E+1	1.441996E+1	3.836501E+0	1.442038E+1	4.014475E-1	2.306530E+3	-1.823770E+3	4.548320E+3	-3.045131E+3	6.209901E+3	-1.059730E+4	7.337029E+3	-1.738070E+4
6.550000E+1	1.441995E+1	3.693695E+0	1.442038E+1	4.014475E-1	2.306530E+3	-1.823770E+3	4.548320E+3	-3.045224E+3	6.209994E+3	-1.059739E+4	7.336936E+3	-1.738061E+4
6.551000E+1	1.441996E+1	3.958155E+0	1.442039E+1	4.014475E-1	2.306530E+3	-1.823770E+3	4.548320E+3	-3.045317E+3	6.210087E+3	-1.059749E+4	7.336843E+3	-1.738051E+4
6.552000E+1	1.441995E+1	3.968412E+0	1.442038E+1	4.014474E-1	2.306530E+3	-1.823770E+3	4.548320E+3	-3.045409E+3	6.210179E+3	-1.059758E+4	7.336751E+3	-1.738042E+4
6.553000E+1	1.441993E+1	3.926714E+0	1.442035E+1	4.014472E-1	2.306530E+3	-1.823770E+3	4.548320E+3	-3.045502E+3	6.210272E+3	-1.059768E+4	7.336658E+3	-1.738032E+4
6.554000E+1	1.441991E+1	3.807799E+0	1.442034E+1	4.014470E-1	2.306530E+3	-1.823770E+3	4.548320E+3	-3.045595E+3	6.210365E+3	-1.059777E+4	7.336565E+3	-1.738023E+4
6.555000E+1	1.441990E+1	3.754593E+0	1.442033E+1	4.014469E-1	2.306530E+3	-1.823770E+3	4.548320E+3	-3.045688E+3	6.210458E+3	-1.059787E+4	7.336472E+3	-1.738013E+4
6.556000E+1	1.441989E+1	3.851163E+0	1.442031E+1	4.014468E-1	2.306530E+3	-1.823770E+3	4.548320E+3	-3.045780E+3	6.210550E+3	-1.059796E+4	7.336380E+3	-1.738004E+4
6.557000E+1	1.441988E+1	3.791996E+0	1.442031E+1	4.014467E-1	2.306530E+3	-1.823770E+3	4.548320E+3	-3.045873E+3	6.210643E+3	-1.059806E+4	7.336287E+3	-1.737994E+4
6.558000E+1	1.441988E+1	3.836763E+0	1.442031E+1	4.014467E-1	2.306530E+3	-1.823770E+3	4.548320E+3	-3.045966E+3	6.210736E+3	-1.059815E+4	7.336194E+3	-1.737985E+4
6.559000E+1	1.441988E+1	3.719256E+0	1.442031E+1	4.014467E-1	2.306530E+3	-1.823770E+3	4.548320E+3	-3.046059E+3	6.210829E+3	-1.059825E+4	7.336101E+3	-1.737975E+4
6.560000E+1	1.441987E+1	3.891887E+0	1.442030E+1	4.014466E-1	2.306530E+3	-1.823770E+3	4.548320E+3	-3.046151E+3	6.210921E+3	-1.059834E+4	7.336009E+3	-1.737966E+4
6.561000E+1	1.441987E+1	3.864894E+0	1.442030E+1	4.014466E-1	2.306530E+3	-1.823770E+3	4.548320E+3	-3.046244E+3	6.211014E+3	-1.059844E+4	7.335916E+3	-1.737956E+4
6.562000E+1	1.441988E+1	3.776796E+0	1.442030E+1	4.014467E-1	2.306530E+3	-1.823770E+3	4.548320E+3	-3.046337E+3	6.211107E+3	-1.059854E+4	7.335823E+3	-1.737946E+4
6.563000E+1	1.441988E+1	3.846985E+0	1.442031E+1	4.014467E-1	2.303003E+3	-1.825620E+3	4.548320E+3	-3.044550E+3	6.209320E+3	-1.059851E+4	7.337610E+3	-1.738138E+4
6.564000E+1	1.441987E+1	3.954864E+0	1.442030E+1	4.014466E-1	2.303792E+3	-1.825620E+3	4.548320E+3	-3.044550E+3	6.209320E+3	-1.059811E+4	7.337610E+3	-1.738177E+4
6.565000E+1	1.441987E+1	3.846873E+0	1.442030E+1	4.014466E-1	2.304581E+3	-1.825620E+3	4.548320E+3	-3.044550E+3	6.209320E+3	-1.059770E+4	7.337610E+3	-1.738215E+4
6.566000E+1	1.441987E+1	3.772008E+0	1.442030E+1	4.014466E-1	2.305370E+3	-1.825620E+3	4.548320E+3	-3.044550E+3	6.209320E+3	-1.059730E+4	7.337610E+3	-1.738254E+4
6.567000E+1	1.441987E+1	3.803862E+0	1.442029E+1	4.014466E-1	2.306158E+3	-1.825620E+3	4.548320E+3	-3.044550E+3	6.209320E+3	-1.059689E+4	7.337610E+3	-1.738292E+4
6.568000E+1	1.441987E+1	3.957704E+0	1.442030E+1	4.014466E-1	2.306795E+3	-1.825355E+3	4.548320E+3	-3.044815E+3	6.209320E+3	-1.059697E+4	7.337079E+3	-1.738284E+4
6.569000E+1	1.441987E+1	3.812512E+0	1.442030E+1	4.014466E-1	2.307297E+3	-1.824853E+3	4.548320E+3	-3.045317E+3	6.209320E+3	-1.059749E+4	7.336076E+3	-1.738235E+4
6.570000E+1	1.441985E+1	3.746053E+0	1.442028E+1	4.014464E-1	2.307799E+3	-1.824351E+3	4.548320E+3	-3.045819E+3	6.209320E+3	-1.059800E+4	7.335072E+3	-1.738187E+4
6.571000E+1	1.441982E+1	3.881571E+0	1.442025E+1	4.014461E-1	2.308301E+3	-1.823849E+3	4.548320E+3	-3.046321E+3	6.209320E+3	-1.059852E+4	7.334069E+3	-1.738138E+4
6.572000E+1	1.441980E+1	3.798069E+0	1.442023E+1	4.014459E-1	2.308380E+3	-1.824229E+3	4.548320E+3	-3.046857E+3	6.209779E+3	-1.059860E+4	7.333910E+3	-1.738130E+4
6.573000E+1	1.441961E+1	3.776116E+0	1.442004E+1	4.014440E-1	2.308380E+3	-1.824775E+3	4.548320E+3	-3.047399E+3	6.210325E+3	-1.059860E+4	7.333910E+3	-1.738130E+4
6.574000E+1	1.441885E+1	3.726875E+0	1.441928E+1	4.014362E-1	2.308380E+3	-1.825320E+3	4.548320E+3	-3.047942E+3	6.210870E+3	-1.059860E+4	7.333910E+3	-1.738130E+4
6.575000E+1	1.441704E+1	3.924450E+0	1.441747E+1	4.014178E-1	2.308380E+3	-1.825984E+3	4.548320E+3	-3.048059E+3	6.211352E+3	-1.059841E+4	7.334819E+3	-1.738111E+4
6.576000E+1	1.441383E+1	3.918177E+0	1.441426E+1	4.013849E-1	2.308380E+3	-1.826790E+3	4.548320E+3	-3.047658E+3	6.211755E+3	-1.059800E+4	7.336835E+3	-1.738070E+4
6.577000E+1	1.440925E+1	3.814951E+0	1.440968E+1	4.013382E-1	2.308380E+3	-1.827597E+3	4.548320E+3	-3.047257E+3	6.212158E+3	-1.059758E+4	7.338852E+3	-1.738028E+4
6.578000E+1	1.440164E+1	3.779482E+0	1.440207E+1	4.012606E-1	2.308380E+3	-1.828403E+3	4.548320E+3	-3.046856E+3	6.212562E+3	-1.059717E+4	7.340868E+3	-1.737987E+4
6.579000E+1	1.439053E+1	3.881134E+0	1.439096E+1	4.011472E-1	2.308380E+3	-1.829210E+3	4.548320E+3	-3.046455E+3	6.212965E+3	-1.059676E+4	7.342884E+3	-1.737946E+4
6.580000E+1	1.437753E+1	3.942329E+0	1.437795E+1	4.010145E-1	2.308380E+3	-1.828350E+3	4.547350E+3	-3.045430E+3	6.213020E+3	-1.059767E+4	7.342675E+3	-1.737940E+4
6.581000E+1	1.436369E+1	3.824336E+0	1.436412E+1	4.008733E-1	2.308380E+3	-1.827225E+3	4.546225E+3	-3.044305E+3	6.213020E+3	-1.059879E+4	7.342113E+3	-1.737940E+4
6.582000E+1	1.434946E+1	3.690506E+0	1.434989E+1	4.007282E-1	2.308380E+3	-1.826101E+3	4.545101E+3	-3.043181E+3	6.213020E+3	-1.059992E+4	7.341551E+3	-1.737940E+4
6.583000E+1	1.433558E+1	3.886947E+0	1.433601E+1	4.005865E-1	2.308601E+3	-1.825841E+3	4.545062E+3	-3.042921E+3	6.213241E+3	-1.060040E+4	7.341310E+3	-1.737963E+4
6.584000E+1	1.432200E+1	3.893982E+0	1.432242E+1	4.004479E-1	2.308987E+3	-1.826227E+3	4.545835E+3	-3.043307E+3	6.213627E+3	-1.060040E+4	7.341310E+3	-1.738002E+4
6.585000E+1	1.430931E+1	3.873528E+0	1.430973E+1	4.003184E-1	2.309374E+3	-1.826614E+3	4.546608E+3	-3.043694E+3	6.214014E+3	-1.060040E+4	7.341310E+3	-1.738042E+4
6.586000E+1	1.429749E+1	3.800687E+0	1.429792E+1	4.001979E-1	2.309760E+3	-1.827000E+3	4.547381E+3	-3.044080E+3	6.214400E+3	-1.060040E+4	7.341310E+3	-1.738082E+4
6.587000E+1	1.428582E+1	3.840242E+0	1.428625E+1	4.000788E-1	2.310147E+3	-1.827387E+3	4.548154E+3	-3.044467E+3	6.214787E+3	-1.060040E+4	7.341310E+3	-1.738121E+4
6.588000E+1	1.427470E+1	3.933562E+0	1.427513E+1	3.999653E-1	2.310052E+3	-1.827559E+3	4.548320E+3	-3.044550E+3	6.214870E+3	-1.060031E+4	7.341488E+3	-1.738130E+4
6.589000E+1	1.426390E+1	3.828292E+0	1.426433E+1	3.998551E-1	2.309826E+3	-1.827672E+3	4.548320E+3	-3.044550E+3	6.214870E+3	-1.060020E+4	7.341714E+3	-1.738130E+4
6.590000E+1	1.425287E+1	3.753710E+0	1.425330E+1	3.997425E-1	2.309600E+3	-1.827785E+3	4.548320E+3	-3.044550E+3	6.214870E+3	-1.060009E+4	7.341940E+3	-1.738130E+4
6.591000E+1	1.424148E+1	3.771946E+0	1.424190E+1	3.996263E-1	2.309374E+3	-1.827898E+3	4.548320E+3	-3.044550E+3	6.214870E+3	-1.059998E+4	7.342166E+3	-1.738130E+4
6.592000E+1	1.422981E+1	3.797800E+0	1.423023E+1	3.995072E-1	2.309148E+3	-1.828011E+3	4.548320E+3	-3.044550E+3	6.214870E+3	-1.059987E+4	7.342392E+3	-1.738130E+4
6.593000E+1	1.421902E+1	3.840967E+0	1.421945E+1	3.993971E-1	2.308921E+3	-1.828124E+3	4.548320E+3	-3.044550E+3	6.214870E+3	-1.059976E+4	7.342619E+3	-1.738130E+4
6.594000E+1	1.420863E+1	3.789285E+0	1.420906E+1	3.992911E-1	2.308695E+3	-1.828237E+3	4.548320E+3	-3.044550E+3	6.214870E+3	-1.059965E+4	7.342845E+3	-1.738130E+4
6.595000E+1	1.419801E+1	3.768747E+0	1.419844E+1	3.991827E-1	2.308469E+3	-1.828351E+3	4.548320E+3	-3.044550E+3	6.214870E+3	-1.059954E+4	7.343071E+3	-1.738130E+4
6.596000E+1	1.418745E+1	3.819216E+0	1.418788E+1	3.990750E-1	2.308243E+3	-1.828464E+3	4.548320E+3	-3.044550E+3	6.214870E+3	-1.059943E+4	7.343297E+3	-1.738130E+4
6.597000E+1	1.417678E+1	3.818152E+0	1.417720E+1	3.989661E-1	2.308017E+3	-1.828577E+3	4.548320E+3	-3.044550E+3	6.214870E+3	-1.059932E+4	7.343523E+3	-1.738130E+4
6.598000E+1	1.416596E+1	3.820444E+0	1.416639E+1	3.988557E-1	2.307790E+3	-1.828690E+3	4.548320E+3	-3.044550E+3	6.214870E+3	-1.059921E+4	7.343750E+3	-1.738130E+4
6.599000E+1	1.415562E+1	3.669398E+0	1.415604E+1	3.987501E-1	2.307564E+3	-1.828803E+3	4.548320E+3	-3.044550E+3	6.214870E+3	-1.059910E+4	7.343976E+3	-1.738130E+4
6.600000E+1	1.414622E+1	3.801556E+0	1.414664E+1	3.986542E-1	2.307338E+3	-1.828916E+3	4.548320E+3	-3.044550E+3	6.214870E+3	-1.059899E+4	7.344202E+3	-1.738130E+4
6.601000E+1	1.413695E+1	3.910358E+0	1.413738E+1	3.985597E-1	2.307112E+3	-1.829029E+3	4.548320E+3	-3.044550E+3	6.214870E+3	-1.059888E+4	7.344428E+3	-1.738130E+4
6.602000E+1	1.412701E+1	3.776393E+0	1.412743E+1	3.984582E-1	2.306885E+3	-1.829142E+3	4.548320E+3	-3.044550E+3	6.214870E+3	-1.059877E+4	7.344655E+3	-1.738130E+4
6.603000E+1	1.411639E+1	3.776350E+0	1.411682E+1	3.983498E-1	2.306659E+3	-1.829255E+3	4.548320E+3	-3.044550E+3	6.214870E+3	-1.059866E+4	7.344881E+3	-1.738130E+4
6.604000E+1	1.410568E+1	3.736222E+0	1.410611E+1	3.982406E-1	2.308263E+3	-1.825855E+3	4.550170E+3	-3.044550E+3	6.222270E+3	-1.059693E+4	7.352293E+3	-1.737760E+4
6.605000E+1	1.409466E+1	3.855722E+0	1.409509E+1	3.981281E-1	2.307906E+3	-1.826568E+3	4.550170E+3	-3.044550E+3	6.222270E+3	-1.059765E+4	7.351936E+3	-1.737760E+4
6.606000E+1	1.408386E+1	3.790360E+0	1.408429E+1	3.980180E-1	2.307549E+3	-1.827281E+3	4.550170E+3	-3.044550E+3	6.222270E+3	-1.059836E+4	7.351579E+3	-1.737760E+4
6.607000E+1	1.407346E+1	3.698279E+0	1.407389E+1	3.979118E-1	2.307193E+3	-1.827995E+3	4.550170E+3	-3.044550E+3	6.222270E+3	-1.059907E+4	7.351223E+3	-1.737760E+4
6.608000E+1	1.406358E+1	3.739719E+0	1.406401E+1	3.978110E-1	2.306836E+3	-1.828708E+3	4.550170E+3	-3.044550E+3	6.222270E+3	-1.059979E+4	7.350866E+3	-1.737760E+4
6.609000E+1	1.405402E+1	3.811464E+0	1.405444E+1	3.977134E-1	2.306428E+3	-1.829422E+3	4.550170E+3	-3.044448E+3	6.222270E+3	-1.060040E+4	7.350662E+3	-1.737770E+4
6.610000E+1	1.404376E+1	3.803829E+0	1.404418E+1	3.976087E-1	2.305715E+3	-1.830135E+3	4.550170E+3	-3.043735E+3	6.222270E+3	-1.060040E+4	7.351375E+3	-1.737839E+4
6.611000E+1	1.403300E+1	3.754891E+0	1.403343E+1	3.974989E-1	2.305001E+3	-1.830849E+3	4.550170E+3	-3.043021E+3	6.222270E+3	-1.060040E+4	7.352089E+3	-1.737909E+4
6.612000E+1	1.402157E+1	3.666630E+0	1.402200E+1	3.973823E-1	2.304850E+3	-1.831000E+3	4.550340E+3	-3.042700E+3	6.222270E+3	-1.060040E+4	7.352410E+3	-1.737940E+4
6.613000E+1	1.401026E+1	3.785925E+0	1.401069E+1	3.972669E-1	2.305159E+3	-1.830691E+3	4.550649E+3	-3.042700E+3	6.222270E+3	-1.060040E+4	7.352410E+3	-1.737940E+4
6.614000E+1	1.399937E+1	3.760077E+0	1.399980E+1	3.971558E-1	2.305468E+3	-1.830382E+3	4.550958E+3	-3.042700E+3	6.222270E+3	-1.060040E+4	7.352410E+3	-1.737940E+4
6.615000E+1	1.398862E+1	3.726563E+0	1.398905E+1	3.970461E-1	2.305777E+3	-1.830073E+3	4.551267E+3	-3.042700E+3	6.222270E+3	-1.060040E+4	7.352410E+3	-1.737940E+4
6.616000E+1	1.397834E+1	3.632654E+0	1.397877E+1	3.969412E-1	2.306087E+3	-1.829763E+3	4.551577E+3	-3.042700E+3	6.222270E+3	-1.060040E+4	7.352410E+3	-1.737940E+4
6.617000E+1	1.396852E+1	3.710675E+0	1.396895E+1	3.968410E-1	2.306396E+3	-1.829454E+3	4.551886E+3	-3.042700E+3	6.222270E+3	-1.060040E+4	7.352410E+3	-1.737940E+4
6.618000E+1	1.395894E+1	3.816226E+0	1.395936E+1	3.967432E-1	2.306474E+3	-1.829320E+3	4.551964E+3	-3.042813E+3	6.222326E+3	-1.060040E+4	7.352297E+3	-1.737940E+4
6.619000E+1	1.394976E+1	3.753273E+0	1.395019E+1	3.966496E-1	2.306374E+3	-1.829320E+3	4.551864E+3	-3.043012E+3	6.222426E+3	-1.060040E+4	7.352098E+3	-1.737940E+4
6.620000E+1	1.394102E+1	3.708029E+0	1.394145E+1	3.965603E-1	2.306274E+3	-1.829320E+3	4.551764E+3	-3.043211E+3	6.222526E+3	-1.060040E+4	7.351899E+3	-1.737940E+4
6.621000E+1	1.393248E+1	3.747086E+0	1.393291E+1	3.964732E-1	2.306175E+3	-1.829320E+3	4.551665E+3	-3.043411E+3	6.222625E+3	-1.060040E+4	7.351699E+3	-1.737940E+4
6.622000E+1	1.392335E+1	3.756257E+0	1.392378E+1	3.963800E-1	2.306075E+3	-1.829320E+3	4.551565E+3	-3.043610E+3	6.222725E+3	-1.060040E+4	7.351500E+3	-1.737940E+4
6.623000E+1	1.391379E+1	3.832079E+0	1.391422E+1	3.962825E-1	2.305975E+3	-1.829320E+3	4.551465E+3	-3.043809E+3	6.222825E+3	-1.060040E+4	7.351301E+3	-1.737940E+4
6.624000E+1	1.390452E+1	3.682496E+0	1.390494E+1	3.961879E-1	2.305876E+3	-1.829320E+3	4.551366E+3	-3.044009E+3	6.222924E+3	-1.060040E+4	7.351101E+3	-1.737940E+4
6.625000E+1	1.389469E+1	3.674260E+0	1.389512E+1	3.960876E-1	2.305776E+3	-1.829320E+3	4.551266E+3	-3.044208E+3	6.223024E+3	-1.060040E+4	7.350902E+3	-1.737940E+4
6.626000E+1	1.388492E+1	3.750871E+0	1.388534E+1	3.959879E-1	2.305676E+3	-1.829320E+3	4.551166E+3	-3.044407E+3	6.223124E+3	-1.060040E+4	7.350703E+3	-1.737940E+4
6.627000E+1	1.387487E+1	3.729529E+0	1.387530E+1	3.958854E-1	2.305577E+3	-1.829320E+3	4.551067E+3	-3.044607E+3	6.223223E+3	-1.060040E+4	7.350503E+3	-1.737940E+4
6.628000E+1	1.386385E+1	3.742294E+0	1.386428E+1	3.957729E-1	2.305477E+3	-1.829320E+3	4.550967E+3	-3.044806E+3	6.223323E+3	-1.060040E+4	7.350304E+3	-1.737940E+4
6.629000E+1	1.385295E+1	3.651628E+0	1.385338E+1	3.956617E-1	2.305377E+3	-1.829320E+3	4.550867E+3	-3.045006E+3	6.223423E+3	-1.060040E+4	7.350104E+3	-1.737940E+4
6.630000E+1	1.384206E+1	3.795800E+0	1.384249E+1	3.955506E-1	2.305278E+3	-1.829320E+3	4.550768E+3	-3.045205E+3	6.223522E+3	-1.060040E+4	7.349905E+3	-1.737940E+4
6.631000E+1	1.383053E+1	3.820814E+0	1.383096E+1	3.954329E-1	2.305178E+3	-1.829320E+3	4.550668E+3	-3.045404E+3	6.223622E+3	-1.060040E+4	7.349706E+3	-1.737940E+4
6.632000E+1	1.381910E+1	3.696917E+0	1.381953E+1	3.953163E-1	2.305078E+3	-1.829320E+3	4.550568E+3	-3.045604E+3	6.223722E+3	-1.060040E+4	7.349506E+3	-1.737940E+4
6.633000E+1	1.380810E+1	3.653080E+0	1.380852E+1	3.952040E-1	2.304979E+3	-1.829320E+3	4.550469E+3	-3.045803E+3	6.223821E+3	-1.060040E+4	7.349307E+3	-1.737940E+4
6.634000E+1	1.379728E+1	3.690401E+0	1.379771E+1	3.950936E-1	2.304879E+3	-1.829320E+3	4.550369E+3	-3.046002E+3	6.223921E+3	-1.060040E+4	7.349108E+3	-1.737940E+4
6.635000E+1	1.378711E+1	3.818557E+0	1.378754E+1	3.949899E-1	2.304779E+3	-1.829320E+3	4.550269E+3	-3.046202E+3	6.224021E+3	-1.060040E+4	7.348908E+3	-1.737940E+4
6.636000E+1	1.377717E+1	3.804791E+0	1.377760E+1	3.948884E-1	2.306536E+3	-1.825632E+3	4.548326E+3	-3.042700E+3	6.229670E+3	-1.060409E+4	7.357972E+3	-1.737760E+4
6.637000E+1	1.376756E+1	3.658365E+0	1.376799E+1	3.947904E-1	2.307861E+3	-1.828283E+3	4.549651E+3	-3.042700E+3	6.229670E+3	-1.060280E+4	7.360623E+3	-1.737760E+4
6.638000E+1	1.375731E+1	3.703293E+0	1.375773E+1	3.946857E-1	2.308814E+3	-1.829320E+3	4.550170E+3	-3.042700E+3	6.230102E+3	-1.060230E+4	7.361660E+3	-1.737760E+4
6.639000E+1	1.374722E+1	3.741032E+0	1.374765E+1	3.945828E-1	2.309528E+3	-1.829320E+3	4.550170E+3	-3.042700E+3	6.230811E+3	-1.060230E+4	7.361660E+3	-1.737760E+4
6.640000E+1	1.373745E+1	3.789449E+0	1.373788E+1	3.944831E-1	2.310218E+3	-1.829314E+3	4.550164E+3	-3.042700E+3	6.231516E+3	-1.060231E+4	7.361660E+3	-1.737759E+4
6.641000E+1	1.372680E+1	3.669815E+0	1.372723E+1	3.943744E-1	2.309445E+3	-1.828928E+3	4.549778E+3	-3.042700E+3	6.231902E+3	-1.060268E+4	7.361660E+3	-1.737720E+4
6.642000E+1	1.371562E+1	3.582820E+0	1.371605E+1	3.942604E-1	2.308672E+3	-1.828541E+3	4.549391E+3	-3.042700E+3	6.232289E+3	-1.060306E+4	7.361660E+3	-1.737680E+4
6.643000E+1	1.370549E+1	3.738414E+0	1.370592E+1	3.941570E-1	2.307899E+3	-1.828155E+3	4.549005E+3	-3.042700E+3	6.232675E+3	-1.060343E+4	7.361660E+3	-1.737640E+4
6.644000E+1	1.369598E+1	3.727029E+0	1.369641E+1	3.940600E-1	2.307126E+3	-1.827768E+3	4.548618E+3	-3.042700E+3	6.233062E+3	-1.060381E+4	7.361660E+3	-1.737601E+4
6.645000E+1	1.368679E+1	3.709262E+0	1.368722E+1	3.939662E-1	2.306530E+3	-1.827470E+3	4.548452E+3	-3.042700E+3	6.233625E+3	-1.060371E+4	7.362189E+3	-1.737570E+4
6.646000E+1	1.367772E+1	3.610043E+0	1.367815E+1	3.938737E-1	2.306530E+3	-1.827470E+3	4.549032E+3	-3.042700E+3	6.234784E+3	-1.060198E+4	7.364508E+3	-1.737570E+4
6.647000E+1	1.366817E+1	3.692831E+0	1.366860E+1	3.937762E-1	2.306530E+3	-1.827470E+3	4.549612E+3	-3.042700E+3	6.235943E+3	-1.060026E+4	7.366827E+3	-1.737570E+4
6.648000E+1	1.365806E+1	3.797334E+0	1.365849E+1	3.936730E-1	2.306544E+3	-1.827443E+3	4.550170E+3	-3.042686E+3	6.237074E+3	-1.059863E+4	7.369060E+3	-1.737569E+4
6.649000E+1	1.364755E+1	3.696077E+0	1.364798E+1	3.935658E-1	2.306915E+3	-1.826701E+3	4.550170E+3	-3.042315E+3	6.237445E+3	-1.059937E+4	7.369060E+3	-1.737533E+4
6.650000E+1	1.363737E+1	3.630145E+0	1.363779E+1	3.934619E-1	2.307286E+3	-1.825959E+3	4.550170E+3	-3.041944E+3	6.237816E+3	-1.060011E+4	7.369060E+3	-1.737496E+4
6.651000E+1	1.362706E+1	3.683468E+0	1.362749E+1	3.933567E-1	2.307657E+3	-1.825217E+3	4.550170E+3	-3.041573E+3	6.238187E+3	-1.060085E+4	7.369060E+3	-1.737460E+4
6.652000E+1	1.361615E+1	3.743183E+0	1.361657E+1	3.932453E-1	2.308028E+3	-1.824475E+3	4.550170E+3	-3.041202E+3	6.238558E+3	-1.060160E+4	7.369060E+3	-1.737424E+4
6.653000E+1	1.360523E+1	3.762288E+0	1.360566E+1	3.931339E-1	2.308366E+3	-1.823784E+3	4.550184E+3	-3.040850E+3	6.238896E+3	-1.060233E+4	7.369046E+3	-1.737391E+4
6.654000E+1	1.359455E+1	3.600767E+0	1.359498E+1	3.930250E-1	2.308094E+3	-1.824056E+3	4.550456E+3	-3.040850E+3	6.238624E+3	-1.060287E+4	7.368774E+3	-1.737418E+4
6.655000E+1	1.358423E+1	3.625849E+0	1.358466E+1	3.929197E-1	2.307821E+3	-1.824329E+3	4.550729E+3	-3.040850E+3	6.238351E+3	-1.060342E+4	7.368501E+3	-1.737444E+4
6.656000E+1	1.357430E+1	3.743665E+0	1.357473E+1	3.928183E-1	2.307548E+3	-1.824602E+3	4.551002E+3	-3.040850E+3	6.238078E+3	-1.060396E+4	7.368228E+3	-1.737471E+4
6.657000E+1	1.356468E+1	3.731327E+0	1.356511E+1	3.927202E-1	2.307275E+3	-1.824875E+3	4.551275E+3	-3.040850E+3	6.237805E+3	-1.060451E+4	7.367955E+3	-1.737497E+4
6.658000E+1	1.355554E+1	3.712853E+0	1.355597E+1	3.926269E-1	2.307002E+3	-1.825148E+3	4.551548E+3	-3.040850E+3	6.237532E+3	-1.060506E+4	7.367682E+3	-1.737524E+4
6.659000E+1	1.354601E+1	3.586983E+0	1.354644E+1	3.925296E-1	2.306730E+3	-1.825420E+3	4.551820E+3	-3.040850E+3	6.237260E+3	-1.060560E+4	7.367410E+3	-1.737551E+4
6.660000E+1	1.353658E+1	3.720840E+0	1.353701E+1	3.924335E-1	2.306530E+3	-1.825703E+3	4.552020E+3	-3.040850E+3	6.237060E+3	-1.060596E+4	7.367293E+3	-1.737574E+4
6.661000E+1	1.352737E+1	3.753431E+0	1.352780E+1	3.923394E-1	2.306530E+3	-1.826012E+3	4.552020E+3	-3.040850E+3	6.237060E+3	-1.060580E+4	7.367602E+3	-1.737590E+4
6.662000E+1	1.351808E+1	3.681824E+0	1.351851E+1	3.922446E-1	2.306530E+3	-1.826321E+3	4.552020E+3	-3.040850E+3	6.237060E+3	-1.060564E+4	7.367911E+3	-1.737606E+4
6.663000E+1	1.350854E+1	3.555505E+0	1.350897E+1	3.921473E-1	2.306530E+3	-1.826630E+3	4.552020E+3	-3.040850E+3	6.237060E+3	-1.060548E+4	7.368220E+3	-1.737622E+4
6.664000E+1	1.349852E+1	3.661764E+0	1.349895E+1	3.920451E-1	2.306530E+3	-1.826940E+3	4.552020E+3	-3.040850E+3	6.237060E+3	-1.060532E+4	7.368530E+3	-1.737638E+4
6.665000E+1	1.348843E+1	3.727595E+0	1.348886E+1	3.919421E-1	2.306530E+3	-1.827249E+3	4.552020E+3	-3.040850E+3	6.237060E+3	-1.060516E+4	7.368839E+3	-1.737654E+4
6.666000E+1	1.347878E+1	3.703216E+0	1.347921E+1	3.918436E-1	2.306530E+3	-1.827558E+3	4.552020E+3	-3.040850E+3	6.237060E+3	-1.060500E+4	7.369148E+3	-1.737670E+4
6.667000E+1	1.346931E+1	3.546807E+0	1.346973E+1	3.917470E-1	2.306530E+3	-1.827867E+3	4.552020E+3	-3.040850E+3	6.237060E+3	-1.060485E+4	7.369457E+3	-1.737685E+4
6.668000E+1	1.345963E+1	3.609962E+0	1.346006E+1	3.916482E-1	2.306530E+3	-1.828176E+3	4.552020E+3	-3.040850E+3	6.237060E+3	-1.060469E+4	7.369766E+3	-1.737701E+4
6.669000E+1	1.344964E+1	3.687163E+0	1.345006E+1	3.915462E-1	2.306530E+3	-1.828485E+3	4.552020E+3	-3.040850E+3	6.237060E+3	-1.060453E+4	7.370075E+3	-1.737717E+4
6.670000E+1	1.343914E+1	3.765368E+0	1.343956E+1	3.914391E-1	2.306530E+3	-1.828795E+3	4.552020E+3	-3.040850E+3	6.237060E+3	-1.060437E+4	7.370385E+3	-1.737733E+4
6.671000E+1	1.342927E+1	3.643584E+0	1.342970E+1	3.913385E-1	2.306530E+3	-1.829104E+3	4.552020E+3	-3.040850E+3	6.237060E+3	-1.060421E+4	7.370694E+3	-1.737749E+4
6.672000E+1	1.342005E+1	3.575512E+0	1.342047E+1	3.912443E-1	2.308380E+3	-1.829691E+3	4.553499E+3	-3.040850E+3	6.239281E+3	-1.060374E+4	7.369060E+3	-1.737570E+4
6.673000E+1	1.341064E+1	3.702976E+0	1.341107E+1	3.911483E-1	2.308380E+3	-1.830928E+3	4.552262E+3	-3.040850E+3	6.240518E+3	-1.060254E+4	7.369060E+3	-1.737570E+4
6.674000E+1	1.340074E+1	3.704190E+0	1.340117E+1	3.910473E-1	2.308566E+3	-1.831170E+3	4.552020E+3	-3.041036E+3	6.241133E+3	-1.060211E+4	7.369992E+3	-1.737533E+4
6.675000E+1	1.339096E+1	3.634185E+0	1.339138E+1	3.909475E-1	2.308798E+3	-1.831170E+3	4.552020E+3	-3.041268E+3	6.241597E+3	-1.060187E+4	7.371152E+3	-1.737486E+4
6.676000E+1	1.338123E+1	3.564880E+0	1.338166E+1	3.908482E-1	2.309030E+3	-1.831170E+3	4.552020E+3	-3.041500E+3	6.242060E+3	-1.060163E+4	7.372311E+3	-1.737440E+4
6.677000E+1	1.337108E+1	3.640171E+0	1.337151E+1	3.907447E-1	2.309262E+3	-1.831170E+3	4.552020E+3	-3.041732E+3	6.242524E+3	-1.060139E+4	7.373470E+3	-1.737394E+4
6.678000E+1	1.336058E+1	3.732275E+0	1.336101E+1	3.906375E-1	2.309494E+3	-1.831170E+3	4.552020E+3	-3.041964E+3	6.242988E+3	-1.060116E+4	7.374630E+3	-1.737347E+4
6.679000E+1	1.334976E+1	3.589230E+0	1.335019E+1	3.905271E-1	2.309726E+3	-1.831170E+3	4.552020E+3	-3.042196E+3	6.243452E+3	-1.060092E+4	7.375789E+3	-1.737301E+4
6.680000E+1	1.333886E+1	3.552546E+0	1.333929E+1	3.904159E-1	2.309958E+3	-1.831170E+3	4.552020E+3	-3.042428E+3	6.243915E+3	-1.060068E+4	7.376948E+3	-1.737254E+4
6.681000E+1	1.332832E+1	3.622170E+0	1.332875E+1	3.903083E-1	2.310190E+3	-1.831170E+3	4.552020E+3	-3.042660E+3	6.244379E+3	-1.060044E+4	7.378108E+3	-1.737208E+4
6.682000E+1	1.331868E+1	3.703616E+0	1.331911E+1	3.902100E-1	2.308412E+3	-1.829352E+3	4.553838E+3	-3.039000E+3	6.246278E+3	-1.060597E+4	7.376523E+3	-1.737393E+4
6.683000E+1	1.330933E+1	3.703189E+0	1.330976E+1	3.901146E-1	2.308508E+3	-1.829448E+3	4.553742E+3	-3.039000E+3	6.246182E+3	-1.060587E+4	7.376716E+3	-1.737402E+4
6.684000E+1	1.329990E+1	3.590408E+0	1.330033E+1	3.900183E-1	2.308605E+3	-1.829545E+3	4.553645E+3	-3.039000E+3	6.246085E+3	-1.060577E+4	7.376910E+3	-1.737412E+4
6.685000E+1	1.329056E+1	3.670008E+0	1.329099E+1	3.899230E-1	2.308701E+3	-1.829641E+3	4.553549E+3	-3.039000E+3	6.245989E+3	-1.060567E+4	7.377103E+3	-1.737421E+4
6.686000E+1	1.328100E+1	3.782597E+0	1.328142E+1	3.898254E-1	2.308798E+3	-1.829738E+3	4.553452E+3	-3.039000E+3	6.245892E+3	-1.060557E+4	7.377296E+3	-1.737431E+4
6.687000E+1	1.327087E+1	3.686097E+0	1.327130E+1	3.897221E-1	2.308895E+3	-1.829835E+3	4.553355E+3	-3.039000E+3	6.245795E+3	-1.060547E+4	7.377489E+3	-1.737440E+4
6.688000E+1	1.326055E+1	3.634250E+0	1.326098E+1	3.896168E-1	2.308991E+3	-1.829931E+3	4.553259E+3	-3.039000E+3	6.245699E+3	-1.060537E+4	7.377683E+3	-1.737449E+4
6.689000E+1	1.325041E+1	3.528740E+0	1.325084E+1	3.895133E-1	2.309088E+3	-1.830028E+3	4.553162E+3	-3.039000E+3	6.245602E+3	-1.060527E+4	7.377876E+3	-1.737459E+4
6.690000E+1	1.324002E+1	3.655091E+0	1.324045E+1	3.894074E-1	2.309184E+3	-1.830124E+3	4.553066E+3	-3.039000E+3	6.245506E+3	-1.060517E+4	7.378069E+3	-1.737468E+4
6.691000E+1	1.322930E+1	3.658354E+0	1.322973E+1	3.892979E-1	2.309281E+3	-1.830221E+3	4.552969E+3	-3.039000E+3	6.245409E+3	-1.060507E+4	7.378262E+3	-1.737478E+4
6.692000E+1	1.321919E+1	3.632918E+0	1.321962E+1	3.891948E-1	2.309378E+3	-1.830318E+3	4.552872E+3	-3.039000E+3	6.245312E+3	-1.060498E+4	7.378455E+3	-1.737487E+4
6.693000E+1	1.320947E+1	3.560915E+0	1.320990E+1	3.890956E-1	2.309474E+3	-1.830414E+3	4.552776E+3	-3.039000E+3	6.245216E+3	-1.060488E+4	7.378649E+3	-1.737496E+4
6.694000E+1	1.319945E+1	3.590231E+0	1.319988E+1	3.889933E-1	2.309571E+3	-1.830511E+3	4.552679E+3	-3.039000E+3	6.245119E+3	-1.060478E+4	7.378842E+3	-1.737506E+4
6.695000E+1	1.318922E+1	3.680932E+0	1.318965E+1	3.888890E-1	2.309668E+3	-1.830608E+3	4.552582E+3	-3.039000E+3	6.245022E+3	-1.060468E+4	7.379035E+3	-1.737515E+4
6.696000E+1	1.317932E+1	3.661593E+0	1.317975E+1	3.887879E-1	2.309764E+3	-1.830704E+3	4.552486E+3	-3.039000E+3	6.244926E+3	-1.060458E+4	7.379228E+3	-1.737525E+4
6.697000E+1	1.316970E+1	3.537870E+0	1.317013E+1	3.886898E-1	2.309861E+3	-1.830801E+3	4.552389E+3	-3.039000E+3	6.244829E+3	-1.060448E+4	7.379422E+3	-1.737534E+4
6.698000E+1	1.316028E+1	3.677646E+0	1.316071E+1	3.885936E-1	2.309957E+3	-1.830897E+3	4.552293E+3	-3.039000E+3	6.244733E+3	-1.060438E+4	7.379615E+3	-1.737543E+4
6.699000E+1	1.315072E+1	3.637095E+0	1.315115E+1	3.884961E-1	2.310054E+3	-1.830994E+3	4.552196E+3	-3.039000E+3	6.244636E+3	-1.060428E+4	7.379808E+3	-1.737553E+4
6.700000E+1	1.314106E+1	3.632484E+0	1.314149E+1	3.883975E-1	2.310151E+3	-1.831091E+3	4.552099E+3	-3.039000E+3	6.244539E+3	-1.060418E+4	7.380001E+3	-1.737562E+4
6.701000E+1	1.313151E+1	3.588540E+0	1.313194E+1	3.883000E-1	2.312080E+3	-1.825470E+3	4.553720E+3	-3.040700E+3	6.251860E+3	-1.060440E+4	7.385551E+3	-1.737215E+4
6.702000E+1	1.312214E+1	3.616028E+0	1.312257E+1	3.882045E-1	2.312080E+3	-1.824627E+3	4.552877E+3	-3.039857E+3	6.251860E+3	-1.060609E+4	7.384712E+3	-1.737302E+4
6.703000E+1	1.311269E+1	3.717079E+0	1.311312E+1	3.881081E-1	2.312080E+3	-1.823783E+3	4.552033E+3	-3.039013E+3	6.251860E+3	-1.060777E+4	7.383873E+3	-1.737389E+4
6.704000E+1	1.310294E+1	3.648918E+0	1.310336E+1	3.880085E-1	2.311378E+3	-1.825174E+3	4.552722E+3	-3.038298E+3	6.252562E+3	-1.060780E+4	7.385260E+3	-1.737390E+4
6.705000E+1	1.309310E+1	3.552055E+0	1.309353E+1	3.879081E-1	2.310664E+3	-1.826601E+3	4.553436E+3	-3.037584E+3	6.253276E+3	-1.060780E+4	7.386683E+3	-1.737390E+4
6.706000E+1	1.308338E+1	3.525763E+0	1.308381E+1	3.878090E-1	2.310230E+3	-1.827470E+3	4.554021E+3	-3.037150E+3	6.253861E+3	-1.060765E+4	7.387550E+3	-1.737405E+4
6.707000E+1	1.307333E+1	3.574294E+0	1.307376E+1	3.877064E-1	2.310230E+3	-1.827470E+3	4.554408E+3	-3.037150E+3	6.254248E+3	-1.060728E+4	7.387550E+3	-1.737442E+4
6.708000E+1	1.306343E+1	3.668672E+0	1.306386E+1	3.876054E-1	2.310230E+3	-1.827470E+3	4.554794E+3	-3.037150E+3	6.254634E+3	-1.060690E+4	7.387550E+3	-1.737480E+4
6.709000E+1	1.305373E+1	3.540995E+0	1.305416E+1	3.875064E-1	2.310230E+3	-1.827470E+3	4.555180E+3	-3.037150E+3	6.255020E+3	-1.060652E+4	7.387550E+3	-1.737518E+4
6.710000E+1	1.304432E+1	3.487013E+0	1.304475E+1	3.874104E-1	2.310230E+3	-1.827470E+3	4.555567E+3	-3.037150E+3	6.255407E+3	-1.060615E+4	7.387550E+3	-1.737555E+4
6.711000E+1	1.303518E+1	3.590429E+0	1.303561E+1	3.873171E-1	2.310230E+3	-1.827470E+3	4.555370E+3	-3.037150E+3	6.255560E+3	-1.060634E+4	7.387200E+3	-1.737536E+4
6.712000E+1	1.302586E+1	3.677254E+0	1.302628E+1	3.872220E-1	2.310230E+3	-1.827470E+3	4.554790E+3	-3.037150E+3	6.255560E+3	-1.060690E+4	7.386620E+3	-1.737480E+4
6.713000E+1	1.301628E+1	3.646576E+0	1.301671E+1	3.871242E-1	2.310230E+3	-1.827470E+3	4.554211E+3	-3.037150E+3	6.255560E+3	-1.060747E+4	7.386041E+3	-1.737423E+4
6.714000E+1	1.300658E+1	3.483636E+0	1.300701E+1	3.870253E-1	2.310230E+3	-1.827629E+3	4.553870E+3	-3.037469E+3	6.255719E+3	-1.060764E+4	7.385859E+3	-1.737390E+4
6.715000E+1	1.299656E+1	3.547641E+0	1.299699E+1	3.869230E-1	2.310230E+3	-1.828016E+3	4.553870E+3	-3.038242E+3	6.256106E+3	-1.060727E+4	7.386246E+3	-1.737390E+4
6.716000E+1	1.298732E+1	3.692699E+0	1.298775E+1	3.868288E-1	2.310230E+3	-1.828402E+3	4.553870E+3	-3.039015E+3	6.256492E+3	-1.060689E+4	7.386632E+3	-1.737390E+4
6.717000E+1	1.297841E+1	3.634391E+0	1.297884E+1	3.867379E-1	2.310230E+3	-1.828789E+3	4.553870E+3	-3.039787E+3	6.256879E+3	-1.060652E+4	7.387019E+3	-1.737390E+4
6.718000E+1	1.296951E+1	3.593468E+0	1.296994E+1	3.866470E-1	2.310230E+3	-1.829175E+3	4.553870E+3	-3.040560E+3	6.257265E+3	-1.060614E+4	7.387405E+3	-1.737390E+4
6.719000E+1	1.296027E+1	3.508254E+0	1.296070E+1	3.865527E-1	2.310331E+3	-1.829421E+3	4.553971E+3	-3.040749E+3	6.257410E+3	-1.060590E+4	7.387953E+3	-1.737390E+4
6.720000E+1	1.295086E+1	3.660597E+0	1.295129E+1	3.864567E-1	2.310492E+3	-1.829582E+3	4.554132E+3	-3.040588E+3	6.257410E+3	-1.060573E+4	7.388599E+3	-1.737390E+4
6.721000E+1	1.294132E+1	3.641930E+0	1.294174E+1	3.863593E-1	2.310653E+3	-1.829743E+3	4.554293E+3	-3.040427E+3	6.257410E+3	-1.060557E+4	7.389244E+3	-1.737390E+4
6.722000E+1	1.293219E+1	3.498227E+0	1.293262E+1	3.862662E-1	2.310815E+3	-1.829905E+3	4.554455E+3	-3.040265E+3	6.257410E+3	-1.060540E+4	7.389889E+3	-1.737390E+4
6.723000E+1	1.292350E+1	3.484176E+0	1.292393E+1	3.861775E-1	2.310976E+3	-1.830066E+3	4.554616E+3	-3.040104E+3	6.257410E+3	-1.060523E+4	7.390534E+3	-1.737390E+4
6.724000E+1	1.291433E+1	3.597880E+0	1.291476E+1	3.860840E-1	2.311137E+3	-1.830227E+3	4.554777E+3	-3.039943E+3	6.257410E+3	-1.060507E+4	7.391179E+3	-1.737390E+4
6.725000E+1	1.290463E+1	3.688497E+0	1.290506E+1	3.859850E-1	2.311299E+3	-1.830389E+3	4.554939E+3	-3.039781E+3	6.257410E+3	-1.060490E+4	7.391825E+3	-1.737390E+4
6.726000E+1	1.289454E+1	3.642711E+0	1.289497E+1	3.858821E-1	2.311460E+3	-1.830550E+3	4.555100E+3	-3.039620E+3	6.257410E+3	-1.060474E+4	7.392470E+3	-1.737390E+4
6.727000E+1	1.288436E+1	3.481045E+0	1.288478E+1	3.857781E-1	2.311621E+3	-1.830711E+3	4.555261E+3	-3.039459E+3	6.257410E+3	-1.060457E+4	7.393115E+3	-1.737390E+4
6.728000E+1	1.287386E+1	3.578597E+0	1.287429E+1	3.856710E-1	2.311783E+3	-1.830873E+3	4.555423E+3	-3.039297E+3	6.257410E+3	-1.060441E+4	7.393760E+3	-1.737390E+4
6.729000E+1	1.286327E+1	3.585603E+0	1.286369E+1	3.855629E-1	2.311944E+3	-1.831034E+3	4.555584E+3	-3.039136E+3	6.257410E+3	-1.060424E+4	7.394405E+3	-1.737390E+4
6.730000E+1	1.285323E+1	3.574915E+0	1.285366E+1	3.854605E-1	2.312048E+3	-1.827502E+3	4.553902E+3	-3.037150E+3	6.257442E+3	-1.060967E+4	7.393132E+3	-1.737390E+4
6.731000E+1	1.284314E+1	3.527866E+0	1.284357E+1	3.853575E-1	2.311840E+3	-1.827710E+3	4.554110E+3	-3.037150E+3	6.257650E+3	-1.060945E+4	7.393340E+3	-1.737390E+4
6.732000E+1	1.283338E+1	3.491255E+0	1.283380E+1	3.852579E-1	2.311633E+3	-1.827917E+3	4.554317E+3	-3.037150E+3	6.257857E+3	-1.060924E+4	7.393547E+3	-1.737390E+4
6.733000E+1	1.282349E+1	3.613939E+0	1.282391E+1	3.851570E-1	2.311426E+3	-1.828124E+3	4.554524E+3	-3.037150E+3	6.258064E+3	-1.060903E+4	7.393754E+3	-1.737390E+4
6.734000E+1	1.281359E+1	3.601271E+0	1.281402E+1	3.850560E-1	2.311219E+3	-1.828331E+3	4.554731E+3	-3.037150E+3	6.258271E+3	-1.060882E+4	7.393961E+3	-1.737390E+4
6.735000E+1	1.280368E+1	3.543589E+0	1.280411E+1	3.849549E-1	2.311012E+3	-1.828538E+3	4.554938E+3	-3.037150E+3	6.258478E+3	-1.060860E+4	7.394168E+3	-1.737390E+4
6.736000E+1	1.279360E+1	3.459547E+0	1.279403E+1	3.848520E-1	2.310804E+3	-1.828746E+3	4.555146E+3	-3.037150E+3	6.258686E+3	-1.060839E+4	7.394376E+3	-1.737390E+4
6.737000E+1	1.278362E+1	3.530507E+0	1.278405E+1	3.847501E-1	2.310597E+3	-1.828953E+3	4.555353E+3	-3.037150E+3	6.258893E+3	-1.060818E+4	7.394583E+3	-1.737390E+4
6.738000E+1	1.277413E+1	3.640953E+0	1.277456E+1	3.846533E-1	2.310390E+3	-1.829160E+3	4.555560E+3	-3.037150E+3	6.259100E+3	-1.060796E+4	7.394790E+3	-1.737390E+4
6.739000E+1	1.276483E+1	3.524721E+0	1.276525E+1	3.845584E-1	2.310230E+3	-1.831019E+3	4.555720E+3	-3.037999E+3	6.259260E+3	-1.060697E+4	7.395799E+3	-1.737390E+4
6.740000E+1	1.275584E+1	3.478675E+0	1.275627E+1	3.844667E-1	2.312080E+3	-1.827847E+3	4.555720E+3	-3.040473E+3	6.261865E+3	-1.060743E+4	7.395705E+3	-1.737200E+4
6.741000E+1	1.274703E+1	3.585694E+0	1.274746E+1	3.843768E-1	2.312080E+3	-1.828446E+3	4.555720E+3	-3.039874E+3	6.263061E+3	-1.060685E+4	7.396901E+3	-1.737200E+4
6.742000E+1	1.273780E+1	3.611462E+0	1.273823E+1	3.842826E-1	2.312080E+3	-1.829044E+3	4.555720E+3	-3.039276E+3	6.264258E+3	-1.060627E+4	7.398098E+3	-1.737200E+4
6.743000E+1	1.272814E+1	3.583621E+0	1.272857E+1	3.841840E-1	2.311872E+3	-1.829112E+3	4.555928E+3	-3.039000E+3	6.265018E+3	-1.060600E+4	7.399275E+3	-1.737180E+4
6.744000E+1	1.271805E+1	3.443559E+0	1.271848E+1	3.840811E-1	2.311485E+3	-1.828725E+3	4.556315E+3	-3.039000E+3	6.265405E+3	-1.060600E+4	7.400434E+3	-1.737142E+4
6.745000E+1	1.270781E+1	3.529882E+0	1.270824E+1	3.839766E-1	2.311099E+3	-1.828339E+3	4.556701E+3	-3.039000E+3	6.265791E+3	-1.060600E+4	7.401593E+3	-1.737105E+4
6.746000E+1	1.269761E+1	3.634638E+0	1.269803E+1	3.838725E-1	2.310712E+3	-1.827952E+3	4.557088E+3	-3.039000E+3	6.266178E+3	-1.060600E+4	7.402753E+3	-1.737067E+4
6.747000E+1	1.268755E+1	3.619338E+0	1.268797E+1	3.837698E-1	2.310326E+3	-1.827566E+3	4.557474E+3	-3.039000E+3	6.266564E+3	-1.060600E+4	7.403912E+3	-1.737029E+4
6.748000E+1	1.267730E+1	3.521907E+0	1.267773E+1	3.836653E-1	2.310378E+3	-1.827470E+3	4.557718E+3	-3.038926E+3	6.266734E+3	-1.060615E+4	7.404052E+3	-1.737020E+4
6.749000E+1	1.266699E+1	3.420458E+0	1.266742E+1	3.835601E-1	2.310574E+3	-1.827470E+3	4.557914E+3	-3.038828E+3	6.266832E+3	-1.060634E+4	7.403856E+3	-1.737020E+4
6.750000E+1	1.265726E+1	3.526399E+0	1.265769E+1	3.834608E-1	2.310770E+3	-1.827470E+3	4.558110E+3	-3.038730E+3	6.266930E+3	-1.060654E+4	7.403660E+3	-1.737020E+4
6.751000E+1	1.264726E+1	3.547698E+0	1.264768E+1	3.833587E-1	2.310966E+3	-1.827470E+3	4.558306E+3	-3.038632E+3	6.267028E+3	-1.060674E+4	7.403464E+3	-1.737020E+4
6.752000E+1	1.263729E+1	3.491570E+0	1.263772E+1	3.832570E-1	2.311163E+3	-1.827470E+3	4.558503E+3	-3.038534E+3	6.267126E+3	-1.060693E+4	7.403267E+3	-1.737020E+4
6.753000E+1	1.262724E+1	3.492348E+0	1.262767E+1	3.831545E-1	2.311359E+3	-1.827470E+3	4.558699E+3	-3.038436E+3	6.267224E+3	-1.060713E+4	7.403071E+3	-1.737020E+4
6.754000E+1	1.261706E+1	3.519748E+0	1.261749E+1	3.830506E-1	2.311555E+3	-1.827470E+3	4.558895E+3	-3.038337E+3	6.267323E+3	-1.060733E+4	7.402875E+3	-1.737020E+4
6.755000E+1	1.260723E+1	3.617118E+0	1.260766E+1	3.829503E-1	2.311752E+3	-1.827470E+3	4.559092E+3	-3.038239E+3	6.267421E+3	-1.060752E+4	7.402678E+3	-1.737020E+4
6.756000E+1	1.259834E+1	3.538356E+0	1.259876E+1	3.828595E-1	2.311948E+3	-1.827470E+3	4.559288E+3	-3.038141E+3	6.267519E+3	-1.060772E+4	7.402482E+3	-1.737020E+4
6.757000E+1	1.258909E+1	3.419087E+0	1.258952E+1	3.827652E-1	2.312144E+3	-1.827470E+3	4.559484E+3	-3.038043E+3	6.267617E+3	-1.060791E+4	7.402286E+3	-1.737020E+4
6.758000E+1	1.257941E+1	3.595722E+0	1.257984E+1	3.826664E-1	2.312340E+3	-1.827470E+3	4.559680E+3	-3.037945E+3	6.267715E+3	-1.060811E+4	7.402090E+3	-1.737020E+4
6.759000E+1	1.257018E+1	3.619005E+0	1.257061E+1	3.825722E-1	2.312537E+3	-1.827470E+3	4.559877E+3	-3.037847E+3	6.267813E+3	-1.060831E+4	7.401893E+3	-1.737020E+4
6.760000E+1	1.256135E+1	3.615903E+0	1.256178E+1	3.824821E-1	2.312733E+3	-1.827470E+3	4.560073E+3	-3.037748E+3	6.267912E+3	-1.060850E+4	7.401697E+3	-1.737020E+4
6.761000E+1	1.255209E+1	3.482487E+0	1.255252E+1	3.823877E-1	2.312929E+3	-1.827470E+3	4.560269E+3	-3.037650E+3	6.268010E+3	-1.060870E+4	7.401501E+3	-1.737020E+4
6.762000E+1	1.254235E+1	3.490786E+0	1.254278E+1	3.822882E-1	2.313126E+3	-1.827470E+3	4.560466E+3	-3.037552E+3	6.268108E+3	-1.060890E+4	7.401304E+3	-1.737020E+4
6.763000E+1	1.253238E+1	3.621804E+0	1.253281E+1	3.821865E-1	2.313322E+3	-1.827470E+3	4.560662E+3	-3.037454E+3	6.268206E+3	-1.060909E+4	7.401108E+3	-1.737020E+4
6.764000E+1	1.252305E+1	3.522913E+0	1.252348E+1	3.820913E-1	2.313518E+3	-1.827470E+3	4.560858E+3	-3.037356E+3	6.268304E+3	-1.060929E+4	7.400912E+3	-1.737020E+4
6.765000E+1	1.251409E+1	3.480778E+0	1.251452E+1	3.819999E-1	2.313714E+3	-1.827470E+3	4.561054E+3	-3.037258E+3	6.268402E+3	-1.060948E+4	7.400716E+3	-1.737020E+4
6.766000E+1	1.250512E+1	3.438838E+0	1.250555E+1	3.819083E-1	2.313911E+3	-1.827470E+3	4.561251E+3	-3.037160E+3	6.268500E+3	-1.060968E+4	7.400519E+3	-1.737020E+4
6.767000E+1	1.249520E+1	3.555099E+0	1.249563E+1	3.818071E-1	2.312841E+3	-1.831170E+3	4.557570E+3	-3.037150E+3	6.271121E+3	-1.060818E+4	7.404632E+3	-1.737126E+4
6.768000E+1	1.248601E+1	3.584398E+0	1.248644E+1	3.817133E-1	2.313684E+3	-1.831170E+3	4.557570E+3	-3.037150E+3	6.271964E+3	-1.060649E+4	7.407161E+3	-1.737044E+4
6.769000E+1	1.247666E+1	3.486202E+0	1.247709E+1	3.816180E-1	2.313477E+3	-1.830264E+3	4.557570E+3	-3.036697E+3	6.273116E+3	-1.060644E+4	7.409711E+3	-1.736973E+4
6.770000E+1	1.246703E+1	3.448284E+0	1.246746E+1	3.815197E-1	2.312838E+3	-1.828985E+3	4.557570E+3	-3.036058E+3	6.274395E+3	-1.060706E+4	7.412270E+3	-1.736908E+4
6.771000E+1	1.245745E+1	3.560482E+0	1.245788E+1	3.814219E-1	2.312198E+3	-1.827706E+3	4.557570E+3	-3.035418E+3	6.275674E+3	-1.060769E+4	7.414828E+3	-1.736842E+4
6.772000E+1	1.244746E+1	3.559637E+0	1.244789E+1	3.813200E-1	2.311765E+3	-1.827785E+3	4.557570E+3	-3.034985E+3	6.275910E+3	-1.060843E+4	7.414985E+3	-1.736830E+4
6.773000E+1	1.243731E+1	3.529618E+0	1.243773E+1	3.812164E-1	2.311378E+3	-1.828172E+3	4.557570E+3	-3.034598E+3	6.275910E+3	-1.060920E+4	7.414598E+3	-1.736830E+4
6.774000E+1	1.242770E+1	3.369942E+0	1.242813E+1	3.811183E-1	2.310992E+3	-1.828558E+3	4.557570E+3	-3.034212E+3	6.275910E+3	-1.060998E+4	7.414212E+3	-1.736830E+4
6.775000E+1	1.241868E+1	3.538204E+0	1.241911E+1	3.810263E-1	2.310605E+3	-1.828945E+3	4.557570E+3	-3.033825E+3	6.275910E+3	-1.061075E+4	7.413825E+3	-1.736830E+4
6.776000E+1	1.240944E+1	3.600239E+0	1.240986E+1	3.809320E-1	2.310230E+3	-1.829330E+3	4.557570E+3	-3.033450E+3	6.275910E+3	-1.061149E+4	7.413460E+3	-1.736832E+4
6.777000E+1	1.239973E+1	3.506771E+0	1.240016E+1	3.808329E-1	2.310230E+3	-1.829680E+3	4.557570E+3	-3.033450E+3	6.275910E+3	-1.061115E+4	7.413810E+3	-1.736902E+4
6.778000E+1	1.239002E+1	3.426023E+0	1.239045E+1	3.807338E-1	2.310230E+3	-1.830030E+3	4.557570E+3	-3.033450E+3	6.275910E+3	-1.061081E+4	7.414160E+3	-1.736972E+4
6.779000E+1	1.238067E+1	3.439029E+0	1.238110E+1	3.806384E-1	2.310230E+3	-1.830380E+3	4.557570E+3	-3.033450E+3	6.275910E+3	-1.061047E+4	7.414510E+3	-1.737042E+4
6.780000E+1	1.237093E+1	3.529973E+0	1.237136E+1	3.805391E-1	2.310230E+3	-1.830730E+3	4.557570E+3	-3.033450E+3	6.275910E+3	-1.061013E+4	7.414860E+3	-1.737112E+4
6.781000E+1	1.236092E+1	3.552512E+0	1.236135E+1	3.804369E-1	2.310230E+3	-1.831080E+3	4.557570E+3	-3.033450E+3	6.275910E+3	-1.060979E+4	7.415210E+3	-1.737182E+4
6.782000E+1	1.235111E+1	3.465079E+0	1.235154E+1	3.803368E-1	2.310330E+3	-1.831170E+3	4.557670E+3	-3.033749E+3	6.275910E+3	-1.060970E+4	7.415200E+3	-1.737190E+4
6.783000E+1	1.234141E+1	3.439902E+0	1.234183E+1	3.802378E-1	2.310464E+3	-1.831170E+3	4.557804E+3	-3.034153E+3	6.275910E+3	-1.060970E+4	7.415066E+3	-1.737177E+4
6.784000E+1	1.233160E+1	3.531576E+0	1.233203E+1	3.801378E-1	2.310599E+3	-1.831170E+3	4.557939E+3	-3.034556E+3	6.275910E+3	-1.060970E+4	7.414931E+3	-1.737164E+4
6.785000E+1	1.232213E+1	3.597907E+0	1.232256E+1	3.800411E-1	2.310733E+3	-1.831170E+3	4.558073E+3	-3.034959E+3	6.275910E+3	-1.060970E+4	7.414797E+3	-1.737151E+4
6.786000E+1	1.231288E+1	3.485212E+0	1.231330E+1	3.799467E-1	2.310867E+3	-1.831170E+3	4.558207E+3	-3.035362E+3	6.275910E+3	-1.060970E+4	7.414663E+3	-1.737138E+4
6.787000E+1	1.230315E+1	3.401024E+0	1.230358E+1	3.798474E-1	2.311002E+3	-1.831170E+3	4.558342E+3	-3.035766E+3	6.275910E+3	-1.060970E+4	7.414528E+3	-1.737125E+4
6.788000E+1	1.229289E+1	3.547433E+0	1.229332E+1	3.797427E-1	2.311136E+3	-1.831170E+3	4.558476E+3	-3.036169E+3	6.275910E+3	-1.060970E+4	7.414394E+3	-1.737112E+4
6.789000E+1	1.228246E+1	3.589172E+0	1.228289E+1	3.796363E-1	2.311271E+3	-1.831170E+3	4.558611E+3	-3.036572E+3	6.275910E+3	-1.060970E+4	7.414259E+3	-1.737099E+4
6.790000E+1	1.227180E+1	3.548699E+0	1.227223E+1	3.795275E-1	2.311405E+3	-1.831170E+3	4.558745E+3	-3.036975E+3	6.275910E+3	-1.060970E+4	7.414125E+3	-1.737086E+4
6.791000E+1	1.226113E+1	3.439651E+0	1.226155E+1	3.794186E-1	2.311540E+3	-1.831170E+3	4.558880E+3	-3.037379E+3	6.275910E+3	-1.060970E+4	7.413990E+3	-1.737073E+4
6.792000E+1	1.225077E+1	3.450831E+0	1.225120E+1	3.793129E-1	2.311674E+3	-1.831170E+3	4.559014E+3	-3.037782E+3	6.275910E+3	-1.060970E+4	7.413856E+3	-1.737060E+4
6.793000E+1	1.224019E+1	3.619067E+0	1.224061E+1	3.792049E-1	2.311808E+3	-1.831170E+3	4.559148E+3	-3.038185E+3	6.275910E+3	-1.060970E+4	7.413722E+3	-1.737046E+4
6.794000E+1	1.223058E+1	3.519634E+0	1.223101E+1	3.791069E-1	2.311943E+3	-1.831170E+3	4.559283E+3	-3.038588E+3	6.275910E+3	-1.060970E+4	7.413587E+3	-1.737033E+4
6.795000E+1	1.222137E+1	3.436110E+0	1.222179E+1	3.790129E-1	2.312077E+3	-1.831170E+3	4.559417E+3	-3.038992E+3	6.275910E+3	-1.060970E+4	7.413453E+3	-1.737020E+4
6.796000E+1	1.221209E+1	3.401526E+0	1.221252E+1	3.789182E-1	2.314130E+3	-1.830771E+3	4.559620E+3	-3.035100E+3	6.281460E+3	-1.060820E+4	7.419200E+3	-1.736830E+4
6.797000E+1	1.220295E+1	3.534474E+0	1.220338E+1	3.788250E-1	2.314333E+3	-1.830363E+3	4.559823E+3	-3.034897E+3	6.281460E+3	-1.060861E+4	7.419403E+3	-1.736830E+4
6.798000E+1	1.219368E+1	3.565512E+0	1.219410E+1	3.787303E-1	2.314537E+3	-1.829955E+3	4.560027E+3	-3.034693E+3	6.281460E+3	-1.060901E+4	7.419607E+3	-1.736830E+4
6.799000E+1	1.218472E+1	3.427817E+0	1.218515E+1	3.786390E-1	2.314741E+3	-1.829548E+3	4.560231E+3	-3.034489E+3	6.281460E+3	-1.060942E+4	7.419811E+3	-1.736830E+4
6.800000E+1	1.217574E+1	3.394085E+0	1.217617E+1	3.785473E-1	2.314945E+3	-1.829140E+3	4.560435E+3	-3.034285E+3	6.281460E+3	-1.060983E+4	7.420015E+3	-1.736830E+4
6.801000E+1	1.216622E+1	3.550092E+0	1.216665E+1	3.784502E-1	2.315149E+3	-1.828732E+3	4.560639E+3	-3.034081E+3	6.281460E+3	-1.061024E+4	7.420219E+3	-1.736830E+4
6.802000E+1	1.215603E+1	3.569544E+0	1.215646E+1	3.783462E-1	2.315353E+3	-1.828325E+3	4.560843E+3	-3.033877E+3	6.281460E+3	-1.061065E+4	7.420423E+3	-1.736830E+4
6.803000E+1	1.214502E+1	3.502981E+0	1.214544E+1	3.782338E-1	2.315557E+3	-1.827917E+3	4.561047E+3	-3.033673E+3	6.281460E+3	-1.061105E+4	7.420627E+3	-1.736830E+4
6.804000E+1	1.213401E+1	3.330911E+0	1.213444E+1	3.781215E-1	2.315760E+3	-1.827509E+3	4.561250E+3	-3.033470E+3	6.281460E+3	-1.061146E+4	7.420830E+3	-1.736830E+4
6.805000E+1	1.212364E+1	3.481724E+0	1.212407E+1	3.780157E-1	2.310403E+3	-1.825793E+3	4.561270E+3	-3.031600E+3	6.283310E+3	-1.061005E+4	7.424203E+3	-1.737183E+4
6.806000E+1	1.211378E+1	3.525347E+0	1.211421E+1	3.779150E-1	2.310300E+3	-1.825690E+3	4.561270E+3	-3.031670E+3	6.283380E+3	-1.060970E+4	7.424550E+3	-1.737186E+4
6.807000E+1	1.210448E+1	3.482506E+0	1.210491E+1	3.778202E-1	2.310377E+3	-1.825767E+3	4.561270E+3	-3.031747E+3	6.283457E+3	-1.060970E+4	7.424550E+3	-1.737171E+4
6.808000E+1	1.209463E+1	3.422626E+0	1.209506E+1	3.777197E-1	2.310454E+3	-1.825844E+3	4.561270E+3	-3.031824E+3	6.283534E+3	-1.060970E+4	7.424550E+3	-1.737155E+4
6.809000E+1	1.208446E+1	3.462947E+0	1.208489E+1	3.776159E-1	2.310531E+3	-1.825921E+3	4.561270E+3	-3.031901E+3	6.283611E+3	-1.060970E+4	7.424550E+3	-1.737140E+4
6.810000E+1	1.207486E+1	3.550814E+0	1.207529E+1	3.775180E-1	2.310608E+3	-1.825998E+3	4.561270E+3	-3.031978E+3	6.283688E+3	-1.060970E+4	7.424550E+3	-1.737124E+4
6.811000E+1	1.206588E+1	3.523545E+0	1.206631E+1	3.774263E-1	2.310685E+3	-1.826075E+3	4.561270E+3	-3.032055E+3	6.283765E+3	-1.060970E+4	7.424550E+3	-1.737109E+4
6.812000E+1	1.205674E+1	3.430207E+0	1.205717E+1	3.773331E-1	2.310762E+3	-1.826152E+3	4.561270E+3	-3.032132E+3	6.283842E+3	-1.060970E+4	7.424550E+3	-1.737094E+4
6.813000E+1	1.204726E+1	3.446320E+0	1.204769E+1	3.772363E-1	2.310839E+3	-1.826229E+3	4.561270E+3	-3.032209E+3	6.283919E+3	-1.060970E+4	7.424550E+3	-1.737078E+4
6.814000E+1	1.203808E+1	3.461277E+0	1.203851E+1	3.771426E-1	2.310916E+3	-1.826306E+3	4.561270E+3	-3.032286E+3	6.283996E+3	-1.060970E+4	7.424550E+3	-1.737063E+4
6.815000E+1	1.202917E+1	3.540155E+0	1.202960E+1	3.770517E-1	2.310992E+3	-1.826382E+3	4.561270E+3	-3.032362E+3	6.284072E+3	-1.060970E+4	7.424550E+3	-1.737048E+4
6.816000E+1	1.202010E+1	3.480885E+0	1.202053E+1	3.769591E-1	2.311069E+3	-1.826459E+3	4.561270E+3	-3.032439E+3	6.284149E+3	-1.060970E+4	7.424550E+3	-1.737032E+4
6.817000E+1	1.201095E+1	3.412107E+0	1.201138E+1	3.768658E-1	2.311146E+3	-1.826536E+3	4.561270E+3	-3.032516E+3	6.284226E+3	-1.060970E+4	7.424550E+3	-1.737017E+4
6.818000E+1	1.200182E+1	3.507570E+0	1.200225E+1	3.767726E-1	2.311223E+3	-1.826613E+3	4.561270E+3	-3.032593E+3	6.284303E+3	-1.060970E+4	7.424550E+3	-1.737001E+4
6.819000E+1	1.199227E+1	3.506325E+0	1.199270E+1	3.766752E-1	2.311300E+3	-1.826690E+3	4.561270E+3	-3.032670E+3	6.284380E+3	-1.060970E+4	7.424550E+3	-1.736986E+4
6.820000E+1	1.198265E+1	3.455902E+0	1.198308E+1	3.765770E-1	2.311377E+3	-1.826767E+3	4.561270E+3	-3.032747E+3	6.284457E+3	-1.060970E+4	7.424550E+3	-1.736971E+4
6.821000E+1	1.197283E+1	3.388748E+0	1.197326E+1	3.764768E-1	2.311454E+3	-1.826844E+3	4.561270E+3	-3.032824E+3	6.284534E+3	-1.060970E+4	7.424550E+3	-1.736955E+4
6.822000E+1	1.196232E+1	3.432134E+0	1.196275E+1	3.763695E-1	2.311531E+3	-1.826921E+3	4.561270E+3	-3.032901E+3	6.284611E+3	-1.060970E+4	7.424550E+3	-1.736940E+4
6.823000E+1	1.195155E+1	3.535752E+0	1.195198E+1	3.762597E-1	2.311608E+3	-1.826998E+3	4.561270E+3	-3.032978E+3	6.284688E+3	-1.060970E+4	7.424550E+3	-1.736924E+4
6.824000E+1	1.194114E+1	3.407574E+0	1.194157E+1	3.761535E-1	2.311685E+3	-1.827075E+3	4.561270E+3	-3.033055E+3	6.284765E+3	-1.060970E+4	7.424550E+3	-1.736909E+4
6.825000E+1	1.193104E+1	3.415819E+0	1.193147E+1	3.760504E-1	2.311762E+3	-1.827152E+3	4.561270E+3	-3.033132E+3	6.284842E+3	-1.060970E+4	7.424550E+3	-1.736894E+4
6.826000E+1	1.192112E+1	3.446552E+0	1.192155E+1	3.759491E-1	2.311839E+3	-1.827229E+3	4.561270E+3	-3.033209E+3	6.284919E+3	-1.060970E+4	7.424550E+3	-1.736878E+4
6.827000E+1	1.191119E+1	3.484561E+0	1.191162E+1	3.758478E-1	2.311916E+3	-1.827306E+3	4.561270E+3	-3.033286E+3	6.284996E+3	-1.060970E+4	7.424550E+3	-1.736863E+4
6.828000E+1	1.190136E+1	3.527368E+0	1.190179E+1	3.757475E-1	2.311993E+3	-1.827383E+3	4.561270E+3	-3.033363E+3	6.285073E+3	-1.060970E+4	7.424550E+3	-1.736847E+4
6.829000E+1	1.189129E+1	3.403477E+0	1.189172E+1	3.756447E-1	2.312070E+3	-1.827460E+3	4.561270E+3	-3.033440E+3	6.285150E+3	-1.060970E+4	7.424550E+3	-1.736832E+4
6.830000E+1	1.188100E+1	3.349739E+0	1.188143E+1	3.755397E-1	2.313930E+3	-1.831529E+3	4.559779E+3	-3.031600E+3	6.291059E+3	-1.061187E+4	7.433441E+3	-1.736983E+4
6.831000E+1	1.187019E+1	3.443871E+0	1.187062E+1	3.754294E-1	2.313930E+3	-1.831941E+3	4.560191E+3	-3.031600E+3	6.291471E+3	-1.061229E+4	7.433029E+3	-1.736941E+4
6.832000E+1	1.185888E+1	3.465562E+0	1.185931E+1	3.753141E-1	2.313930E+3	-1.832353E+3	4.560603E+3	-3.031600E+3	6.291883E+3	-1.061272E+4	7.432617E+3	-1.736898E+4
6.833000E+1	1.184763E+1	3.422563E+0	1.184806E+1	3.751993E-1	2.313930E+3	-1.832766E+3	4.561016E+3	-3.031600E+3	6.292296E+3	-1.061314E+4	7.432204E+3	-1.736856E+4
6.834000E+1	1.183645E+1	3.309112E+0	1.183688E+1	3.750851E-1	2.313930E+3	-1.833168E+3	4.561270E+3	-3.031748E+3	6.292994E+3	-1.061325E+4	7.431950E+3	-1.736830E+4
6.835000E+1	1.182529E+1	3.504298E+0	1.182571E+1	3.749712E-1	2.313930E+3	-1.833554E+3	4.561270E+3	-3.032134E+3	6.294153E+3	-1.061285E+4	7.431950E+3	-1.736830E+4
6.836000E+1	1.181400E+1	3.526663E+0	1.181443E+1	3.748561E-1	2.313930E+3	-1.833941E+3	4.561270E+3	-3.032521E+3	6.295312E+3	-1.061245E+4	7.431950E+3	-1.736830E+4
6.837000E+1	1.180340E+1	3.381835E+0	1.180383E+1	3.747479E-1	2.313930E+3	-1.834327E+3	4.561270E+3	-3.032907E+3	6.296472E+3	-1.061206E+4	7.431950E+3	-1.736830E+4
6.838000E+1	1.179337E+1	3.374998E+0	1.179379E+1	3.746455E-1	2.313930E+3	-1.834714E+3	4.561270E+3	-3.033294E+3	6.297631E+3	-1.061166E+4	7.431950E+3	-1.736830E+4
6.839000E+1	1.178401E+1	3.408787E+0	1.178444E+1	3.745501E-1	2.313930E+3	-1.834525E+3	4.561270E+3	-3.033105E+3	6.298445E+3	-1.061116E+4	7.433674E+3	-1.736761E+4
6.840000E+1	1.177513E+1	3.508392E+0	1.177556E+1	3.744595E-1	2.313930E+3	-1.833945E+3	4.561270E+3	-3.032525E+3	6.299025E+3	-1.061060E+4	7.436569E+3	-1.736645E+4
6.841000E+1	1.176643E+1	3.500939E+0	1.176686E+1	3.743707E-1	2.313930E+3	-1.833365E+3	4.561270E+3	-3.031945E+3	6.299605E+3	-1.061004E+4	7.439465E+3	-1.736529E+4
6.842000E+1	1.175765E+1	3.401786E+0	1.175808E+1	3.742811E-1	2.313930E+3	-1.832708E+3	4.561270E+3	-3.031600E+3	6.299950E+3	-1.061001E+4	7.441190E+3	-1.736460E+4
6.843000E+1	1.174802E+1	3.398163E+0	1.174845E+1	3.741828E-1	2.313930E+3	-1.831935E+3	4.561270E+3	-3.031600E+3	6.299950E+3	-1.061079E+4	7.441190E+3	-1.736460E+4
6.844000E+1	1.173765E+1	3.467814E+0	1.173808E+1	3.740770E-1	2.313930E+3	-1.831162E+3	4.561270E+3	-3.031600E+3	6.299950E+3	-1.061156E+4	7.441190E+3	-1.736460E+4
6.845000E+1	1.172712E+1	3.507806E+0	1.172755E+1	3.739695E-1	2.313930E+3	-1.830389E+3	4.561270E+3	-3.031600E+3	6.299950E+3	-1.061233E+4	7.441190E+3	-1.736460E+4
6.846000E+1	1.171712E+1	3.403009E+0	1.171755E+1	3.738675E-1	2.313930E+3	-1.829616E+3	4.561270E+3	-3.031600E+3	6.299950E+3	-1.061310E+4	7.441190E+3	-1.736460E+4
6.847000E+1	1.170751E+1	3.313855E+0	1.170793E+1	3.737694E-1	2.313803E+3	-1.829447E+3	4.561397E+3	-3.031473E+3	6.299950E+3	-1.061340E+4	7.441190E+3	-1.736473E+4
6.848000E+1	1.169759E+1	3.512394E+0	1.169802E+1	3.736682E-1	2.313597E+3	-1.829653E+3	4.561603E+3	-3.031267E+3	6.299950E+3	-1.061340E+4	7.441190E+3	-1.736494E+4
6.849000E+1	1.168750E+1	3.461096E+0	1.168793E+1	3.735653E-1	2.313391E+3	-1.829859E+3	4.561809E+3	-3.031061E+3	6.299950E+3	-1.061340E+4	7.441190E+3	-1.736515E+4
6.850000E+1	1.167783E+1	3.394323E+0	1.167825E+1	3.734666E-1	2.313185E+3	-1.830065E+3	4.562015E+3	-3.030855E+3	6.299950E+3	-1.061340E+4	7.441190E+3	-1.736537E+4
6.851000E+1	1.166842E+1	3.369252E+0	1.166884E+1	3.733705E-1	2.312978E+3	-1.830272E+3	4.562222E+3	-3.030648E+3	6.299950E+3	-1.061340E+4	7.441190E+3	-1.736558E+4
6.852000E+1	1.165876E+1	3.423207E+0	1.165918E+1	3.732720E-1	2.312772E+3	-1.830478E+3	4.562428E+3	-3.030442E+3	6.299950E+3	-1.061340E+4	7.441190E+3	-1.736579E+4
6.853000E+1	1.164890E+1	3.502890E+0	1.164933E+1	3.731714E-1	2.312566E+3	-1.830684E+3	4.562634E+3	-3.030236E+3	6.299950E+3	-1.061340E+4	7.441190E+3	-1.736600E+4
6.854000E+1	1.163910E+1	3.432779E+0	1.163953E+1	3.730714E-1	2.312360E+3	-1.830890E+3	4.562840E+3	-3.030030E+3	6.299950E+3	-1.061340E+4	7.441190E+3	-1.736621E+4
6.855000E+1	1.162966E+1	3.409811E+0	1.163009E+1	3.729750E-1	2.312154E+3	-1.831096E+3	4.563046E+3	-3.029824E+3	6.299950E+3	-1.061340E+4	7.441190E+3	-1.736642E+4
6.856000E+1	1.162016E+1	3.379096E+0	1.162058E+1	3.728781E-1	2.312673E+3	-1.830577E+3	4.563120E+3	-3.030343E+3	6.299950E+3	-1.061279E+4	7.441783E+3	-1.736708E+4
6.857000E+1	1.161050E+1	3.439450E+0	1.161093E+1	3.727796E-1	2.313599E+3	-1.829651E+3	4.563120E+3	-3.031269E+3	6.299950E+3	-1.061184E+4	7.442709E+3	-1.736798E+4
6.858000E+1	1.160091E+1	3.499814E+0	1.160134E+1	3.726817E-1	2.313930E+3	-1.829320E+3	4.562551E+3	-3.031031E+3	6.300519E+3	-1.061208E+4	7.442471E+3	-1.736775E+4
6.859000E+1	1.159098E+1	3.387124E+0	1.159141E+1	3.725804E-1	2.313930E+3	-1.829320E+3	4.561666E+3	-3.030146E+3	6.301404E+3	-1.061299E+4	7.441586E+3	-1.736689E+4
6.860000E+1	1.158144E+1	3.334012E+0	1.158187E+1	3.724830E-1	2.313995E+3	-1.829450E+3	4.561270E+3	-3.029880E+3	6.301930E+3	-1.061333E+4	7.441320E+3	-1.736650E+4
6.861000E+1	1.157186E+1	3.408782E+0	1.157229E+1	3.723853E-1	2.314112E+3	-1.829684E+3	4.561270E+3	-3.030114E+3	6.302164E+3	-1.061321E+4	7.441554E+3	-1.736650E+4
6.862000E+1	1.156200E+1	3.454363E+0	1.156243E+1	3.722847E-1	2.314230E+3	-1.829919E+3	4.561270E+3	-3.030349E+3	6.302399E+3	-1.061309E+4	7.441789E+3	-1.736650E+4
6.863000E+1	1.155227E+1	3.443602E+0	1.155270E+1	3.721854E-1	2.314347E+3	-1.830154E+3	4.561270E+3	-3.030584E+3	6.302634E+3	-1.061297E+4	7.442024E+3	-1.736650E+4
6.864000E+1	1.154284E+1	3.322194E+0	1.154327E+1	3.720892E-1	2.314464E+3	-1.830389E+3	4.561270E+3	-3.030819E+3	6.302869E+3	-1.061285E+4	7.442259E+3	-1.736650E+4
6.865000E+1	1.153364E+1	3.438103E+0	1.153406E+1	3.719952E-1	2.314582E+3	-1.830624E+3	4.561270E+3	-3.031054E+3	6.303104E+3	-1.061273E+4	7.442494E+3	-1.736650E+4
6.866000E+1	1.152414E+1	3.480919E+0	1.152457E+1	3.718984E-1	2.314699E+3	-1.830858E+3	4.561270E+3	-3.031288E+3	6.303338E+3	-1.061261E+4	7.442728E+3	-1.736650E+4
6.867000E+1	1.151436E+1	3.406394E+0	1.151479E+1	3.717986E-1	2.314817E+3	-1.831093E+3	4.561270E+3	-3.031523E+3	6.303573E+3	-1.061249E+4	7.442963E+3	-1.736650E+4
6.868000E+1	1.150443E+1	3.337077E+0	1.150486E+1	3.716972E-1	2.314934E+3	-1.831328E+3	4.561270E+3	-3.031758E+3	6.303808E+3	-1.061237E+4	7.443198E+3	-1.736650E+4
6.869000E+1	1.149406E+1	3.334523E+0	1.149449E+1	3.715914E-1	2.315051E+3	-1.831563E+3	4.561270E+3	-3.031993E+3	6.304043E+3	-1.061225E+4	7.443433E+3	-1.736650E+4
6.870000E+1	1.148358E+1	3.432422E+0	1.148401E+1	3.714844E-1	2.315169E+3	-1.831798E+3	4.561270E+3	-3.032228E+3	6.304278E+3	-1.061213E+4	7.443668E+3	-1.736650E+4
6.871000E+1	1.147349E+1	3.385649E+0	1.147392E+1	3.713815E-1	2.315286E+3	-1.832032E+3	4.561270E+3	-3.032462E+3	6.304512E+3	-1.061201E+4	7.443902E+3	-1.736650E+4
6.872000E+1	1.146391E+1	3.321960E+0	1.146434E+1	3.712837E-1	2.315404E+3	-1.832267E+3	4.561270E+3	-3.032697E+3	6.304747E+3	-1.061189E+4	7.444137E+3	-1.736650E+4
6.873000E+1	1.145455E+1	3.348785E+0	1.145498E+1	3.711883E-1	2.315521E+3	-1.832502E+3	4.561270E+3	-3.032932E+3	6.304982E+3	-1.061177E+4	7.444372E+3	-1.736650E+4
6.874000E+1	1.144466E+1	3.396892E+0	1.144509E+1	3.710873E-1	2.315638E+3	-1.832737E+3	4.561270E+3	-3.033167E+3	6.305217E+3	-1.061165E+4	7.444607E+3	-1.736650E+4
6.875000E+1	1.143432E+1	3.453898E+0	1.143475E+1	3.709818E-1	2.315756E+3	-1.832972E+3	4.561270E+3	-3.033402E+3	6.305452E+3	-1.061152E+4	7.444842E+3	-1.736650E+4
6.876000E+1	1.142428E+1	3.408706E+0	1.142471E+1	3.708794E-1	2.317041E+3	-1.830581E+3	4.564970E+3	-3.031011E+3	6.309200E+3	-1.061268E+4	7.452373E+3	-1.736460E+4
6.877000E+1	1.141394E+1	3.224004E+0	1.141437E+1	3.707739E-1	2.316299E+3	-1.829839E+3	4.564970E+3	-3.030269E+3	6.309200E+3	-1.061416E+4	7.450147E+3	-1.736460E+4
6.878000E+1	1.140381E+1	3.419559E+0	1.140423E+1	3.706704E-1	2.313930E+3	-1.829409E+3	4.561359E+3	-3.027989E+3	6.305589E+3	-1.061340E+4	7.452290E+3	-1.736641E+4
6.879000E+1	1.139391E+1	3.446300E+0	1.139434E+1	3.705694E-1	2.313930E+3	-1.829703E+3	4.561653E+3	-3.028283E+3	6.305883E+3	-1.061340E+4	7.452290E+3	-1.736611E+4
6.880000E+1	1.138418E+1	3.417039E+0	1.138461E+1	3.704702E-1	2.313930E+3	-1.829997E+3	4.561947E+3	-3.028577E+3	6.306177E+3	-1.061340E+4	7.452290E+3	-1.736580E+4
6.881000E+1	1.137437E+1	3.300032E+0	1.137480E+1	3.703701E-1	2.313930E+3	-1.830292E+3	4.562242E+3	-3.028872E+3	6.306472E+3	-1.061340E+4	7.452290E+3	-1.736550E+4
6.882000E+1	1.136459E+1	3.387325E+0	1.136502E+1	3.702703E-1	2.313930E+3	-1.830586E+3	4.562536E+3	-3.029166E+3	6.306766E+3	-1.061340E+4	7.452290E+3	-1.736520E+4
6.883000E+1	1.135500E+1	3.535098E+0	1.135543E+1	3.701724E-1	2.313930E+3	-1.830881E+3	4.562831E+3	-3.029461E+3	6.307061E+3	-1.061340E+4	7.452290E+3	-1.736490E+4
6.884000E+1	1.134585E+1	3.460905E+0	1.134627E+1	3.700790E-1	2.313930E+3	-1.829330E+3	4.564970E+3	-3.031597E+3	6.311057E+3	-1.061520E+4	7.450450E+3	-1.736460E+4
6.885000E+1	1.133625E+1	3.340251E+0	1.133667E+1	3.699810E-1	2.313930E+3	-1.829892E+3	4.564970E+3	-3.031409E+3	6.311431E+3	-1.061501E+4	7.451012E+3	-1.736441E+4
6.886000E+1	1.132593E+1	3.341258E+0	1.132636E+1	3.698758E-1	2.313930E+3	-1.830454E+3	4.564970E+3	-3.031222E+3	6.311806E+3	-1.061483E+4	7.451574E+3	-1.736423E+4
6.887000E+1	1.131570E+1	3.404339E+0	1.131613E+1	3.697714E-1	2.313930E+3	-1.831016E+3	4.564970E+3	-3.031035E+3	6.312181E+3	-1.061465E+4	7.452136E+3	-1.736405E+4
6.888000E+1	1.130551E+1	3.490719E+0	1.130594E+1	3.696674E-1	2.313930E+3	-1.831578E+3	4.564970E+3	-3.030847E+3	6.312555E+3	-1.061447E+4	7.452698E+3	-1.736387E+4
6.889000E+1	1.129580E+1	3.347891E+0	1.129623E+1	3.695683E-1	2.313930E+3	-1.832140E+3	4.564970E+3	-3.030660E+3	6.312930E+3	-1.061429E+4	7.453260E+3	-1.736369E+4
6.890000E+1	1.128632E+1	3.316644E+0	1.128674E+1	3.694716E-1	2.313930E+3	-1.832702E+3	4.564970E+3	-3.030473E+3	6.313305E+3	-1.061410E+4	7.453822E+3	-1.736350E+4
6.891000E+1	1.127599E+1	3.427605E+0	1.127642E+1	3.693662E-1	2.313930E+3	-1.833265E+3	4.564970E+3	-3.030285E+3	6.313680E+3	-1.061392E+4	7.454385E+3	-1.736332E+4
6.892000E+1	1.126555E+1	3.457234E+0	1.126598E+1	3.692597E-1	2.313930E+3	-1.833827E+3	4.564970E+3	-3.030098E+3	6.314054E+3	-1.061374E+4	7.454947E+3	-1.736314E+4
6.893000E+1	1.125494E+1	3.410845E+0	1.125536E+1	3.691514E-1	2.313930E+3	-1.834389E+3	4.564970E+3	-3.029910E+3	6.314429E+3	-1.061356E+4	7.455509E+3	-1.736296E+4
6.894000E+1	1.124379E+1	3.261930E+0	1.124422E+1	3.690376E-1	2.314658E+3	-1.834385E+3	4.564970E+3	-3.029750E+3	6.314993E+3	-1.061340E+4	7.456718E+3	-1.736280E+4
6.895000E+1	1.123328E+1	3.367809E+0	1.123371E+1	3.689304E-1	2.319480E+3	-1.831083E+3	4.564970E+3	-3.029663E+3	6.316600E+3	-1.061357E+4	7.461366E+3	-1.736280E+4
6.896000E+1	1.122274E+1	3.442435E+0	1.122317E+1	3.688228E-1	2.319424E+3	-1.829348E+3	4.564970E+3	-3.027900E+3	6.316600E+3	-1.061707E+4	7.457896E+3	-1.736283E+4
6.897000E+1	1.121222E+1	3.358752E+0	1.121264E+1	3.687154E-1	2.318300E+3	-1.829910E+3	4.564970E+3	-3.027900E+3	6.316600E+3	-1.061649E+4	7.459020E+3	-1.736337E+4
6.898000E+1	1.120243E+1	3.368311E+0	1.120286E+1	3.686156E-1	2.317176E+3	-1.830472E+3	4.564970E+3	-3.027900E+3	6.316600E+3	-1.061592E+4	7.460144E+3	-1.736392E+4
6.899000E+1	1.119340E+1	3.284898E+0	1.119383E+1	3.685234E-1	2.316052E+3	-1.831034E+3	4.564970E+3	-3.027900E+3	6.316600E+3	-1.061534E+4	7.461268E+3	-1.736447E+4
6.900000E+1	1.118429E+1	3.429489E+0	1.118472E+1	3.684305E-1	2.316079E+3	-1.831469E+3	4.564970E+3	-3.027900E+3	6.316600E+3	-1.061520E+4	7.461540E+3	-1.736431E+4
6.901000E+1	1.117511E+1	3.343882E+0	1.117554E+1	3.683368E-1	2.316474E+3	-1.831864E+3	4.564970E+3	-3.027900E+3	6.316600E+3	-1.061520E+4	7.461540E+3	-1.736392E+4
6.902000E+1	1.116565E+1	3.268981E+0	1.116608E+1	3.682402E-1	2.316869E+3	-1.832259E+3	4.564970E+3	-3.027900E+3	6.316600E+3	-1.061520E+4	7.461540E+3	-1.736354E+4
6.903000E+1	1.115598E+1	3.346132E+0	1.115641E+1	3.681416E-1	2.317263E+3	-1.832653E+3	4.564970E+3	-3.027900E+3	6.316600E+3	-1.061520E+4	7.461540E+3	-1.736316E+4
6.904000E+1	1.114596E+1	3.414256E+0	1.114639E+1	3.680394E-1	2.317630E+3	-1.832980E+3	4.564930E+3	-3.027900E+3	6.316680E+3	-1.061520E+4	7.461540E+3	-1.736280E+4
6.905000E+1	1.113588E+1	3.404042E+0	1.113631E+1	3.679365E-1	2.317630E+3	-1.832418E+3	4.564368E+3	-3.027900E+3	6.317804E+3	-1.061520E+4	7.461540E+3	-1.736280E+4
6.906000E+1	1.112638E+1	3.343626E+0	1.112681E+1	3.678396E-1	2.317630E+3	-1.831856E+3	4.563806E+3	-3.027900E+3	6.318928E+3	-1.061520E+4	7.461540E+3	-1.736280E+4
6.907000E+1	1.111735E+1	3.286422E+0	1.111778E+1	3.677474E-1	2.317630E+3	-1.831294E+3	4.563244E+3	-3.027900E+3	6.320052E+3	-1.061520E+4	7.461540E+3	-1.736280E+4
6.908000E+1	1.110795E+1	3.456835E+0	1.110838E+1	3.676515E-1	2.317718E+3	-1.831345E+3	4.563208E+3	-3.027988E+3	6.320388E+3	-1.061511E+4	7.461803E+3	-1.736271E+4
6.909000E+1	1.109797E+1	3.432731E+0	1.109840E+1	3.675497E-1	2.317830E+3	-1.831570E+3	4.563320E+3	-3.028100E+3	6.320500E+3	-1.061501E+4	7.462140E+3	-1.736259E+4
6.910000E+1	1.108843E+1	3.386879E+0	1.108886E+1	3.674523E-1	2.317942E+3	-1.831795E+3	4.563432E+3	-3.028212E+3	6.320612E+3	-1.061490E+4	7.462477E+3	-1.736248E+4
6.911000E+1	1.107904E+1	3.298870E+0	1.107947E+1	3.673565E-1	2.318055E+3	-1.832020E+3	4.563545E+3	-3.028325E+3	6.320725E+3	-1.061479E+4	7.462815E+3	-1.736236E+4
6.912000E+1	1.106943E+1	3.391610E+0	1.106986E+1	3.672584E-1	2.318167E+3	-1.832245E+3	4.563657E+3	-3.028437E+3	6.320837E+3	-1.061468E+4	7.463152E+3	-1.736225E+4
6.913000E+1	1.105958E+1	3.456313E+0	1.106001E+1	3.671580E-1	2.318280E+3	-1.832469E+3	4.563770E+3	-3.028550E+3	6.320950E+3	-1.061457E+4	7.463489E+3	-1.736213E+4
6.914000E+1	1.104975E+1	3.383490E+0	1.105018E+1	3.670576E-1	2.318392E+3	-1.832694E+3	4.563882E+3	-3.028662E+3	6.321062E+3	-1.061446E+4	7.463826E+3	-1.736202E+4
6.915000E+1	1.104041E+1	3.280236E+0	1.104084E+1	3.669623E-1	2.318505E+3	-1.832919E+3	4.563995E+3	-3.028775E+3	6.321175E+3	-1.061435E+4	7.464164E+3	-1.736190E+4
6.916000E+1	1.103099E+1	3.360842E+0	1.103142E+1	3.668662E-1	2.318617E+3	-1.833144E+3	4.564107E+3	-3.028887E+3	6.321287E+3	-1.061424E+4	7.464501E+3	-1.736179E+4
6.917000E+1	1.102124E+1	3.430659E+0	1.102167E+1	3.667667E-1	2.318729E+3	-1.833369E+3	4.564219E+3	-3.028999E+3	6.321399E+3	-1.061413E+4	7.464838E+3	-1.736167E+4
6.918000E+1	1.101170E+1	3.446952E+0	1.101212E+1	3.666693E-1	2.318842E+3	-1.833594E+3	4.564332E+3	-3.029112E+3	6.321512E+3	-1.061402E+4	7.465176E+3	-1.736156E+4
6.919000E+1	1.100228E+1	3.263894E+0	1.100271E+1	3.665732E-1	2.318954E+3	-1.833819E+3	4.564444E+3	-3.029224E+3	6.321624E+3	-1.061391E+4	7.465513E+3	-1.736144E+4
6.920000E+1	1.099253E+1	3.279609E+0	1.099296E+1	3.664738E-1	2.319067E+3	-1.834043E+3	4.564557E+3	-3.029337E+3	6.321737E+3	-1.061380E+4	7.465850E+3	-1.736132E+4
6.921000E+1	1.098304E+1	3.385276E+0	1.098347E+1	3.663769E-1	2.319179E+3	-1.834268E+3	4.564669E+3	-3.029449E+3	6.321849E+3	-1.061369E+4	7.466187E+3	-1.736121E+4
6.922000E+1	1.097393E+1	3.415593E+0	1.097435E+1	3.662839E-1	2.319292E+3	-1.834493E+3	4.564782E+3	-3.029562E+3	6.321962E+3	-1.061358E+4	7.466525E+3	-1.736109E+4
6.923000E+1	1.096460E+1	3.375111E+0	1.096503E+1	3.661888E-1	2.319404E+3	-1.834718E+3	4.564894E+3	-3.029674E+3	6.322074E+3	-1.061347E+4	7.466862E+3	-1.736098E+4
6.924000E+1	1.095449E+1	3.254713E+0	1.095491E+1	3.660855E-1	2.317517E+3	-1.833020E+3	4.566933E+3	-3.027787E+3	6.325737E+3	-1.061543E+4	7.468827E+3	-1.736102E+4
6.925000E+1	1.094431E+1	3.392892E+0	1.094474E+1	3.659817E-1	2.317167E+3	-1.833020E+3	4.567283E+3	-3.027437E+3	6.325387E+3	-1.061613E+4	7.468477E+3	-1.736138E+4
6.926000E+1	1.093418E+1	3.462461E+0	1.093461E+1	3.658784E-1	2.316817E+3	-1.833020E+3	4.567633E+3	-3.027087E+3	6.325037E+3	-1.061683E+4	7.468127E+3	-1.736174E+4
6.927000E+1	1.092411E+1	3.334498E+0	1.092454E+1	3.657756E-1	2.316467E+3	-1.833020E+3	4.567983E+3	-3.026737E+3	6.324687E+3	-1.061753E+4	7.467777E+3	-1.736209E+4
6.928000E+1	1.091412E+1	3.316456E+0	1.091455E+1	3.656737E-1	2.316117E+3	-1.833020E+3	4.568333E+3	-3.026387E+3	6.324337E+3	-1.061823E+4	7.467427E+3	-1.736245E+4
6.929000E+1	1.090407E+1	3.369300E+0	1.090450E+1	3.655711E-1	2.315780E+3	-1.833718E+3	4.567972E+3	-3.026050E+3	6.323302E+3	-1.061822E+4	7.468487E+3	-1.736348E+4
6.930000E+1	1.089421E+1	3.396653E+0	1.089464E+1	3.654705E-1	2.317700E+3	-1.831100E+3	4.568600E+3	-3.027900E+3	6.324139E+3	-1.061710E+4	7.467160E+3	-1.736280E+4
6.931000E+1	1.088474E+1	3.365145E+0	1.088517E+1	3.653739E-1	2.317774E+3	-1.831026E+3	4.568526E+3	-3.027900E+3	6.324288E+3	-1.061710E+4	7.467234E+3	-1.736280E+4
6.932000E+1	1.087484E+1	3.302270E+0	1.087527E+1	3.652728E-1	2.317848E+3	-1.830952E+3	4.568452E+3	-3.027900E+3	6.324436E+3	-1.061710E+4	7.467308E+3	-1.736280E+4
6.933000E+1	1.086491E+1	3.333775E+0	1.086534E+1	3.651715E-1	2.317922E+3	-1.830878E+3	4.568378E+3	-3.027900E+3	6.324584E+3	-1.061710E+4	7.467382E+3	-1.736280E+4
6.934000E+1	1.085482E+1	3.362383E+0	1.085524E+1	3.650685E-1	2.317996E+3	-1.830804E+3	4.568304E+3	-3.027900E+3	6.324733E+3	-1.061710E+4	7.467456E+3	-1.736280E+4
6.935000E+1	1.084445E+1	3.379115E+0	1.084488E+1	3.649627E-1	2.318071E+3	-1.830729E+3	4.568229E+3	-3.027900E+3	6.324881E+3	-1.061710E+4	7.467531E+3	-1.736280E+4
6.936000E+1	1.083405E+1	3.294413E+0	1.083447E+1	3.648565E-1	2.318145E+3	-1.830655E+3	4.568155E+3	-3.027900E+3	6.325030E+3	-1.061710E+4	7.467605E+3	-1.736280E+4
6.937000E+1	1.082298E+1	3.205192E+0	1.082341E+1	3.647437E-1	2.318219E+3	-1.830581E+3	4.568081E+3	-3.027900E+3	6.325178E+3	-1.061710E+4	7.467679E+3	-1.736280E+4
6.938000E+1	1.081173E+1	3.345933E+0	1.081216E+1	3.646289E-1	2.318293E+3	-1.830507E+3	4.568007E+3	-3.027900E+3	6.325326E+3	-1.061710E+4	7.467753E+3	-1.736280E+4
6.939000E+1	1.080085E+1	3.328248E+0	1.080128E+1	3.645178E-1	2.318367E+3	-1.830433E+3	4.567933E+3	-3.027900E+3	6.325475E+3	-1.061710E+4	7.467827E+3	-1.736280E+4
6.940000E+1	1.079009E+1	3.322966E+0	1.079051E+1	3.644080E-1	2.318442E+3	-1.830358E+3	4.567858E+3	-3.027900E+3	6.325623E+3	-1.061710E+4	7.467902E+3	-1.736280E+4
6.941000E+1	1.077977E+1	3.237805E+0	1.078019E+1	3.643027E-1	2.318516E+3	-1.830284E+3	4.567784E+3	-3.027900E+3	6.325772E+3	-1.061710E+4	7.467976E+3	-1.736280E+4
6.942000E+1	1.077001E+1	3.304752E+0	1.077043E+1	3.642031E-1	2.318590E+3	-1.830210E+3	4.567710E+3	-3.027900E+3	6.325920E+3	-1.061710E+4	7.468050E+3	-1.736280E+4
6.943000E+1	1.076035E+1	3.440772E+0	1.076078E+1	3.641046E-1	2.318664E+3	-1.830136E+3	4.567636E+3	-3.027900E+3	6.326068E+3	-1.061710E+4	7.468124E+3	-1.736280E+4
6.944000E+1	1.075094E+1	3.324071E+0	1.075137E+1	3.640085E-1	2.318738E+3	-1.830062E+3	4.567562E+3	-3.027900E+3	6.326217E+3	-1.061710E+4	7.468198E+3	-1.736280E+4
6.945000E+1	1.074107E+1	3.256121E+0	1.074150E+1	3.639078E-1	2.318813E+3	-1.829987E+3	4.567487E+3	-3.027900E+3	6.326365E+3	-1.061710E+4	7.468273E+3	-1.736280E+4
6.946000E+1	1.073083E+1	3.353561E+0	1.073126E+1	3.638033E-1	2.318887E+3	-1.829913E+3	4.567413E+3	-3.027900E+3	6.326514E+3	-1.061710E+4	7.468347E+3	-1.736280E+4
6.947000E+1	1.072072E+1	3.400015E+0	1.072115E+1	3.637002E-1	2.318961E+3	-1.829839E+3	4.567339E+3	-3.027900E+3	6.326662E+3	-1.061710E+4	7.468421E+3	-1.736280E+4
6.948000E+1	1.071037E+1	3.385019E+0	1.071080E+1	3.635946E-1	2.319035E+3	-1.829765E+3	4.567265E+3	-3.027900E+3	6.326810E+3	-1.061710E+4	7.468495E+3	-1.736280E+4
6.949000E+1	1.069989E+1	3.266443E+0	1.070032E+1	3.634877E-1	2.319109E+3	-1.829691E+3	4.567191E+3	-3.027900E+3	6.326959E+3	-1.061710E+4	7.468569E+3	-1.736280E+4
6.950000E+1	1.068990E+1	3.285147E+0	1.069032E+1	3.633856E-1	2.319184E+3	-1.829616E+3	4.567116E+3	-3.027900E+3	6.327107E+3	-1.061710E+4	7.468644E+3	-1.736280E+4
6.951000E+1	1.067994E+1	3.351032E+0	1.068036E+1	3.632840E-1	2.319258E+3	-1.829542E+3	4.567042E+3	-3.027900E+3	6.327256E+3	-1.061710E+4	7.468718E+3	-1.736280E+4
6.952000E+1	1.066952E+1	3.283728E+0	1.066995E+1	3.631777E-1	2.319332E+3	-1.829468E+3	4.566968E+3	-3.027900E+3	6.327404E+3	-1.061710E+4	7.468792E+3	-1.736280E+4
6.953000E+1	1.065913E+1	3.284556E+0	1.065956E+1	3.630717E-1	2.319406E+3	-1.829394E+3	4.566894E+3	-3.027900E+3	6.327552E+3	-1.061710E+4	7.468866E+3	-1.736280E+4
6.954000E+1	1.064893E+1	3.246098E+0	1.064936E+1	3.629676E-1	2.315783E+3	-1.834867E+3	4.568664E+3	-3.026050E+3	6.333253E+3	-1.061890E+4	7.476343E+3	-1.736090E+4
6.955000E+1	1.063863E+1	3.367561E+0	1.063906E+1	3.628625E-1	2.316446E+3	-1.834204E+3	4.567339E+3	-3.026050E+3	6.333916E+3	-1.061890E+4	7.477006E+3	-1.736025E+4
6.956000E+1	1.062843E+1	3.317523E+0	1.062886E+1	3.627585E-1	2.317108E+3	-1.833542E+3	4.566014E+3	-3.026050E+3	6.334578E+3	-1.061890E+4	7.477668E+3	-1.735961E+4
6.957000E+1	1.061873E+1	3.246733E+0	1.061916E+1	3.626595E-1	2.317712E+3	-1.833102E+3	4.565052E+3	-3.026050E+3	6.335264E+3	-1.061874E+4	7.478518E+3	-1.735910E+4
6.958000E+1	1.060893E+1	3.216017E+0	1.060936E+1	3.625595E-1	2.318098E+3	-1.833488E+3	4.565438E+3	-3.026050E+3	6.336037E+3	-1.061796E+4	7.480064E+3	-1.735910E+4
6.959000E+1	1.059958E+1	3.316196E+0	1.060001E+1	3.624641E-1	2.318485E+3	-1.833875E+3	4.565825E+3	-3.026050E+3	6.336810E+3	-1.061719E+4	7.481610E+3	-1.735910E+4
6.960000E+1	1.058967E+1	3.375433E+0	1.059010E+1	3.623630E-1	2.318871E+3	-1.834261E+3	4.566211E+3	-3.026050E+3	6.337583E+3	-1.061642E+4	7.483155E+3	-1.735910E+4
6.961000E+1	1.057986E+1	3.325514E+0	1.058028E+1	3.622628E-1	2.319258E+3	-1.834648E+3	4.566598E+3	-3.026050E+3	6.338356E+3	-1.061564E+4	7.484701E+3	-1.735910E+4
6.962000E+1	1.057054E+1	3.244131E+0	1.057097E+1	3.621677E-1	2.319726E+3	-1.834377E+3	4.567066E+3	-3.025804E+3	6.338800E+3	-1.061595E+4	7.485590E+3	-1.735934E+4
6.963000E+1	1.056150E+1	3.349802E+0	1.056192E+1	3.620754E-1	2.320306E+3	-1.833218E+3	4.567646E+3	-3.025224E+3	6.338800E+3	-1.061770E+4	7.485590E+3	-1.735990E+4
6.964000E+1	1.055272E+1	3.332362E+0	1.055315E+1	3.619859E-1	2.320886E+3	-1.832059E+3	4.568226E+3	-3.024644E+3	6.338800E+3	-1.061946E+4	7.485590E+3	-1.736047E+4
6.965000E+1	1.054376E+1	3.276407E+0	1.054418E+1	3.618944E-1	2.321149E+3	-1.831170E+3	4.568760E+3	-3.024200E+3	6.338890E+3	-1.062080E+4	7.485680E+3	-1.736090E+4
6.966000E+1	1.053428E+1	3.214910E+0	1.053471E+1	3.617977E-1	2.320377E+3	-1.831170E+3	4.569147E+3	-3.024200E+3	6.339277E+3	-1.062080E+4	7.486067E+3	-1.736090E+4
6.967000E+1	1.052441E+1	3.282747E+0	1.052484E+1	3.616970E-1	2.319604E+3	-1.831170E+3	4.569533E+3	-3.024200E+3	6.339663E+3	-1.062080E+4	7.486453E+3	-1.736090E+4
6.968000E+1	1.051444E+1	3.389792E+0	1.051487E+1	3.615953E-1	2.318831E+3	-1.831170E+3	4.569920E+3	-3.024200E+3	6.340050E+3	-1.062080E+4	7.486840E+3	-1.736090E+4
6.969000E+1	1.050423E+1	3.334627E+0	1.050466E+1	3.614911E-1	2.318058E+3	-1.831170E+3	4.570306E+3	-3.024200E+3	6.340436E+3	-1.062080E+4	7.487226E+3	-1.736090E+4
6.970000E+1	1.049367E+1	3.278516E+0	1.049410E+1	3.613833E-1	2.317630E+3	-1.831251E+3	4.570439E+3	-3.024200E+3	6.340650E+3	-1.062064E+4	7.487521E+3	-1.736090E+4
6.971000E+1	1.048347E+1	3.251851E+0	1.048390E+1	3.612793E-1	2.317630E+3	-1.831433E+3	4.570257E+3	-3.024200E+3	6.340650E+3	-1.062027E+4	7.487703E+3	-1.736090E+4
6.972000E+1	1.047388E+1	3.306826E+0	1.047430E+1	3.611813E-1	2.317630E+3	-1.831615E+3	4.570075E+3	-3.024200E+3	6.340650E+3	-1.061991E+4	7.487885E+3	-1.736090E+4
6.973000E+1	1.046472E+1	3.376874E+0	1.046515E+1	3.610879E-1	2.317630E+3	-1.831797E+3	4.569893E+3	-3.024200E+3	6.340650E+3	-1.061955E+4	7.488067E+3	-1.736090E+4
6.974000E+1	1.045558E+1	3.268709E+0	1.045600E+1	3.609946E-1	2.317630E+3	-1.831979E+3	4.569711E+3	-3.024200E+3	6.340650E+3	-1.061918E+4	7.488249E+3	-1.736090E+4
6.975000E+1	1.044613E+1	3.258035E+0	1.044656E+1	3.608982E-1	2.317630E+3	-1.832160E+3	4.569530E+3	-3.024200E+3	6.340650E+3	-1.061882E+4	7.488430E+3	-1.736090E+4
6.976000E+1	1.043613E+1	3.355741E+0	1.043656E+1	3.607962E-1	2.317630E+3	-1.832342E+3	4.569348E+3	-3.024200E+3	6.340650E+3	-1.061846E+4	7.488612E+3	-1.736090E+4
6.977000E+1	1.042637E+1	3.370290E+0	1.042680E+1	3.606966E-1	2.317630E+3	-1.832524E+3	4.569166E+3	-3.024200E+3	6.340650E+3	-1.061809E+4	7.488794E+3	-1.736090E+4
6.978000E+1	1.041658E+1	3.321922E+0	1.041700E+1	3.605966E-1	2.317630E+3	-1.832706E+3	4.568984E+3	-3.024200E+3	6.340650E+3	-1.061773E+4	7.488976E+3	-1.736090E+4
6.979000E+1	1.040684E+1	3.193810E+0	1.040726E+1	3.604973E-1	2.317630E+3	-1.832888E+3	4.568802E+3	-3.024200E+3	6.340650E+3	-1.061736E+4	7.489158E+3	-1.736090E+4
6.980000E+1	1.039707E+1	3.287286E+0	1.039750E+1	3.603976E-1	2.315780E+3	-1.831170E+3	4.568688E+3	-3.024218E+3	6.342525E+3	-1.062078E+4	7.487458E+3	-1.735908E+4
6.981000E+1	1.038731E+1	3.364339E+0	1.038774E+1	3.602980E-1	2.315780E+3	-1.831170E+3	4.568788E+3	-3.024318E+3	6.342727E+3	-1.062068E+4	7.487558E+3	-1.735898E+4
6.982000E+1	1.037733E+1	3.296066E+0	1.037776E+1	3.601962E-1	2.315780E+3	-1.831170E+3	4.568889E+3	-3.024419E+3	6.342928E+3	-1.062057E+4	7.487659E+3	-1.735887E+4
6.983000E+1	1.036677E+1	3.266259E+0	1.036720E+1	3.600885E-1	2.315780E+3	-1.831170E+3	4.568990E+3	-3.024520E+3	6.343130E+3	-1.062047E+4	7.487760E+3	-1.735877E+4
6.984000E+1	1.035575E+1	3.226903E+0	1.035618E+1	3.599760E-1	2.315780E+3	-1.831170E+3	4.569091E+3	-3.024621E+3	6.343332E+3	-1.062037E+4	7.487861E+3	-1.735867E+4
6.985000E+1	1.034542E+1	3.387923E+0	1.034585E+1	3.598706E-1	2.315780E+3	-1.831170E+3	4.569192E+3	-3.024722E+3	6.343533E+3	-1.062026E+4	7.487962E+3	-1.735856E+4
6.986000E+1	1.033552E+1	3.351917E+0	1.033595E+1	3.597696E-1	2.315780E+3	-1.831170E+3	4.569292E+3	-3.024822E+3	6.343735E+3	-1.062016E+4	7.488062E+3	-1.735846E+4
6.987000E+1	1.032576E+1	3.281912E+0	1.032618E+1	3.596699E-1	2.315780E+3	-1.831170E+3	4.569393E+3	-3.024923E+3	6.343936E+3	-1.062006E+4	7.488163E+3	-1.735836E+4
6.988000E+1	1.031626E+1	3.293402E+0	1.031668E+1	3.595730E-1	2.315780E+3	-1.831170E+3	4.569494E+3	-3.025024E+3	6.344138E+3	-1.061995E+4	7.488264E+3	-1.735825E+4
6.989000E+1	1.030664E+1	3.372128E+0	1.030707E+1	3.594749E-1	2.315780E+3	-1.831170E+3	4.569595E+3	-3.025125E+3	6.344340E+3	-1.061985E+4	7.488365E+3	-1.735815E+4
6.990000E+1	1.029687E+1	3.360718E+0	1.029730E+1	3.593751E-1	2.315780E+3	-1.831170E+3	4.569696E+3	-3.025226E+3	6.344541E+3	-1.061975E+4	7.488466E+3	-1.735805E+4
6.991000E+1	1.028655E+1	3.247085E+0	1.028698E+1	3.592699E-1	2.315780E+3	-1.831170E+3	4.569796E+3	-3.025326E+3	6.344743E+3	-1.061964E+4	7.488566E+3	-1.735794E+4
6.992000E+1	1.027623E+1	3.181407E+0	1.027666E+1	3.591646E-1	2.315780E+3	-1.831170E+3	4.569897E+3	-3.025427E+3	6.344945E+3	-1.061954E+4	7.488667E+3	-1.735784E+4
6.993000E+1	1.026610E+1	3.367754E+0	1.026653E+1	3.590612E-1	2.315780E+3	-1.831170E+3	4.569998E+3	-3.025528E+3	6.345146E+3	-1.061944E+4	7.488768E+3	-1.735774E+4
6.994000E+1	1.025519E+1	3.355019E+0	1.025562E+1	3.589499E-1	2.315780E+3	-1.831170E+3	4.570099E+3	-3.025629E+3	6.345348E+3	-1.061933E+4	7.488869E+3	-1.735763E+4
6.995000E+1	1.024458E+1	3.349400E+0	1.024501E+1	3.588416E-1	2.315780E+3	-1.831170E+3	4.570200E+3	-3.025730E+3	6.345549E+3	-1.061923E+4	7.488970E+3	-1.735753E+4
6.996000E+1	1.023457E+1	3.201321E+0	1.023499E+1	3.587394E-1	2.315780E+3	-1.831170E+3	4.570301E+3	-3.025831E+3	6.345751E+3	-1.061913E+4	7.489071E+3	-1.735743E+4
6.997000E+1	1.022412E+1	3.279493E+0	1.022455E+1	3.586328E-1	2.315780E+3	-1.831170E+3	4.570401E+3	-3.025931E+3	6.345953E+3	-1.061902E+4	7.489171E+3	-1.735732E+4
6.998000E+1	1.021352E+1	3.404795E+0	1.021395E+1	3.585247E-1	2.315780E+3	-1.831170E+3	4.570502E+3	-3.026032E+3	6.346154E+3	-1.061892E+4	7.489272E+3	-1.735722E+4
6.999000E+1	1.020369E+1	3.357257E+0	1.020412E+1	3.584244E-1	2.319804E+3	-1.835425E+3	4.570196E+3	-3.020824E+3	6.349243E+3	-1.062080E+4	7.497883E+3	-1.735877E+4
7.000000E+1	1.019376E+1	3.243201E+0	1.019419E+1	3.583230E-1	2.320008E+3	-1.836720E+3	4.569992E+3	-3.020500E+3	6.349890E+3	-1.062026E+4	7.499058E+3	-1.735856E+4
7.001000E+1	1.018382E+1	3.222493E+0	1.018424E+1	3.582216E-1	2.320648E+3	-1.836720E+3	4.569352E+3	-3.020500E+3	6.349890E+3	-1.061960E+4	7.499698E+3	-1.735790E+4
7.002000E+1	1.017439E+1	3.297863E+0	1.017482E+1	3.581254E-1	2.321287E+3	-1.836720E+3	4.568713E+3	-3.020500E+3	6.349890E+3	-1.061894E+4	7.500337E+3	-1.735724E+4
7.003000E+1	1.016522E+1	3.353218E+0	1.016565E+1	3.580318E-1	2.321683E+3	-1.836013E+3	4.569377E+3	-3.020853E+3	6.350597E+3	-1.061926E+4	7.500027E+3	-1.735720E+4
7.004000E+1	1.015632E+1	3.207104E+0	1.015674E+1	3.579409E-1	2.322062E+3	-1.835256E+3	4.570134E+3	-3.021232E+3	6.351354E+3	-1.061965E+4	7.499648E+3	-1.735720E+4
7.005000E+1	1.014736E+1	3.152489E+0	1.014779E+1	3.578496E-1	2.322440E+3	-1.834499E+3	4.570891E+3	-3.021610E+3	6.352111E+3	-1.062004E+4	7.499270E+3	-1.735720E+4
7.006000E+1	1.013813E+1	3.273859E+0	1.013855E+1	3.577553E-1	2.322819E+3	-1.833742E+3	4.571648E+3	-3.021989E+3	6.352868E+3	-1.062043E+4	7.498891E+3	-1.735720E+4
7.007000E+1	1.012877E+1	3.300890E+0	1.012919E+1	3.576598E-1	2.321345E+3	-1.833005E+3	4.572355E+3	-3.024185E+3	6.357290E+3	-1.061889E+4	7.504126E+3	-1.735540E+4
7.008000E+1	1.011924E+1	3.291304E+0	1.011967E+1	3.575626E-1	2.321676E+3	-1.832674E+3	4.572024E+3	-3.023854E+3	6.357290E+3	-1.061856E+4	7.505119E+3	-1.735540E+4
7.009000E+1	1.010953E+1	3.183594E+0	1.010996E+1	3.574635E-1	2.322007E+3	-1.832343E+3	4.571693E+3	-3.023523E+3	6.357290E+3	-1.061824E+4	7.506112E+3	-1.735540E+4
7.010000E+1	1.009923E+1	3.308455E+0	1.009966E+1	3.573585E-1	2.322338E+3	-1.832012E+3	4.571362E+3	-3.023192E+3	6.357290E+3	-1.061792E+4	7.507105E+3	-1.735540E+4
7.011000E+1	1.008878E+1	3.365096E+0	1.008921E+1	3.572518E-1	2.322670E+3	-1.831680E+3	4.571030E+3	-3.022860E+3	6.357290E+3	-1.061760E+4	7.508099E+3	-1.735540E+4
7.012000E+1	1.007825E+1	3.265699E+0	1.007868E+1	3.571443E-1	2.323001E+3	-1.831349E+3	4.570699E+3	-3.022529E+3	6.357290E+3	-1.061727E+4	7.509092E+3	-1.735540E+4
7.013000E+1	1.006758E+1	3.278470E+0	1.006801E+1	3.570354E-1	2.322755E+3	-1.830745E+3	4.570520E+3	-3.021925E+3	6.357715E+3	-1.061836E+4	7.509205E+3	-1.735540E+4
7.014000E+1	1.005723E+1	3.247517E+0	1.005766E+1	3.569298E-1	2.321826E+3	-1.829816E+3	4.570520E+3	-3.020996E+3	6.358644E+3	-1.062113E+4	7.508276E+3	-1.735540E+4
7.015000E+1	1.004745E+1	3.329230E+0	1.004788E+1	3.568301E-1	2.321330E+3	-1.829872E+3	4.570704E+3	-3.020316E+3	6.359140E+3	-1.062242E+4	7.507964E+3	-1.735558E+4
7.016000E+1	1.003789E+1	3.307506E+0	1.003832E+1	3.567326E-1	2.321330E+3	-1.831056E+3	4.571099E+3	-3.019921E+3	6.359140E+3	-1.062204E+4	7.508359E+3	-1.735596E+4
7.017000E+1	1.002798E+1	3.252433E+0	1.002840E+1	3.566313E-1	2.321330E+3	-1.832240E+3	4.571493E+3	-3.019527E+3	6.359140E+3	-1.062165E+4	7.508753E+3	-1.735635E+4
7.018000E+1	1.001804E+1	3.221951E+0	1.001847E+1	3.565300E-1	2.321330E+3	-1.833424E+3	4.571888E+3	-3.019132E+3	6.359140E+3	-1.062127E+4	7.509148E+3	-1.735673E+4
7.019000E+1	1.000788E+1	3.271717E+0	1.000831E+1	3.564263E-1	2.321330E+3	-1.834608E+3	4.572283E+3	-3.018737E+3	6.359140E+3	-1.062088E+4	7.509543E+3	-1.735712E+4
7.020000E+1	9.997544E+0	3.329061E+0	9.997972E+0	3.563208E-1	2.321330E+3	-1.834404E+3	4.572370E+3	-3.019116E+3	6.359140E+3	-1.062080E+4	7.509164E+3	-1.735675E+4
7.021000E+1	9.987313E+0	3.206537E+0	9.987741E+0	3.562164E-1	2.321330E+3	-1.833805E+3	4.572370E+3	-3.019715E+3	6.359140E+3	-1.062080E+4	7.508565E+3	-1.735616E+4
7.022000E+1	9.977486E+0	3.107507E+0	9.977914E+0	3.561161E-1	2.321330E+3	-1.833207E+3	4.572370E+3	-3.020313E+3	6.359140E+3	-1.062080E+4	7.507967E+3	-1.735558E+4
7.023000E+1	9.968073E+0	3.317271E+0	9.968501E+0	3.560201E-1	2.321330E+3	-1.832760E+3	4.572370E+3	-3.020760E+3	6.359400E+3	-1.062132E+4	7.507520E+3	-1.735513E+4
7.024000E+1	9.958844E+0	3.317675E+0	9.959272E+0	3.559259E-1	2.321330E+3	-1.832381E+3	4.572370E+3	-3.021139E+3	6.359779E+3	-1.062208E+4	7.507141E+3	-1.735474E+4
7.025000E+1	9.949894E+0	3.310366E+0	9.950322E+0	3.558346E-1	2.321330E+3	-1.832003E+3	4.572370E+3	-3.021517E+3	6.360157E+3	-1.062283E+4	7.506763E+3	-1.735436E+4
7.026000E+1	9.941026E+0	3.185722E+0	9.941454E+0	3.557441E-1	2.321330E+3	-1.831624E+3	4.572370E+3	-3.021896E+3	6.360536E+3	-1.062359E+4	7.506384E+3	-1.735397E+4
7.027000E+1	9.932053E+0	3.221870E+0	9.932481E+0	3.556525E-1	2.321330E+3	-1.831245E+3	4.572370E+3	-3.022275E+3	6.360915E+3	-1.062435E+4	7.506005E+3	-1.735358E+4
7.028000E+1	9.923196E+0	3.350050E+0	9.923624E+0	3.555622E-1	2.321418E+3	-1.831258E+3	4.572370E+3	-3.022262E+3	6.361078E+3	-1.062432E+4	7.506284E+3	-1.735350E+4
7.029000E+1	9.914360E+0	3.251185E+0	9.914788E+0	3.554720E-1	2.321529E+3	-1.831369E+3	4.572370E+3	-3.022151E+3	6.361189E+3	-1.062410E+4	7.506725E+3	-1.735350E+4
7.030000E+1	9.905209E+0	3.202047E+0	9.905637E+0	3.553786E-1	2.321639E+3	-1.831479E+3	4.572370E+3	-3.022041E+3	6.361299E+3	-1.062388E+4	7.507167E+3	-1.735350E+4
7.031000E+1	9.895866E+0	3.244293E+0	9.896294E+0	3.552833E-1	2.321750E+3	-1.831590E+3	4.572370E+3	-3.021930E+3	6.361410E+3	-1.062366E+4	7.507608E+3	-1.735350E+4
7.032000E+1	9.886057E+0	3.309202E+0	9.886485E+0	3.551832E-1	2.321860E+3	-1.831700E+3	4.572370E+3	-3.021820E+3	6.361520E+3	-1.062344E+4	7.508050E+3	-1.735350E+4
7.033000E+1	9.875808E+0	3.290090E+0	9.876236E+0	3.550786E-1	2.321970E+3	-1.831810E+3	4.572370E+3	-3.021710E+3	6.361630E+3	-1.062322E+4	7.508491E+3	-1.735350E+4
7.034000E+1	9.865719E+0	3.179387E+0	9.866147E+0	3.549757E-1	2.322081E+3	-1.831921E+3	4.572370E+3	-3.021599E+3	6.361741E+3	-1.062300E+4	7.508933E+3	-1.735350E+4
7.035000E+1	9.855704E+0	3.167515E+0	9.856132E+0	3.548735E-1	2.322191E+3	-1.832031E+3	4.572370E+3	-3.021489E+3	6.361851E+3	-1.062278E+4	7.509374E+3	-1.735350E+4
7.036000E+1	9.845705E+0	3.259501E+0	9.846133E+0	3.547714E-1	2.322302E+3	-1.832142E+3	4.572370E+3	-3.021378E+3	6.361962E+3	-1.062256E+4	7.509816E+3	-1.735350E+4
7.037000E+1	9.836083E+0	3.264573E+0	9.836511E+0	3.546733E-1	2.322412E+3	-1.832252E+3	4.572370E+3	-3.021268E+3	6.362072E+3	-1.062234E+4	7.510258E+3	-1.735350E+4
7.038000E+1	9.825889E+0	3.328051E+0	9.826317E+0	3.545692E-1	2.322522E+3	-1.832362E+3	4.572370E+3	-3.021158E+3	6.362182E+3	-1.062212E+4	7.510699E+3	-1.735350E+4
7.039000E+1	9.815208E+0	3.196430E+0	9.815636E+0	3.544602E-1	2.322633E+3	-1.832473E+3	4.572370E+3	-3.021047E+3	6.362293E+3	-1.062189E+4	7.511141E+3	-1.735350E+4
7.040000E+1	9.804721E+0	3.290770E+0	9.805149E+0	3.543532E-1	2.322743E+3	-1.832583E+3	4.572370E+3	-3.020937E+3	6.362403E+3	-1.062167E+4	7.511582E+3	-1.735350E+4
7.041000E+1	9.794494E+0	3.365540E+0	9.794922E+0	3.542489E-1	2.322853E+3	-1.832693E+3	4.572370E+3	-3.020827E+3	6.362513E+3	-1.062145E+4	7.512024E+3	-1.735350E+4
7.042000E+1	9.783897E+0	3.262880E+0	9.784325E+0	3.541407E-1	2.322964E+3	-1.832804E+3	4.572370E+3	-3.020716E+3	6.362624E+3	-1.062123E+4	7.512465E+3	-1.735350E+4
7.043000E+1	9.773290E+0	3.177792E+0	9.773718E+0	3.540325E-1	2.323074E+3	-1.832914E+3	4.572370E+3	-3.020606E+3	6.362734E+3	-1.062101E+4	7.512907E+3	-1.735350E+4
7.044000E+1	9.763060E+0	3.185534E+0	9.763488E+0	3.539281E-1	2.323180E+3	-1.833027E+3	4.572370E+3	-3.020500E+3	6.362853E+3	-1.062080E+4	7.513350E+3	-1.735350E+4
7.045000E+1	9.753113E+0	3.298814E+0	9.753541E+0	3.538266E-1	2.323180E+3	-1.833187E+3	4.572370E+3	-3.020500E+3	6.363173E+3	-1.062080E+4	7.513830E+3	-1.735350E+4
7.046000E+1	9.742932E+0	3.267247E+0	9.743360E+0	3.537227E-1	2.323180E+3	-1.833347E+3	4.572370E+3	-3.020500E+3	6.363493E+3	-1.062080E+4	7.514310E+3	-1.735350E+4
7.047000E+1	9.732929E+0	3.162983E+0	9.733357E+0	3.536207E-1	2.323180E+3	-1.833507E+3	4.572370E+3	-3.020500E+3	6.363813E+3	-1.062080E+4	7.514790E+3	-1.735350E+4
7.048000E+1	9.723655E+0	3.198124E+0	9.724083E+0	3.535260E-1	2.323180E+3	-1.833667E+3	4.572370E+3	-3.020500E+3	6.364133E+3	-1.062080E+4	7.515270E+3	-1.735350E+4
7.049000E+1	9.714750E+0	3.225503E+0	9.715178E+0	3.534352E-1	2.323180E+3	-1.833826E+3	4.572370E+3	-3.020500E+3	6.364453E+3	-1.062080E+4	7.515749E+3	-1.735350E+4
7.050000E+1	9.706124E+0	3.284758E+0	9.706552E+0	3.533471E-1	2.323180E+3	-1.833986E+3	4.572370E+3	-3.020500E+3	6.364773E+3	-1.062080E+4	7.516229E+3	-1.735350E+4
7.051000E+1	9.697231E+0	3.214438E+0	9.697659E+0	3.532564E-1	2.323180E+3	-1.834146E+3	4.572370E+3	-3.020500E+3	6.365093E+3	-1.062080E+4	7.516709E+3	-1.735350E+4
7.052000E+1	9.687899E+0	3.117542E+0	9.688327E+0	3.531612E-1	2.323180E+3	-1.834306E+3	4.572370E+3	-3.020500E+3	6.365413E+3	-1.062080E+4	7.517189E+3	-1.735350E+4
7.053000E+1	9.678410E+0	3.255572E+0	9.678838E+0	3.530643E-1	2.323180E+3	-1.834466E+3	4.572370E+3	-3.020500E+3	6.365733E+3	-1.062080E+4	7.517669E+3	-1.735350E+4
7.054000E+1	9.669075E+0	3.307950E+0	9.669503E+0	3.529691E-1	2.323180E+3	-1.834626E+3	4.572370E+3	-3.020500E+3	6.366053E+3	-1.062080E+4	7.518149E+3	-1.735350E+4
7.055000E+1	9.660012E+0	3.233926E+0	9.660440E+0	3.528766E-1	2.323180E+3	-1.834786E+3	4.572370E+3	-3.020500E+3	6.366372E+3	-1.062080E+4	7.518629E+3	-1.735350E+4
7.056000E+1	9.650840E+0	3.150526E+0	9.651268E+0	3.527830E-1	2.321330E+3	-1.834870E+3	4.572426E+3	-3.016856E+3	6.366540E+3	-1.062085E+4	7.520674E+3	-1.735534E+4
7.057000E+1	9.641267E+0	3.255995E+0	9.641695E+0	3.526853E-1	2.321330E+3	-1.834870E+3	4.572543E+3	-3.016973E+3	6.366540E+3	-1.062097E+4	7.520557E+3	-1.735522E+4
7.058000E+1	9.631394E+0	3.347717E+0	9.631822E+0	3.525846E-1	2.321330E+3	-1.834870E+3	4.572661E+3	-3.017091E+3	6.366540E+3	-1.062108E+4	7.520439E+3	-1.735510E+4
7.059000E+1	9.620705E+0	3.229133E+0	9.621133E+0	3.524755E-1	2.321330E+3	-1.834870E+3	4.572778E+3	-3.017208E+3	6.366540E+3	-1.062120E+4	7.520322E+3	-1.735498E+4
7.060000E+1	9.609620E+0	3.164569E+0	9.610048E+0	3.523624E-1	2.321330E+3	-1.834870E+3	4.572896E+3	-3.017326E+3	6.366540E+3	-1.062131E+4	7.520204E+3	-1.735486E+4
7.061000E+1	9.598953E+0	3.167767E+0	9.599381E+0	3.522536E-1	2.321330E+3	-1.834870E+3	4.573013E+3	-3.017443E+3	6.366540E+3	-1.062143E+4	7.520087E+3	-1.735474E+4
7.062000E+1	9.588247E+0	3.227196E+0	9.588675E+0	3.521443E-1	2.321330E+3	-1.834870E+3	4.573130E+3	-3.017560E+3	6.366540E+3	-1.062154E+4	7.519970E+3	-1.735462E+4
7.063000E+1	9.577931E+0	3.337087E+0	9.578359E+0	3.520391E-1	2.321330E+3	-1.834870E+3	4.573248E+3	-3.017678E+3	6.366540E+3	-1.062165E+4	7.519852E+3	-1.735450E+4
7.064000E+1	9.568409E+0	3.249953E+0	9.568837E+0	3.519419E-1	2.321330E+3	-1.834870E+3	4.573365E+3	-3.017795E+3	6.366540E+3	-1.062177E+4	7.519735E+3	-1.735438E+4
7.065000E+1	9.558786E+0	3.191402E+0	9.559214E+0	3.518437E-1	2.321330E+3	-1.834870E+3	4.573483E+3	-3.017913E+3	6.366540E+3	-1.062188E+4	7.519617E+3	-1.735426E+4
7.066000E+1	9.548936E+0	3.298368E+0	9.549364E+0	3.517432E-1	2.321330E+3	-1.834870E+3	4.573600E+3	-3.018030E+3	6.366540E+3	-1.062200E+4	7.519500E+3	-1.735414E+4
7.067000E+1	9.539248E+0	3.283611E+0	9.539676E+0	3.516443E-1	2.321330E+3	-1.834870E+3	4.573717E+3	-3.018147E+3	6.366540E+3	-1.062211E+4	7.519383E+3	-1.735402E+4
7.068000E+1	9.530122E+0	3.252381E+0	9.530550E+0	3.515512E-1	2.321330E+3	-1.834870E+3	4.573835E+3	-3.018265E+3	6.366540E+3	-1.062223E+4	7.519265E+3	-1.735390E+4
7.069000E+1	9.521199E+0	3.131550E+0	9.521627E+0	3.514602E-1	2.321330E+3	-1.834870E+3	4.573952E+3	-3.018382E+3	6.366540E+3	-1.062234E+4	7.519148E+3	-1.735378E+4
7.070000E+1	9.512097E+0	3.262646E+0	9.512525E+0	3.513673E-1	2.321330E+3	-1.834870E+3	4.574070E+3	-3.018500E+3	6.366540E+3	-1.062245E+4	7.519030E+3	-1.735365E+4
7.071000E+1	9.503041E+0	3.260564E+0	9.503469E+0	3.512749E-1	2.321330E+3	-1.834870E+3	4.574187E+3	-3.018617E+3	6.366540E+3	-1.062257E+4	7.518913E+3	-1.735353E+4
7.072000E+1	9.493992E+0	3.206972E+0	9.494420E+0	3.511825E-1	2.321330E+3	-1.836904E+3	4.574220E+3	-3.018281E+3	6.377456E+3	-1.062431E+4	7.528314E+3	-1.735188E+4
7.073000E+1	9.484793E+0	3.144744E+0	9.485221E+0	3.510887E-1	2.321658E+3	-1.837048E+3	4.573892E+3	-3.018322E+3	6.377968E+3	-1.062450E+4	7.527802E+3	-1.735170E+4
7.074000E+1	9.475868E+0	3.208925E+0	9.476296E+0	3.509976E-1	2.322015E+3	-1.837405E+3	4.573535E+3	-3.017965E+3	6.378325E+3	-1.062450E+4	7.527445E+3	-1.735170E+4
7.075000E+1	9.467187E+0	3.317837E+0	9.467615E+0	3.509090E-1	2.322372E+3	-1.837762E+3	4.573178E+3	-3.017608E+3	6.378682E+3	-1.062450E+4	7.527088E+3	-1.735170E+4
7.076000E+1	9.457856E+0	3.262912E+0	9.458284E+0	3.508138E-1	2.322729E+3	-1.838119E+3	4.572821E+3	-3.017251E+3	6.379039E+3	-1.062450E+4	7.526731E+3	-1.735170E+4
7.077000E+1	9.447965E+0	3.113147E+0	9.448394E+0	3.507129E-1	2.323085E+3	-1.838475E+3	4.572465E+3	-3.016895E+3	6.379395E+3	-1.062450E+4	7.526375E+3	-1.735170E+4
7.078000E+1	9.438383E+0	3.179439E+0	9.438811E+0	3.506151E-1	2.323180E+3	-1.838570E+3	4.572875E+3	-3.017305E+3	6.379995E+3	-1.062398E+4	7.528803E+3	-1.735118E+4
7.079000E+1	9.428326E+0	3.229007E+0	9.428754E+0	3.505125E-1	2.323180E+3	-1.838570E+3	4.573562E+3	-3.017992E+3	6.380682E+3	-1.062328E+4	7.532238E+3	-1.735048E+4
7.080000E+1	9.418432E+0	3.325425E+0	9.418860E+0	3.504115E-1	2.323196E+3	-1.838522E+3	4.574204E+3	-3.018650E+3	6.381356E+3	-1.062263E+4	7.535530E+3	-1.734978E+4
7.081000E+1	9.408647E+0	3.242740E+0	9.409075E+0	3.503117E-1	2.323583E+3	-1.837362E+3	4.573817E+3	-3.018650E+3	6.381743E+3	-1.062341E+4	7.535530E+3	-1.734941E+4
7.082000E+1	9.399498E+0	3.114021E+0	9.399926E+0	3.502183E-1	2.323969E+3	-1.836203E+3	4.573431E+3	-3.018650E+3	6.382129E+3	-1.062418E+4	7.535530E+3	-1.734903E+4
7.083000E+1	9.390630E+0	3.258129E+0	9.391058E+0	3.501278E-1	2.324355E+3	-1.835044E+3	4.573045E+3	-3.018650E+3	6.382515E+3	-1.062495E+4	7.535530E+3	-1.734866E+4
7.084000E+1	9.381015E+0	3.288890E+0	9.381443E+0	3.500297E-1	2.324742E+3	-1.833884E+3	4.572658E+3	-3.018650E+3	6.382902E+3	-1.062572E+4	7.535530E+3	-1.734828E+4
7.085000E+1	9.371034E+0	3.182102E+0	9.371462E+0	3.499279E-1	2.324902E+3	-1.832892E+3	4.572498E+3	-3.018522E+3	6.383190E+3	-1.062643E+4	7.535530E+3	-1.734812E+4
7.086000E+1	9.361861E+0	3.073611E+0	9.362289E+0	3.498343E-1	2.324401E+3	-1.832391E+3	4.572999E+3	-3.018021E+3	6.383190E+3	-1.062695E+4	7.535530E+3	-1.734861E+4
7.087000E+1	9.352953E+0	3.167305E+0	9.353381E+0	3.497434E-1	2.323900E+3	-1.831890E+3	4.573500E+3	-3.017520E+3	6.383190E+3	-1.062746E+4	7.535530E+3	-1.734910E+4
7.088000E+1	9.343570E+0	3.307908E+0	9.343998E+0	3.496476E-1	2.323398E+3	-1.831388E+3	4.574002E+3	-3.017018E+3	6.383190E+3	-1.062798E+4	7.535530E+3	-1.734959E+4
7.089000E+1	9.333358E+0	3.215976E+0	9.333786E+0	3.495434E-1	2.323180E+3	-1.831280E+3	4.574330E+3	-3.016690E+3	6.383080E+3	-1.062809E+4	7.535640E+3	-1.734991E+4
7.090000E+1	9.323077E+0	3.158072E+0	9.323505E+0	3.494385E-1	2.323180E+3	-1.831475E+3	4.574525E+3	-3.016495E+3	6.382885E+3	-1.062789E+4	7.535835E+3	-1.735011E+4
7.091000E+1	9.313279E+0	3.177895E+0	9.313707E+0	3.493385E-1	2.323180E+3	-1.831671E+3	4.574721E+3	-3.016299E+3	6.382689E+3	-1.062769E+4	7.536031E+3	-1.735031E+4
7.092000E+1	9.303658E+0	3.254150E+0	9.304086E+0	3.492403E-1	2.323180E+3	-1.831866E+3	4.574916E+3	-3.016104E+3	6.382494E+3	-1.062749E+4	7.536226E+3	-1.735051E+4
7.093000E+1	9.294162E+0	3.220089E+0	9.294590E+0	3.491435E-1	2.323180E+3	-1.832061E+3	4.575111E+3	-3.015909E+3	6.382299E+3	-1.062728E+4	7.536421E+3	-1.735072E+4
7.094000E+1	9.283934E+0	3.135204E+0	9.284362E+0	3.490391E-1	2.323180E+3	-1.832256E+3	4.575306E+3	-3.015714E+3	6.382104E+3	-1.062708E+4	7.536616E+3	-1.735092E+4
7.095000E+1	9.272695E+0	3.125661E+0	9.273123E+0	3.489244E-1	2.323180E+3	-1.832452E+3	4.575502E+3	-3.015518E+3	6.381908E+3	-1.062688E+4	7.536812E+3	-1.735112E+4
7.096000E+1	9.261425E+0	3.241217E+0	9.261853E+0	3.488094E-1	2.323180E+3	-1.832647E+3	4.575697E+3	-3.015323E+3	6.381713E+3	-1.062668E+4	7.537007E+3	-1.735132E+4
7.097000E+1	9.250547E+0	3.228269E+0	9.250975E+0	3.486984E-1	2.323180E+3	-1.832842E+3	4.575892E+3	-3.015128E+3	6.381518E+3	-1.062648E+4	7.537202E+3	-1.735152E+4
7.098000E+1	9.239643E+0	3.209040E+0	9.240071E+0	3.485871E-1	2.325030E+3	-1.833020E+3	4.576070E+3	-3.018676E+3	6.385118E+3	-1.062817E+4	7.533732E+3	-1.734977E+4
7.099000E+1	9.228685E+0	3.143978E+0	9.229113E+0	3.484753E-1	2.325030E+3	-1.833020E+3	4.576070E+3	-3.018966E+3	6.385988E+3	-1.062788E+4	7.534312E+3	-1.734949E+4
7.100000E+1	9.217656E+0	3.247256E+0	9.218084E+0	3.483628E-1	2.325030E+3	-1.833020E+3	4.576070E+3	-3.019256E+3	6.386857E+3	-1.062758E+4	7.534891E+3	-1.734921E+4
7.101000E+1	9.207218E+0	3.278471E+0	9.207646E+0	3.482563E-1	2.325030E+3	-1.833020E+3	4.576070E+3	-3.019546E+3	6.387727E+3	-1.062728E+4	7.535471E+3	-1.734893E+4
7.102000E+1	9.196902E+0	3.201933E+0	9.197330E+0	3.481510E-1	2.325030E+3	-1.833020E+3	4.576070E+3	-3.019835E+3	6.388596E+3	-1.062698E+4	7.536051E+3	-1.734865E+4
7.103000E+1	9.187063E+0	3.156870E+0	9.187491E+0	3.480506E-1	2.325030E+3	-1.833020E+3	4.576070E+3	-3.020125E+3	6.389466E+3	-1.062668E+4	7.536630E+3	-1.734836E+4
7.104000E+1	9.177631E+0	3.149355E+0	9.178059E+0	3.479544E-1	2.325030E+3	-1.833020E+3	4.576070E+3	-3.020415E+3	6.390335E+3	-1.062639E+4	7.537210E+3	-1.734808E+4
7.105000E+1	9.168031E+0	3.238534E+0	9.168459E+0	3.478564E-1	2.325030E+3	-1.833710E+3	4.576070E+3	-3.019810E+3	6.390935E+3	-1.062596E+4	7.539105E+3	-1.734765E+4
7.106000E+1	9.158294E+0	3.269656E+0	9.158722E+0	3.477570E-1	2.325030E+3	-1.834686E+3	4.576070E+3	-3.018834E+3	6.391423E+3	-1.062549E+4	7.541546E+3	-1.734714E+4
7.107000E+1	9.148837E+0	3.219676E+0	9.149265E+0	3.476605E-1	2.325030E+3	-1.835663E+3	4.576070E+3	-3.017857E+3	6.391911E+3	-1.062501E+4	7.543986E+3	-1.734664E+4
7.108000E+1	9.139633E+0	3.157716E+0	9.140061E+0	3.475666E-1	2.325030E+3	-1.836639E+3	4.576070E+3	-3.016881E+3	6.392399E+3	-1.062454E+4	7.546427E+3	-1.734614E+4
7.109000E+1	9.130384E+0	3.173295E+0	9.130812E+0	3.474722E-1	2.325030E+3	-1.835412E+3	4.576070E+3	-3.015492E+3	6.392440E+3	-1.062712E+4	7.545322E+3	-1.734610E+4
7.110000E+1	9.120905E+0	3.213211E+0	9.121333E+0	3.473755E-1	2.324795E+3	-1.834635E+3	4.576305E+3	-3.014950E+3	6.392675E+3	-1.062796E+4	7.545250E+3	-1.734634E+4
7.111000E+1	9.110877E+0	3.189164E+0	9.111305E+0	3.472732E-1	2.324417E+3	-1.834257E+3	4.576683E+3	-3.014950E+3	6.393053E+3	-1.062757E+4	7.546007E+3	-1.734673E+4
7.112000E+1	9.100765E+0	3.129283E+0	9.101193E+0	3.471700E-1	2.324038E+3	-1.833878E+3	4.577062E+3	-3.014950E+3	6.393432E+3	-1.062718E+4	7.546764E+3	-1.734712E+4
7.113000E+1	9.090931E+0	3.239624E+0	9.091359E+0	3.470697E-1	2.323660E+3	-1.833500E+3	4.577440E+3	-3.014950E+3	6.393810E+3	-1.062679E+4	7.547521E+3	-1.734751E+4
7.114000E+1	9.081808E+0	3.225473E+0	9.082236E+0	3.469766E-1	2.323281E+3	-1.833121E+3	4.577819E+3	-3.014950E+3	6.394189E+3	-1.062640E+4	7.548278E+3	-1.734790E+4
7.115000E+1	9.072758E+0	3.221272E+0	9.073186E+0	3.468842E-1	2.323311E+3	-1.833282E+3	4.577920E+3	-3.014950E+3	6.394290E+3	-1.062617E+4	7.548741E+3	-1.734800E+4
7.116000E+1	9.063681E+0	3.133443E+0	9.064109E+0	3.467916E-1	2.323489E+3	-1.833638E+3	4.577920E+3	-3.014950E+3	6.394290E+3	-1.062600E+4	7.549097E+3	-1.734800E+4
7.117000E+1	9.054594E+0	3.206641E+0	9.055022E+0	3.466989E-1	2.323668E+3	-1.833995E+3	4.577920E+3	-3.014950E+3	6.394290E+3	-1.062583E+4	7.549452E+3	-1.734800E+4
7.118000E+1	9.045361E+0	3.316701E+0	9.045789E+0	3.466047E-1	2.323846E+3	-1.834352E+3	4.577920E+3	-3.014950E+3	6.394290E+3	-1.062565E+4	7.549808E+3	-1.734800E+4
7.119000E+1	9.035931E+0	3.222342E+0	9.036359E+0	3.465084E-1	2.324024E+3	-1.834708E+3	4.577920E+3	-3.014950E+3	6.394290E+3	-1.062548E+4	7.550164E+3	-1.734800E+4
7.120000E+1	9.026604E+0	3.098130E+0	9.027032E+0	3.464133E-1	2.324203E+3	-1.835065E+3	4.577920E+3	-3.014950E+3	6.394290E+3	-1.062531E+4	7.550520E+3	-1.734800E+4
7.121000E+1	9.017190E+0	3.177077E+0	9.017618E+0	3.463172E-1	2.324381E+3	-1.835422E+3	4.577920E+3	-3.014950E+3	6.394290E+3	-1.062513E+4	7.550875E+3	-1.734800E+4
7.122000E+1	9.006894E+0	3.244337E+0	9.007322E+0	3.462121E-1	2.324559E+3	-1.835779E+3	4.577920E+3	-3.014950E+3	6.394290E+3	-1.062496E+4	7.551231E+3	-1.734800E+4
7.123000E+1	8.996789E+0	3.257586E+0	8.997217E+0	3.461090E-1	2.324738E+3	-1.836135E+3	4.577920E+3	-3.014950E+3	6.394290E+3	-1.062478E+4	7.551587E+3	-1.734800E+4
7.124000E+1	8.987446E+0	3.091536E+0	8.987874E+0	3.460137E-1	2.324916E+3	-1.836492E+3	4.577920E+3	-3.014950E+3	6.394290E+3	-1.062461E+4	7.551943E+3	-1.734800E+4
7.125000E+1	8.978734E+0	3.095236E+0	8.979162E+0	3.459248E-1	2.323448E+3	-1.836720E+3	4.576338E+3	-3.016532E+3	6.396666E+3	-1.062792E+4	7.548746E+3	-1.734610E+4
7.126000E+1	8.970265E+0	3.173596E+0	8.970693E+0	3.458384E-1	2.324190E+3	-1.836720E+3	4.577080E+3	-3.015790E+3	6.398150E+3	-1.062716E+4	7.549484E+3	-1.734610E+4
7.127000E+1	8.961211E+0	3.194640E+0	8.961639E+0	3.457460E-1	2.324932E+3	-1.836720E+3	4.577822E+3	-3.015048E+3	6.399634E+3	-1.062640E+4	7.550222E+3	-1.734610E+4
7.128000E+1	8.952121E+0	3.198957E+0	8.952549E+0	3.456532E-1	2.325030E+3	-1.836720E+3	4.577473E+3	-3.014950E+3	6.399830E+3	-1.062630E+4	7.552108E+3	-1.734610E+4
7.129000E+1	8.943255E+0	3.050045E+0	8.943683E+0	3.455628E-1	2.325030E+3	-1.836720E+3	4.576958E+3	-3.014950E+3	6.399830E+3	-1.062630E+4	7.554170E+3	-1.734610E+4
7.130000E+1	8.933727E+0	3.184970E+0	8.934155E+0	3.454655E-1	2.325030E+3	-1.836720E+3	4.576442E+3	-3.014950E+3	6.399830E+3	-1.062630E+4	7.556231E+3	-1.734610E+4
7.131000E+1	8.924161E+0	3.239523E+0	8.924589E+0	3.453679E-1	2.324913E+3	-1.836369E+3	4.576070E+3	-3.014833E+3	6.399830E+3	-1.062653E+4	7.557486E+3	-1.734599E+4
7.132000E+1	8.914773E+0	3.156269E+0	8.915201E+0	3.452721E-1	2.324491E+3	-1.835104E+3	4.576070E+3	-3.014411E+3	6.399830E+3	-1.062738E+4	7.556643E+3	-1.734558E+4
7.133000E+1	8.905263E+0	3.127883E+0	8.905691E+0	3.451751E-1	2.324070E+3	-1.833840E+3	4.576070E+3	-3.013990E+3	6.399830E+3	-1.062822E+4	7.555800E+3	-1.734517E+4
7.134000E+1	8.895428E+0	3.121217E+0	8.895856E+0	3.450747E-1	2.323648E+3	-1.832575E+3	4.576070E+3	-3.013568E+3	6.399830E+3	-1.062906E+4	7.554957E+3	-1.734476E+4
7.135000E+1	8.885708E+0	3.277016E+0	8.886136E+0	3.449756E-1	2.323227E+3	-1.831310E+3	4.576070E+3	-3.013147E+3	6.399830E+3	-1.062991E+4	7.554114E+3	-1.734435E+4
7.136000E+1	8.875775E+0	3.239122E+0	8.876203E+0	3.448742E-1	2.324358E+3	-1.831759E+3	4.576659E+3	-3.013100E+3	6.400419E+3	-1.063000E+4	7.555198E+3	-1.734548E+4
7.137000E+1	8.865247E+0	3.140039E+0	8.865675E+0	3.447668E-1	2.325683E+3	-1.832422E+3	4.577322E+3	-3.013100E+3	6.401082E+3	-1.063000E+4	7.556523E+3	-1.734680E+4
7.138000E+1	8.854633E+0	3.161268E+0	8.855061E+0	3.446585E-1	2.326919E+3	-1.833137E+3	4.577959E+3	-3.013100E+3	6.401719E+3	-1.062996E+4	7.557759E+3	-1.734796E+4
7.139000E+1	8.844459E+0	3.230338E+0	8.844887E+0	3.445546E-1	2.327322E+3	-1.834347E+3	4.578362E+3	-3.013100E+3	6.402122E+3	-1.062957E+4	7.558162E+3	-1.734755E+4
7.140000E+1	8.833958E+0	3.204606E+0	8.834386E+0	3.444475E-1	2.327725E+3	-1.835556E+3	4.578765E+3	-3.013100E+3	6.402525E+3	-1.062918E+4	7.558565E+3	-1.734713E+4
7.141000E+1	8.823121E+0	3.184186E+0	8.823549E+0	3.443369E-1	2.328129E+3	-1.836766E+3	4.579169E+3	-3.013100E+3	6.402929E+3	-1.062879E+4	7.558969E+3	-1.734672E+4
7.142000E+1	8.812390E+0	3.120986E+0	8.812818E+0	3.442274E-1	2.328532E+3	-1.837976E+3	4.579572E+3	-3.013100E+3	6.403332E+3	-1.062839E+4	7.559372E+3	-1.734630E+4
7.143000E+1	8.801247E+0	3.237326E+0	8.801675E+0	3.441137E-1	2.328425E+3	-1.838265E+3	4.579465E+3	-3.013100E+3	6.403835E+3	-1.062850E+4	7.559265E+3	-1.734580E+4
7.144000E+1	8.790026E+0	3.239579E+0	8.790454E+0	3.439992E-1	2.327827E+3	-1.837667E+3	4.578867E+3	-3.013100E+3	6.404433E+3	-1.062908E+4	7.558667E+3	-1.734522E+4
7.145000E+1	8.779308E+0	3.174659E+0	8.779736E+0	3.438898E-1	2.327229E+3	-1.837069E+3	4.578269E+3	-3.013100E+3	6.405031E+3	-1.062966E+4	7.558069E+3	-1.734464E+4
7.146000E+1	8.769123E+0	3.019202E+0	8.769551E+0	3.437859E-1	2.326880E+3	-1.836720E+3	4.578000E+3	-3.013100E+3	6.405540E+3	-1.062984E+4	7.557959E+3	-1.734422E+4
7.147000E+1	8.758802E+0	3.154188E+0	8.759230E+0	3.436806E-1	2.326880E+3	-1.836720E+3	4.578191E+3	-3.013100E+3	6.405922E+3	-1.062946E+4	7.558533E+3	-1.734402E+4
7.148000E+1	8.748773E+0	3.250161E+0	8.749201E+0	3.435783E-1	2.326880E+3	-1.836720E+3	4.578382E+3	-3.013100E+3	6.406304E+3	-1.062908E+4	7.559107E+3	-1.734383E+4
7.149000E+1	8.739088E+0	3.176036E+0	8.739516E+0	3.434794E-1	2.326880E+3	-1.836720E+3	4.578573E+3	-3.013100E+3	6.406687E+3	-1.062869E+4	7.559680E+3	-1.734363E+4
7.150000E+1	8.730019E+0	3.148788E+0	8.730447E+0	3.433869E-1	2.326880E+3	-1.836720E+3	4.578765E+3	-3.013100E+3	6.407069E+3	-1.062831E+4	7.560254E+3	-1.734343E+4
7.151000E+1	8.720964E+0	3.195295E+0	8.721392E+0	3.432945E-1	2.326880E+3	-1.836720E+3	4.578956E+3	-3.013100E+3	6.407452E+3	-1.062793E+4	7.560828E+3	-1.734324E+4
7.152000E+1	8.711699E+0	3.228463E+0	8.712127E+0	3.432000E-1	2.326880E+3	-1.836720E+3	4.579147E+3	-3.013100E+3	6.407834E+3	-1.062755E+4	7.561402E+3	-1.734304E+4
7.153000E+1	8.702430E+0	3.203615E+0	8.702858E+0	3.431054E-1	2.326880E+3	-1.836720E+3	4.579338E+3	-3.013100E+3	6.408217E+3	-1.062716E+4	7.561975E+3	-1.734284E+4
7.154000E+1	8.693085E+0	3.063519E+0	8.693513E+0	3.430100E-1	2.326880E+3	-1.836720E+3	4.579530E+3	-3.013100E+3	6.408599E+3	-1.062678E+4	7.562549E+3	-1.734265E+4
7.155000E+1	8.683127E+0	3.090498E+0	8.683555E+0	3.429084E-1	2.326880E+3	-1.836720E+3	4.579721E+3	-3.013100E+3	6.408982E+3	-1.062640E+4	7.563123E+3	-1.734245E+4
7.156000E+1	8.672817E+0	3.163858E+0	8.673245E+0	3.428032E-1	2.326880E+3	-1.836720E+3	4.579770E+3	-3.013100E+3	6.409250E+3	-1.062630E+4	7.563781E+3	-1.734257E+4
7.157000E+1	8.662843E+0	3.171328E+0	8.663271E+0	3.427014E-1	2.326880E+3	-1.836720E+3	4.579770E+3	-3.013100E+3	6.409479E+3	-1.062630E+4	7.564468E+3	-1.734281E+4
7.158000E+1	8.653373E+0	3.175597E+0	8.653801E+0	3.426048E-1	2.326880E+3	-1.836720E+3	4.579770E+3	-3.013100E+3	6.409708E+3	-1.062630E+4	7.565155E+3	-1.734305E+4
7.159000E+1	8.643900E+0	3.069228E+0	8.644329E+0	3.425081E-1	2.326880E+3	-1.836720E+3	4.579770E+3	-3.013100E+3	6.409937E+3	-1.062630E+4	7.565842E+3	-1.734328E+4
7.160000E+1	8.634339E+0	3.203638E+0	8.634767E+0	3.424106E-1	2.326880E+3	-1.836720E+3	4.579770E+3	-3.013100E+3	6.410166E+3	-1.062630E+4	7.566529E+3	-1.734352E+4
7.161000E+1	8.624631E+0	3.196960E+0	8.625060E+0	3.423115E-1	2.326880E+3	-1.836720E+3	4.579770E+3	-3.013100E+3	6.410395E+3	-1.062630E+4	7.567216E+3	-1.734375E+4
7.162000E+1	8.615327E+0	3.100959E+0	8.615755E+0	3.422166E-1	2.326880E+3	-1.836720E+3	4.579770E+3	-3.013100E+3	6.410624E+3	-1.062630E+4	7.567903E+3	-1.734399E+4
7.163000E+1	8.606125E+0	3.088732E+0	8.606553E+0	3.421227E-1	2.326880E+3	-1.836720E+3	4.579770E+3	-3.013100E+3	6.410853E+3	-1.062630E+4	7.568590E+3	-1.734422E+4
7.164000E+1	8.596502E+0	3.143083E+0	8.596930E+0	3.420245E-1	2.323509E+3	-1.833513E+3	4.579770E+3	-3.011250E+3	6.411094E+3	-1.062984E+4	7.568820E+3	-1.734594E+4
7.165000E+1	8.586920E+0	3.223971E+0	8.587348E+0	3.419267E-1	2.324003E+3	-1.834255E+3	4.579770E+3	-3.011250E+3	6.411342E+3	-1.062960E+4	7.568820E+3	-1.734570E+4
7.166000E+1	8.577908E+0	3.150661E+0	8.578336E+0	3.418347E-1	2.324497E+3	-1.834996E+3	4.579770E+3	-3.011250E+3	6.411589E+3	-1.062936E+4	7.568820E+3	-1.734546E+4
7.167000E+1	8.568796E+0	3.038348E+0	8.569224E+0	3.417418E-1	2.324992E+3	-1.835738E+3	4.579770E+3	-3.011250E+3	6.411836E+3	-1.062912E+4	7.568820E+3	-1.734522E+4
7.168000E+1	8.559848E+0	3.144490E+0	8.560276E+0	3.416504E-1	2.325486E+3	-1.836480E+3	4.579770E+3	-3.011250E+3	6.412083E+3	-1.062888E+4	7.568820E+3	-1.734498E+4
7.169000E+1	8.551087E+0	3.206763E+0	8.551515E+0	3.415611E-1	2.325981E+3	-1.837221E+3	4.579770E+3	-3.011250E+3	6.412330E+3	-1.062864E+4	7.568820E+3	-1.734474E+4
7.170000E+1	8.542036E+0	3.178509E+0	8.542464E+0	3.414687E-1	2.326475E+3	-1.837963E+3	4.579770E+3	-3.011250E+3	6.412578E+3	-1.062840E+4	7.568820E+3	-1.734450E+4
7.171000E+1	8.532751E+0	3.109161E+0	8.533179E+0	3.413739E-1	2.328576E+3	-1.839414E+3	4.580618E+3	-3.012098E+3	6.413628E+3	-1.062903E+4	7.568820E+3	-1.734430E+4
7.172000E+1	8.523025E+0	3.090828E+0	8.523453E+0	3.412747E-1	2.330440E+3	-1.840130E+3	4.581480E+3	-3.012960E+3	6.414910E+3	-1.062972E+4	7.569381E+3	-1.734402E+4
7.173000E+1	8.513089E+0	3.235549E+0	8.513517E+0	3.411733E-1	2.330262E+3	-1.839775E+3	4.581302E+3	-3.012782E+3	6.415267E+3	-1.062936E+4	7.570094E+3	-1.734366E+4
7.174000E+1	8.503388E+0	3.198603E+0	8.503816E+0	3.410743E-1	2.330083E+3	-1.839419E+3	4.581123E+3	-3.012603E+3	6.415624E+3	-1.062901E+4	7.570807E+3	-1.734331E+4
7.175000E+1	8.493372E+0	3.121005E+0	8.493800E+0	3.409721E-1	2.329905E+3	-1.839063E+3	4.580945E+3	-3.012425E+3	6.415980E+3	-1.062865E+4	7.571521E+3	-1.734295E+4
7.176000E+1	8.482792E+0	3.053639E+0	8.483220E+0	3.408642E-1	2.329726E+3	-1.838707E+3	4.580766E+3	-3.012246E+3	6.416337E+3	-1.062829E+4	7.572234E+3	-1.734259E+4
7.177000E+1	8.472046E+0	3.150010E+0	8.472474E+0	3.407545E-1	2.329548E+3	-1.838352E+3	4.580588E+3	-3.012068E+3	6.416694E+3	-1.062794E+4	7.572948E+3	-1.734224E+4
7.178000E+1	8.461715E+0	3.267338E+0	8.462143E+0	3.406491E-1	2.329370E+3	-1.837996E+3	4.580410E+3	-3.011890E+3	6.417051E+3	-1.062758E+4	7.573661E+3	-1.734188E+4
7.179000E+1	8.451672E+0	3.141275E+0	8.452100E+0	3.405466E-1	2.329191E+3	-1.837640E+3	4.580231E+3	-3.011711E+3	6.417407E+3	-1.062722E+4	7.574375E+3	-1.734152E+4
7.180000E+1	8.441568E+0	3.077929E+0	8.441996E+0	3.404435E-1	2.329013E+3	-1.837284E+3	4.580053E+3	-3.011533E+3	6.417764E+3	-1.062687E+4	7.575088E+3	-1.734117E+4
7.181000E+1	8.431395E+0	3.119824E+0	8.431823E+0	3.403397E-1	2.328835E+3	-1.836929E+3	4.579875E+3	-3.011355E+3	6.418121E+3	-1.062651E+4	7.575802E+3	-1.734081E+4
7.182000E+1	8.421614E+0	3.214546E+0	8.422042E+0	3.402399E-1	2.330348E+3	-1.833175E+3	4.579847E+3	-3.009400E+3	6.420257E+3	-1.062835E+4	7.579843E+3	-1.734068E+4
7.183000E+1	8.412012E+0	3.215564E+0	8.412440E+0	3.401419E-1	2.329785E+3	-1.833550E+3	4.580035E+3	-3.009400E+3	6.420445E+3	-1.062873E+4	7.579655E+3	-1.734086E+4
7.184000E+1	8.402205E+0	3.079107E+0	8.402633E+0	3.400418E-1	2.329223E+3	-1.833924E+3	4.580222E+3	-3.009400E+3	6.420632E+3	-1.062910E+4	7.579468E+3	-1.734104E+4
7.185000E+1	8.392041E+0	3.102849E+0	8.392469E+0	3.399381E-1	2.328661E+3	-1.834299E+3	4.580410E+3	-3.009400E+3	6.420820E+3	-1.062948E+4	7.579280E+3	-1.734122E+4
7.186000E+1	8.382043E+0	3.247054E+0	8.382471E+0	3.398361E-1	2.328099E+3	-1.834674E+3	4.580597E+3	-3.009400E+3	6.421007E+3	-1.062985E+4	7.579093E+3	-1.734140E+4
7.187000E+1	8.372006E+0	3.169228E+0	8.372434E+0	3.397337E-1	2.327537E+3	-1.835049E+3	4.580784E+3	-3.009400E+3	6.421194E+3	-1.063023E+4	7.578906E+3	-1.734159E+4
7.188000E+1	8.362047E+0	3.103471E+0	8.362475E+0	3.396321E-1	2.326975E+3	-1.835423E+3	4.580972E+3	-3.009400E+3	6.421382E+3	-1.063060E+4	7.578718E+3	-1.734177E+4
7.189000E+1	8.351936E+0	3.006645E+0	8.352364E+0	3.395289E-1	2.326413E+3	-1.835798E+3	4.581159E+3	-3.009400E+3	6.421569E+3	-1.063098E+4	7.578531E+3	-1.734195E+4
7.190000E+1	8.342626E+0	3.142297E+0	8.343054E+0	3.394339E-1	2.325851E+3	-1.836173E+3	4.581346E+3	-3.009400E+3	6.421756E+3	-1.063135E+4	7.578344E+3	-1.734213E+4
7.191000E+1	8.333214E+0	3.189872E+0	8.333642E+0	3.393379E-1	2.325289E+3	-1.836548E+3	4.581534E+3	-3.009400E+3	6.421944E+3	-1.063173E+4	7.578156E+3	-1.734232E+4
7.192000E+1	8.323504E+0	3.164555E+0	8.323932E+0	3.392388E-1	2.327790E+3	-1.837630E+3	4.583470E+3	-3.010310E+3	6.422940E+3	-1.063000E+4	7.580860E+3	-1.734337E+4
7.193000E+1	8.313546E+0	3.071408E+0	8.313974E+0	3.391372E-1	2.328730E+3	-1.839177E+3	4.583470E+3	-3.011250E+3	6.424488E+3	-1.063000E+4	7.579920E+3	-1.734240E+4
7.194000E+1	8.303378E+0	3.114617E+0	8.303806E+0	3.390334E-1	2.328730E+3	-1.840547E+3	4.583470E+3	-3.011250E+3	6.425862E+3	-1.063000E+4	7.579920E+3	-1.734240E+4
7.195000E+1	8.293255E+0	3.195313E+0	8.293683E+0	3.389301E-1	2.328730E+3	-1.841917E+3	4.583470E+3	-3.011250E+3	6.427236E+3	-1.063000E+4	7.579920E+3	-1.734240E+4
7.196000E+1	8.282915E+0	3.183713E+0	8.283343E+0	3.388246E-1	2.328730E+3	-1.842556E+3	4.583470E+3	-3.010954E+3	6.428172E+3	-1.062971E+4	7.581696E+3	-1.734211E+4
7.197000E+1	8.272687E+0	3.064259E+0	8.273115E+0	3.387202E-1	2.328730E+3	-1.842951E+3	4.583470E+3	-3.010559E+3	6.428961E+3	-1.062933E+4	7.584064E+3	-1.734173E+4
7.198000E+1	8.262879E+0	3.185543E+0	8.263307E+0	3.386202E-1	2.328730E+3	-1.843345E+3	4.583470E+3	-3.010165E+3	6.429751E+3	-1.062894E+4	7.586432E+3	-1.734134E+4
7.199000E+1	8.253528E+0	3.177010E+0	8.253956E+0	3.385247E-1	2.328730E+3	-1.843740E+3	4.583470E+3	-3.009770E+3	6.430540E+3	-1.062856E+4	7.588800E+3	-1.734096E+4
7.200000E+1	8.243872E+0	3.198887E+0	8.244300E+0	3.384262E-1	2.328766E+3	-1.844001E+3	4.583506E+3	-3.009327E+3	6.431316E+3	-1.062824E+4	7.591020E+3	-1.734056E+4
7.201000E+1	8.233586E+0	3.124815E+0	8.234014E+0	3.383212E-1	2.329346E+3	-1.842266E+3	4.584083E+3	-3.008168E+3	6.431896E+3	-1.062880E+4	7.591020E+3	-1.733997E+4
7.202000E+1	8.223122E+0	3.044160E+0	8.223550E+0	3.382145E-1	2.329926E+3	-1.840530E+3	4.584659E+3	-3.007009E+3	6.432476E+3	-1.062936E+4	7.591020E+3	-1.733937E+4
7.203000E+1	8.212979E+0	3.122396E+0	8.213407E+0	3.381110E-1	2.330505E+3	-1.838794E+3	4.585236E+3	-3.005850E+3	6.433055E+3	-1.062993E+4	7.591020E+3	-1.733878E+4
7.204000E+1	8.202867E+0	3.161691E+0	8.203295E+0	3.380078E-1	2.329921E+3	-1.837911E+3	4.585310E+3	-3.005700E+3	6.433130E+3	-1.063034E+4	7.591020E+3	-1.733904E+4
7.205000E+1	8.192997E+0	3.168820E+0	8.193425E+0	3.379071E-1	2.329163E+3	-1.837153E+3	4.585310E+3	-3.005700E+3	6.433130E+3	-1.063073E+4	7.591020E+3	-1.733943E+4
7.206000E+1	8.183232E+0	3.119489E+0	8.183660E+0	3.378074E-1	2.328406E+3	-1.836396E+3	4.585310E+3	-3.005700E+3	6.433130E+3	-1.063112E+4	7.591020E+3	-1.733982E+4
7.207000E+1	8.173437E+0	3.130788E+0	8.173865E+0	3.377075E-1	2.327649E+3	-1.835639E+3	4.585310E+3	-3.005700E+3	6.433130E+3	-1.063151E+4	7.591020E+3	-1.734021E+4
7.208000E+1	8.163689E+0	3.196674E+0	8.164117E+0	3.376080E-1	2.326892E+3	-1.834882E+3	4.585310E+3	-3.005700E+3	6.433130E+3	-1.063189E+4	7.591020E+3	-1.734059E+4
7.209000E+1	8.153760E+0	3.120589E+0	8.154188E+0	3.375067E-1	2.327184E+3	-1.835781E+3	4.585614E+3	-3.006004E+3	6.433130E+3	-1.063159E+4	7.591629E+3	-1.734060E+4
7.210000E+1	8.144245E+0	3.094968E+0	8.144673E+0	3.374096E-1	2.327493E+3	-1.836707E+3	4.585923E+3	-3.006313E+3	6.433130E+3	-1.063127E+4	7.592247E+3	-1.734060E+4
7.211000E+1	8.135107E+0	3.172196E+0	8.135535E+0	3.373164E-1	2.327803E+3	-1.837633E+3	4.586233E+3	-3.006623E+3	6.433130E+3	-1.063095E+4	7.592865E+3	-1.734060E+4
7.212000E+1	8.125659E+0	3.205847E+0	8.126087E+0	3.372199E-1	2.328112E+3	-1.838559E+3	4.586542E+3	-3.006932E+3	6.433130E+3	-1.063063E+4	7.593483E+3	-1.734060E+4
7.213000E+1	8.116205E+0	3.175762E+0	8.116633E+0	3.371235E-1	2.328421E+3	-1.839484E+3	4.586851E+3	-3.007241E+3	6.433130E+3	-1.063032E+4	7.594102E+3	-1.734060E+4
7.214000E+1	8.106872E+0	3.091631E+0	8.107300E+0	3.370283E-1	2.328730E+3	-1.840410E+3	4.587160E+3	-3.007550E+3	6.433130E+3	-1.063000E+4	7.594720E+3	-1.734060E+4
7.215000E+1	8.097026E+0	3.131156E+0	8.097454E+0	3.369278E-1	2.328903E+3	-1.840410E+3	4.587160E+3	-3.007550E+3	6.433303E+3	-1.063000E+4	7.594547E+3	-1.734042E+4
7.216000E+1	8.087398E+0	3.169543E+0	8.087826E+0	3.368295E-1	2.329077E+3	-1.840410E+3	4.587160E+3	-3.007550E+3	6.433477E+3	-1.063000E+4	7.594373E+3	-1.734024E+4
7.217000E+1	8.077819E+0	3.095385E+0	8.078247E+0	3.367318E-1	2.329250E+3	-1.840410E+3	4.587160E+3	-3.007550E+3	6.433650E+3	-1.063000E+4	7.594200E+3	-1.734007E+4
7.218000E+1	8.068514E+0	3.064930E+0	8.068942E+0	3.366368E-1	2.329423E+3	-1.840410E+3	4.587160E+3	-3.007550E+3	6.433823E+3	-1.063000E+4	7.594027E+3	-1.733989E+4
7.219000E+1	8.059746E+0	3.037919E+0	8.060174E+0	3.365474E-1	2.329597E+3	-1.840410E+3	4.587160E+3	-3.007550E+3	6.433997E+3	-1.063000E+4	7.593853E+3	-1.733971E+4
7.220000E+1	8.050444E+0	3.172918E+0	8.050872E+0	3.364524E-1	2.329770E+3	-1.840410E+3	4.587160E+3	-3.007550E+3	6.434170E+3	-1.063000E+4	7.593680E+3	-1.733953E+4
7.221000E+1	8.040675E+0	3.206411E+0	8.041103E+0	3.363528E-1	2.329944E+3	-1.840410E+3	4.587160E+3	-3.007550E+3	6.434344E+3	-1.063000E+4	7.593506E+3	-1.733935E+4
7.222000E+1	8.030745E+0	3.088853E+0	8.031173E+0	3.362514E-1	2.330117E+3	-1.840410E+3	4.587160E+3	-3.007550E+3	6.434517E+3	-1.063000E+4	7.593333E+3	-1.733918E+4
7.223000E+1	8.020442E+0	3.059505E+0	8.020870E+0	3.361463E-1	2.330290E+3	-1.840410E+3	4.587160E+3	-3.007550E+3	6.434690E+3	-1.063000E+4	7.593160E+3	-1.733900E+4
7.224000E+1	8.010139E+0	3.117621E+0	8.010567E+0	3.360412E-1	2.330464E+3	-1.840410E+3	4.587160E+3	-3.007550E+3	6.434864E+3	-1.063000E+4	7.592986E+3	-1.733882E+4
7.225000E+1	8.000547E+0	3.184010E+0	8.000975E+0	3.359433E-1	2.330580E+3	-1.838145E+3	4.585310E+3	-3.007408E+3	6.442380E+3	-1.062862E+4	7.603819E+3	-1.733690E+4
7.226000E+1	7.991086E+0	3.129079E+0	7.991514E+0	3.358468E-1	2.330580E+3	-1.836852E+3	4.585310E+3	-3.006977E+3	6.442380E+3	-1.062990E+4	7.603390E+3	-1.733690E+4
7.227000E+1	7.981480E+0	2.997144E+0	7.981908E+0	3.357487E-1	2.330580E+3	-1.835559E+3	4.585310E+3	-3.006546E+3	6.442380E+3	-1.063118E+4	7.602962E+3	-1.733690E+4
7.228000E+1	7.972027E+0	3.098356E+0	7.972455E+0	3.356523E-1	2.330580E+3	-1.834265E+3	4.585310E+3	-3.006115E+3	6.442380E+3	-1.063247E+4	7.602533E+3	-1.733690E+4
7.229000E+1	7.962849E+0	3.178157E+0	7.963278E+0	3.355586E-1	2.330560E+3	-1.833040E+3	4.585310E+3	-3.005700E+3	6.442380E+3	-1.063370E+4	7.602130E+3	-1.733690E+4
7.230000E+1	7.953429E+0	3.091958E+0	7.953857E+0	3.354625E-1	2.330014E+3	-1.833586E+3	4.585310E+3	-3.005700E+3	6.442380E+3	-1.063370E+4	7.602401E+3	-1.733690E+4
7.231000E+1	7.944108E+0	3.008937E+0	7.944536E+0	3.353674E-1	2.329468E+3	-1.834132E+3	4.585310E+3	-3.005700E+3	6.442380E+3	-1.063370E+4	7.602673E+3	-1.733690E+4
7.232000E+1	7.934806E+0	3.064597E+0	7.935234E+0	3.352725E-1	2.328922E+3	-1.834678E+3	4.585310E+3	-3.005700E+3	6.442380E+3	-1.063370E+4	7.602944E+3	-1.733690E+4
7.233000E+1	7.925530E+0	3.205586E+0	7.925958E+0	3.351778E-1	2.328376E+3	-1.835224E+3	4.585310E+3	-3.005700E+3	6.442380E+3	-1.063370E+4	7.603216E+3	-1.733690E+4
7.234000E+1	7.916854E+0	3.110176E+0	7.917282E+0	3.350893E-1	2.327831E+3	-1.835769E+3	4.585310E+3	-3.005700E+3	6.442380E+3	-1.063370E+4	7.603487E+3	-1.733690E+4
7.235000E+1	7.908229E+0	3.065068E+0	7.908657E+0	3.350013E-1	2.327285E+3	-1.836315E+3	4.585310E+3	-3.005700E+3	6.442380E+3	-1.063370E+4	7.603759E+3	-1.733690E+4
7.236000E+1	7.899316E+0	3.074544E+0	7.899744E+0	3.349103E-1	2.327126E+3	-1.836965E+3	4.585310E+3	-3.005700E+3	6.442503E+3	-1.063345E+4	7.604083E+3	-1.733702E+4
7.237000E+1	7.890123E+0	3.153872E+0	7.890551E+0	3.348165E-1	2.328077E+3	-1.837914E+3	4.585310E+3	-3.005700E+3	6.442978E+3	-1.063250E+4	7.604558E+3	-1.733748E+4
7.238000E+1	7.880399E+0	3.189458E+0	7.880827E+0	3.347173E-1	2.329028E+3	-1.838862E+3	4.585310E+3	-3.005700E+3	6.443454E+3	-1.063155E+4	7.605034E+3	-1.733795E+4
7.239000E+1	7.870322E+0	3.068457E+0	7.870750E+0	3.346145E-1	2.329980E+3	-1.839811E+3	4.585310E+3	-3.005700E+3	6.443930E+3	-1.063060E+4	7.605510E+3	-1.733841E+4
7.240000E+1	7.860091E+0	3.025832E+0	7.860519E+0	3.345101E-1	2.330685E+3	-1.840515E+3	4.585415E+3	-3.005805E+3	6.444335E+3	-1.063011E+4	7.605600E+3	-1.733860E+4
7.241000E+1	7.849672E+0	3.157870E+0	7.850100E+0	3.344038E-1	2.330971E+3	-1.840801E+3	4.585701E+3	-3.006091E+3	6.444621E+3	-1.063040E+4	7.605031E+3	-1.733832E+4
7.242000E+1	7.839459E+0	3.141771E+0	7.839887E+0	3.342995E-1	2.331256E+3	-1.841086E+3	4.585986E+3	-3.006376E+3	6.444906E+3	-1.063069E+4	7.604462E+3	-1.733804E+4
7.243000E+1	7.829475E+0	3.126916E+0	7.829903E+0	3.341977E-1	2.331541E+3	-1.841371E+3	4.586271E+3	-3.006661E+3	6.445191E+3	-1.063099E+4	7.603892E+3	-1.733776E+4
7.244000E+1	7.819424E+0	2.953803E+0	7.819852E+0	3.340951E-1	2.331827E+3	-1.841657E+3	4.586557E+3	-3.006947E+3	6.445477E+3	-1.063128E+4	7.603323E+3	-1.733749E+4
7.245000E+1	7.809125E+0	3.093496E+0	7.809553E+0	3.339900E-1	2.332112E+3	-1.841942E+3	4.586842E+3	-3.007232E+3	6.445762E+3	-1.063157E+4	7.602754E+3	-1.733721E+4
7.246000E+1	7.798432E+0	3.186813E+0	7.798860E+0	3.338809E-1	2.332397E+3	-1.842227E+3	4.587127E+3	-3.007517E+3	6.446047E+3	-1.063187E+4	7.602185E+3	-1.733693E+4
7.247000E+1	7.787918E+0	3.064410E+0	7.788346E+0	3.337736E-1	2.330953E+3	-1.841887E+3	4.587160E+3	-3.006804E+3	6.448674E+3	-1.062964E+4	7.609526E+3	-1.733464E+4
7.248000E+1	7.777756E+0	3.050736E+0	7.778184E+0	3.336699E-1	2.331374E+3	-1.841466E+3	4.587160E+3	-3.005961E+3	6.449515E+3	-1.062923E+4	7.611632E+3	-1.733423E+4
7.249000E+1	7.767816E+0	3.104028E+0	7.768244E+0	3.335685E-1	2.331796E+3	-1.841044E+3	4.587160E+3	-3.005119E+3	6.450355E+3	-1.062882E+4	7.613738E+3	-1.733382E+4
7.250000E+1	7.757939E+0	3.169054E+0	7.758367E+0	3.334677E-1	2.332217E+3	-1.840623E+3	4.587160E+3	-3.004276E+3	6.451195E+3	-1.062841E+4	7.615844E+3	-1.733341E+4
7.251000E+1	7.748500E+0	3.150468E+0	7.748928E+0	3.333714E-1	2.332430E+3	-1.839706E+3	4.587160E+3	-3.003497E+3	6.451620E+3	-1.062925E+4	7.616557E+3	-1.733354E+4
7.252000E+1	7.738161E+0	3.054403E+0	7.738589E+0	3.332659E-1	2.332430E+3	-1.838281E+3	4.587160E+3	-3.002783E+3	6.451620E+3	-1.063137E+4	7.615843E+3	-1.733424E+4
7.253000E+1	7.727646E+0	3.031767E+0	7.728074E+0	3.331586E-1	2.332430E+3	-1.836856E+3	4.587160E+3	-3.002068E+3	6.451620E+3	-1.063350E+4	7.615128E+3	-1.733493E+4
7.254000E+1	7.717409E+0	3.059845E+0	7.717837E+0	3.330541E-1	2.332430E+3	-1.837085E+3	4.587160E+3	-3.002000E+3	6.451985E+3	-1.063335E+4	7.615425E+3	-1.733500E+4
7.255000E+1	7.707551E+0	3.206091E+0	7.707979E+0	3.329535E-1	2.332430E+3	-1.837488E+3	4.587160E+3	-3.002000E+3	6.452388E+3	-1.063295E+4	7.615828E+3	-1.733500E+4
7.256000E+1	7.697282E+0	3.103818E+0	7.697710E+0	3.328488E-1	2.332430E+3	-1.837891E+3	4.587160E+3	-3.002000E+3	6.452791E+3	-1.063256E+4	7.616231E+3	-1.733500E+4
7.257000E+1	7.686848E+0	2.970761E+0	7.687276E+0	3.327423E-1	2.332430E+3	-1.838295E+3	4.587160E+3	-3.002000E+3	6.453195E+3	-1.063217E+4	7.616635E+3	-1.733500E+4
7.258000E+1	7.676738E+0	3.124368E+0	7.677166E+0	3.326391E-1	2.332619E+3	-1.839138E+3	4.587160E+3	-3.002000E+3	6.453470E+3	-1.063171E+4	7.616910E+3	-1.733500E+4
7.259000E+1	7.666637E+0	3.225877E+0	7.667065E+0	3.325361E-1	2.333214E+3	-1.840930E+3	4.587160E+3	-3.002000E+3	6.453470E+3	-1.063109E+4	7.616910E+3	-1.733500E+4
7.260000E+1	7.656849E+0	3.146104E+0	7.657277E+0	3.324362E-1	2.333809E+3	-1.842722E+3	4.587160E+3	-3.002000E+3	6.453470E+3	-1.063048E+4	7.616910E+3	-1.733500E+4
7.261000E+1	7.647386E+0	3.053026E+0	7.647814E+0	3.323396E-1	2.334183E+3	-1.843936E+3	4.587160E+3	-3.002174E+3	6.453557E+3	-1.063009E+4	7.616823E+3	-1.733492E+4
7.262000E+1	7.638291E+0	3.056339E+0	7.638719E+0	3.322468E-1	2.333799E+3	-1.843163E+3	4.587160E+3	-3.002947E+3	6.453944E+3	-1.063049E+4	7.616436E+3	-1.733454E+4
7.263000E+1	7.629138E+0	3.205298E+0	7.629566E+0	3.321534E-1	2.333415E+3	-1.842390E+3	4.587160E+3	-3.003720E+3	6.454330E+3	-1.063088E+4	7.616050E+3	-1.733416E+4
7.264000E+1	7.619471E+0	3.127272E+0	7.619899E+0	3.320548E-1	2.333030E+3	-1.841617E+3	4.587160E+3	-3.004493E+3	6.454716E+3	-1.063128E+4	7.615664E+3	-1.733379E+4
7.265000E+1	7.609567E+0	3.062396E+0	7.609995E+0	3.319537E-1	2.332646E+3	-1.840844E+3	4.587160E+3	-3.005266E+3	6.455103E+3	-1.063168E+4	7.615277E+3	-1.733341E+4
7.266000E+1	7.599246E+0	3.039593E+0	7.599674E+0	3.318484E-1	2.332430E+3	-1.840512E+3	4.587160E+3	-3.005802E+3	6.455625E+3	-1.063190E+4	7.615365E+3	-1.733310E+4
7.267000E+1	7.588827E+0	3.086265E+0	7.589255E+0	3.317421E-1	2.332430E+3	-1.840743E+3	4.587160E+3	-3.006033E+3	6.456320E+3	-1.063190E+4	7.616060E+3	-1.733286E+4
7.268000E+1	7.578770E+0	3.145774E+0	7.579198E+0	3.316394E-1	2.332430E+3	-1.840975E+3	4.587160E+3	-3.006265E+3	6.457016E+3	-1.063190E+4	7.616756E+3	-1.733262E+4
7.269000E+1	7.568673E+0	3.099876E+0	7.569101E+0	3.315364E-1	2.332430E+3	-1.841207E+3	4.587160E+3	-3.006497E+3	6.457712E+3	-1.063190E+4	7.617452E+3	-1.733238E+4
7.270000E+1	7.558928E+0	3.006958E+0	7.559356E+0	3.314370E-1	2.332430E+3	-1.841439E+3	4.587160E+3	-3.006729E+3	6.458407E+3	-1.063190E+4	7.618147E+3	-1.733214E+4
7.271000E+1	7.549152E+0	3.066769E+0	7.549580E+0	3.313372E-1	2.332430E+3	-1.841671E+3	4.587160E+3	-3.006961E+3	6.459103E+3	-1.063190E+4	7.618843E+3	-1.733191E+4
7.272000E+1	7.539809E+0	3.117241E+0	7.540237E+0	3.312419E-1	2.332430E+3	-1.841903E+3	4.587160E+3	-3.007193E+3	6.459798E+3	-1.063190E+4	7.619538E+3	-1.733167E+4
7.273000E+1	7.530839E+0	3.116572E+0	7.531267E+0	3.311504E-1	2.332430E+3	-1.842135E+3	4.587160E+3	-3.007425E+3	6.460494E+3	-1.063190E+4	7.620234E+3	-1.733143E+4
7.274000E+1	7.522277E+0	2.987767E+0	7.522705E+0	3.310630E-1	2.332494E+3	-1.842196E+3	4.587224E+3	-3.007422E+3	6.460870E+3	-1.063183E+4	7.620802E+3	-1.733130E+4
7.275000E+1	7.513447E+0	3.106705E+0	7.513875E+0	3.309729E-1	2.332632E+3	-1.842056E+3	4.587364E+3	-3.007143E+3	6.460870E+3	-1.063169E+4	7.621221E+3	-1.733130E+4
7.276000E+1	7.504418E+0	3.199055E+0	7.504846E+0	3.308808E-1	2.332771E+3	-1.841917E+3	4.587503E+3	-3.006864E+3	6.460870E+3	-1.063155E+4	7.621639E+3	-1.733130E+4
7.277000E+1	7.495156E+0	3.069759E+0	7.495584E+0	3.307862E-1	2.332910E+3	-1.841778E+3	4.587642E+3	-3.006585E+3	6.460870E+3	-1.063140E+4	7.622057E+3	-1.733130E+4
7.278000E+1	7.485886E+0	3.002299E+0	7.486314E+0	3.306917E-1	2.333049E+3	-1.841638E+3	4.587782E+3	-3.006306E+3	6.460870E+3	-1.063126E+4	7.622476E+3	-1.733130E+4
7.279000E+1	7.475964E+0	3.026072E+0	7.476392E+0	3.305904E-1	2.333187E+3	-1.841499E+3	4.587921E+3	-3.006027E+3	6.460870E+3	-1.063112E+4	7.622894E+3	-1.733130E+4
7.280000E+1	7.466293E+0	3.168563E+0	7.466721E+0	3.304917E-1	2.333326E+3	-1.841359E+3	4.588061E+3	-3.005748E+3	6.460870E+3	-1.063097E+4	7.623313E+3	-1.733130E+4
7.281000E+1	7.456540E+0	3.141076E+0	7.456968E+0	3.303922E-1	2.333465E+3	-1.841220E+3	4.588200E+3	-3.005469E+3	6.460870E+3	-1.063083E+4	7.623731E+3	-1.733130E+4
7.282000E+1	7.447293E+0	3.021277E+0	7.447721E+0	3.302978E-1	2.333603E+3	-1.841080E+3	4.588340E+3	-3.005190E+3	6.460870E+3	-1.063069E+4	7.624149E+3	-1.733130E+4
7.283000E+1	7.437912E+0	2.992622E+0	7.438341E+0	3.302021E-1	2.333742E+3	-1.840941E+3	4.588479E+3	-3.004911E+3	6.460870E+3	-1.063055E+4	7.624568E+3	-1.733130E+4
7.284000E+1	7.428561E+0	3.110697E+0	7.428989E+0	3.301067E-1	2.333881E+3	-1.840801E+3	4.588619E+3	-3.004632E+3	6.460870E+3	-1.063040E+4	7.624986E+3	-1.733130E+4
7.285000E+1	7.419184E+0	3.176680E+0	7.419612E+0	3.300110E-1	2.334020E+3	-1.840662E+3	4.588758E+3	-3.004354E+3	6.460870E+3	-1.063026E+4	7.625405E+3	-1.733130E+4
7.286000E+1	7.408955E+0	3.073509E+0	7.409383E+0	3.299066E-1	2.334158E+3	-1.840522E+3	4.588898E+3	-3.004075E+3	6.460870E+3	-1.063012E+4	7.625823E+3	-1.733130E+4
7.287000E+1	7.398368E+0	2.965478E+0	7.398796E+0	3.297986E-1	2.332463E+3	-1.842227E+3	4.589010E+3	-3.002033E+3	6.462753E+3	-1.063370E+4	7.626127E+3	-1.733317E+4
7.288000E+1	7.388446E+0	3.128999E+0	7.388875E+0	3.296974E-1	2.332632E+3	-1.842057E+3	4.589010E+3	-3.002203E+3	6.462923E+3	-1.063370E+4	7.625957E+3	-1.733299E+4
7.289000E+1	7.378817E+0	3.107849E+0	7.379245E+0	3.295991E-1	2.332801E+3	-1.841886E+3	4.589010E+3	-3.002374E+3	6.463094E+3	-1.063370E+4	7.625786E+3	-1.733282E+4
7.290000E+1	7.369176E+0	3.057714E+0	7.369604E+0	3.295007E-1	2.332971E+3	-1.841716E+3	4.589010E+3	-3.002544E+3	6.463264E+3	-1.063370E+4	7.625616E+3	-1.733264E+4
7.291000E+1	7.359678E+0	2.992565E+0	7.360106E+0	3.294038E-1	2.333140E+3	-1.841546E+3	4.589010E+3	-3.002714E+3	6.463434E+3	-1.063370E+4	7.625446E+3	-1.733247E+4
7.292000E+1	7.349322E+0	3.053954E+0	7.349750E+0	3.292981E-1	2.333309E+3	-1.841376E+3	4.589010E+3	-3.002884E+3	6.463604E+3	-1.063370E+4	7.625276E+3	-1.733229E+4
7.293000E+1	7.338761E+0	3.124394E+0	7.339189E+0	3.291904E-1	2.333479E+3	-1.841206E+3	4.589010E+3	-3.003054E+3	6.463774E+3	-1.063370E+4	7.625106E+3	-1.733212E+4
7.294000E+1	7.328630E+0	3.027447E+0	7.329058E+0	3.290870E-1	2.333648E+3	-1.841036E+3	4.589010E+3	-3.003224E+3	6.463944E+3	-1.063370E+4	7.624936E+3	-1.733194E+4
7.295000E+1	7.318670E+0	2.957354E+0	7.319099E+0	3.289854E-1	2.333817E+3	-1.840865E+3	4.589010E+3	-3.003395E+3	6.464115E+3	-1.063370E+4	7.624765E+3	-1.733177E+4
7.296000E+1	7.308149E+0	3.033769E+0	7.308577E+0	3.288780E-1	2.333986E+3	-1.840695E+3	4.589010E+3	-3.003565E+3	6.464285E+3	-1.063370E+4	7.624595E+3	-1.733159E+4
7.297000E+1	7.298102E+0	3.111178E+0	7.298530E+0	3.287755E-1	2.334156E+3	-1.840525E+3	4.589010E+3	-3.003735E+3	6.464455E+3	-1.063370E+4	7.624425E+3	-1.733142E+4
7.298000E+1	7.288285E+0	3.115254E+0	7.288713E+0	3.286753E-1	2.332617E+3	-1.838382E+3	4.589010E+3	-3.002000E+3	6.468364E+3	-1.063389E+4	7.635222E+3	-1.733130E+4
7.299000E+1	7.278796E+0	3.015812E+0	7.279224E+0	3.285785E-1	2.333195E+3	-1.837803E+3	4.589010E+3	-3.002000E+3	6.468654E+3	-1.063447E+4	7.634643E+3	-1.733130E+4
7.300000E+1	7.269049E+0	3.042920E+0	7.269477E+0	3.284790E-1	2.333773E+3	-1.837223E+3	4.589010E+3	-3.002000E+3	6.468944E+3	-1.063505E+4	7.634063E+3	-1.733130E+4
7.301000E+1	7.258810E+0	3.114102E+0	7.259238E+0	3.283745E-1	2.334352E+3	-1.836643E+3	4.589010E+3	-3.002000E+3	6.469233E+3	-1.063563E+4	7.633483E+3	-1.733130E+4
7.302000E+1	7.248416E+0	3.037294E+0	7.248844E+0	3.282685E-1	2.334930E+3	-1.836064E+3	4.589010E+3	-3.002000E+3	6.469523E+3	-1.063621E+4	7.632904E+3	-1.733130E+4
7.303000E+1	7.238102E+0	3.008120E+0	7.238530E+0	3.281632E-1	2.335508E+3	-1.835484E+3	4.589010E+3	-3.002000E+3	6.469813E+3	-1.063679E+4	7.632324E+3	-1.733130E+4
7.304000E+1	7.228413E+0	2.941304E+0	7.228841E+0	3.280644E-1	2.336086E+3	-1.834904E+3	4.589010E+3	-3.002000E+3	6.470103E+3	-1.063737E+4	7.631744E+3	-1.733130E+4
7.305000E+1	7.217968E+0	3.016915E+0	7.218396E+0	3.279578E-1	2.335771E+3	-1.835568E+3	4.589010E+3	-3.002000E+3	6.469771E+3	-1.063706E+4	7.632059E+3	-1.733166E+4
7.306000E+1	7.206864E+0	3.082708E+0	7.207292E+0	3.278445E-1	2.335400E+3	-1.836310E+3	4.589010E+3	-3.002000E+3	6.469400E+3	-1.063670E+4	7.632430E+3	-1.733204E+4
7.307000E+1	7.195599E+0	3.082317E+0	7.196027E+0	3.277295E-1	2.335029E+3	-1.837052E+3	4.589010E+3	-3.002000E+3	6.469029E+3	-1.063634E+4	7.632801E+3	-1.733242E+4
7.308000E+1	7.184438E+0	3.005985E+0	7.184866E+0	3.276157E-1	2.334658E+3	-1.837794E+3	4.589010E+3	-3.002000E+3	6.468658E+3	-1.063598E+4	7.633172E+3	-1.733280E+4
7.309000E+1	7.174024E+0	3.033265E+0	7.174452E+0	3.275094E-1	2.334287E+3	-1.838536E+3	4.589010E+3	-3.002000E+3	6.468287E+3	-1.063562E+4	7.633543E+3	-1.733318E+4
7.310000E+1	7.164176E+0	3.136711E+0	7.164604E+0	3.274089E-1	2.332916E+3	-1.841286E+3	4.590372E+3	-3.002000E+3	6.468270E+3	-1.063560E+4	7.632198E+3	-1.733320E+4
7.311000E+1	7.154488E+0	3.073402E+0	7.154916E+0	3.273100E-1	2.332673E+3	-1.842260E+3	4.590616E+3	-3.002244E+3	6.468514E+3	-1.063560E+4	7.631466E+3	-1.733344E+4
7.312000E+1	7.144775E+0	2.967743E+0	7.145203E+0	3.272109E-1	2.333042E+3	-1.842260E+3	4.590245E+3	-3.002615E+3	6.468885E+3	-1.063560E+4	7.631095E+3	-1.733380E+4
7.313000E+1	7.135455E+0	3.036717E+0	7.135883E+0	3.271158E-1	2.333411E+3	-1.842260E+3	4.589874E+3	-3.002986E+3	6.469256E+3	-1.063560E+4	7.630724E+3	-1.733416E+4
7.314000E+1	7.126837E+0	3.082649E+0	7.127265E+0	3.270279E-1	2.333780E+3	-1.842260E+3	4.589503E+3	-3.003357E+3	6.469627E+3	-1.063560E+4	7.630353E+3	-1.733452E+4
7.315000E+1	7.118024E+0	3.067987E+0	7.118452E+0	3.269380E-1	2.334149E+3	-1.842260E+3	4.589132E+3	-3.003728E+3	6.469998E+3	-1.063560E+4	7.629982E+3	-1.733488E+4
7.316000E+1	7.109064E+0	3.007702E+0	7.109492E+0	3.268465E-1	2.333857E+3	-1.841845E+3	4.588595E+3	-3.003435E+3	6.470950E+3	-1.063477E+4	7.631935E+3	-1.733377E+4
7.317000E+1	7.100452E+0	2.983432E+0	7.100880E+0	3.267587E-1	2.333242E+3	-1.841227E+3	4.587977E+3	-3.002817E+3	6.472187E+3	-1.063353E+4	7.635027E+3	-1.733193E+4
7.318000E+1	7.091665E+0	3.121557E+0	7.092093E+0	3.266690E-1	2.332627E+3	-1.840608E+3	4.587358E+3	-3.002198E+3	6.473423E+3	-1.063230E+4	7.638118E+3	-1.733009E+4
7.319000E+1	7.082178E+0	3.135937E+0	7.082606E+0	3.265722E-1	2.332686E+3	-1.840154E+3	4.587417E+3	-3.001486E+3	6.473820E+3	-1.063241E+4	7.639367E+3	-1.732950E+4
7.320000E+1	7.072195E+0	3.083647E+0	7.072623E+0	3.264703E-1	2.333062E+3	-1.839778E+3	4.587796E+3	-3.000729E+3	6.473820E+3	-1.063317E+4	7.639746E+3	-1.732950E+4
7.321000E+1	7.061794E+0	2.948208E+0	7.062222E+0	3.263642E-1	2.333439E+3	-1.839401E+3	4.588174E+3	-2.999972E+3	6.473820E+3	-1.063393E+4	7.640124E+3	-1.732950E+4
7.322000E+1	7.051235E+0	3.039128E+0	7.051663E+0	3.262564E-1	2.333815E+3	-1.839025E+3	4.588553E+3	-2.999214E+3	6.473820E+3	-1.063469E+4	7.640503E+3	-1.732950E+4
7.323000E+1	7.041021E+0	3.173664E+0	7.041449E+0	3.261522E-1	2.334192E+3	-1.838648E+3	4.588931E+3	-2.998457E+3	6.473820E+3	-1.063544E+4	7.640881E+3	-1.732950E+4
7.324000E+1	7.031066E+0	3.045320E+0	7.031494E+0	3.260506E-1	2.334270E+3	-1.838570E+3	4.589484E+3	-2.998774E+3	6.473820E+3	-1.063606E+4	7.640012E+3	-1.733045E+4
7.325000E+1	7.021947E+0	2.931335E+0	7.022375E+0	3.259576E-1	2.334270E+3	-1.838570E+3	4.590082E+3	-2.999372E+3	6.473820E+3	-1.063664E+4	7.638815E+3	-1.733164E+4
7.326000E+1	7.013470E+0	3.039798E+0	7.013898E+0	3.258711E-1	2.334270E+3	-1.838570E+3	4.590681E+3	-2.999971E+3	6.473820E+3	-1.063723E+4	7.637618E+3	-1.733284E+4
7.327000E+1	7.004867E+0	3.090138E+0	7.005295E+0	3.257833E-1	2.334270E+3	-1.838570E+3	4.590860E+3	-3.000150E+3	6.473820E+3	-1.063716E+4	7.637996E+3	-1.733344E+4
7.328000E+1	6.995530E+0	3.062776E+0	6.995958E+0	3.256880E-1	2.334270E+3	-1.838570E+3	4.590860E+3	-3.000150E+3	6.473820E+3	-1.063682E+4	7.639046E+3	-1.733378E+4
7.329000E+1	6.986294E+0	3.000566E+0	6.986722E+0	3.255938E-1	2.334270E+3	-1.838570E+3	4.590860E+3	-3.000150E+3	6.473820E+3	-1.063648E+4	7.640095E+3	-1.733412E+4
7.330000E+1	6.977090E+0	3.010689E+0	6.977518E+0	3.254999E-1	2.334270E+3	-1.838570E+3	4.590860E+3	-3.000150E+3	6.473820E+3	-1.063614E+4	7.641145E+3	-1.733446E+4
7.331000E+1	6.967841E+0	3.075518E+0	6.968269E+0	3.254055E-1	2.334270E+3	-1.838570E+3	4.590860E+3	-3.000150E+3	6.473820E+3	-1.063580E+4	7.642195E+3	-1.733480E+4
7.332000E+1	6.958505E+0	3.069136E+0	6.958933E+0	3.253102E-1	2.334421E+3	-1.839022E+3	4.591011E+3	-3.000301E+3	6.474122E+3	-1.063575E+4	7.642810E+3	-1.733470E+4
7.333000E+1	6.948689E+0	3.073322E+0	6.949117E+0	3.252101E-1	2.334785E+3	-1.840111E+3	4.591375E+3	-3.000665E+3	6.474849E+3	-1.063610E+4	7.642810E+3	-1.733397E+4
7.334000E+1	6.938105E+0	2.934896E+0	6.938533E+0	3.251021E-1	2.335148E+3	-1.841200E+3	4.591738E+3	-3.001028E+3	6.475576E+3	-1.063645E+4	7.642810E+3	-1.733324E+4
7.335000E+1	6.927116E+0	3.066058E+0	6.927544E+0	3.249899E-1	2.335512E+3	-1.842289E+3	4.592102E+3	-3.001392E+3	6.476304E+3	-1.063681E+4	7.642810E+3	-1.733252E+4
7.336000E+1	6.916507E+0	3.085547E+0	6.916935E+0	3.248817E-1	2.335876E+3	-1.843378E+3	4.592466E+3	-3.001756E+3	6.477031E+3	-1.063716E+4	7.642810E+3	-1.733179E+4
7.337000E+1	6.905995E+0	2.985857E+0	6.906423E+0	3.247744E-1	2.336120E+3	-1.844110E+3	4.592657E+3	-3.002000E+3	6.477573E+3	-1.063735E+4	7.642810E+3	-1.733125E+4
7.338000E+1	6.895637E+0	2.947941E+0	6.896065E+0	3.246687E-1	2.336120E+3	-1.844110E+3	4.592496E+3	-3.002000E+3	6.477734E+3	-1.063719E+4	7.642810E+3	-1.733109E+4
7.339000E+1	6.885588E+0	3.051592E+0	6.886016E+0	3.245662E-1	2.336120E+3	-1.844110E+3	4.592334E+3	-3.002000E+3	6.477896E+3	-1.063703E+4	7.642810E+3	-1.733093E+4
7.340000E+1	6.876257E+0	3.117205E+0	6.876685E+0	3.244709E-1	2.336120E+3	-1.844110E+3	4.592173E+3	-3.002000E+3	6.478057E+3	-1.063688E+4	7.642810E+3	-1.733078E+4
7.341000E+1	6.867081E+0	3.114738E+0	6.867509E+0	3.243773E-1	2.336120E+3	-1.844110E+3	4.592012E+3	-3.002000E+3	6.478218E+3	-1.063672E+4	7.642810E+3	-1.733062E+4
7.342000E+1	6.857510E+0	2.961778E+0	6.857938E+0	3.242797E-1	2.336120E+3	-1.844110E+3	4.591851E+3	-3.002000E+3	6.478379E+3	-1.063656E+4	7.642810E+3	-1.733046E+4
7.343000E+1	6.848190E+0	3.046099E+0	6.848618E+0	3.241845E-1	2.336120E+3	-1.844110E+3	4.591689E+3	-3.002000E+3	6.478541E+3	-1.063641E+4	7.642810E+3	-1.733031E+4
7.344000E+1	6.838541E+0	3.107348E+0	6.838969E+0	3.240861E-1	2.336120E+3	-1.844110E+3	4.591528E+3	-3.002000E+3	6.478702E+3	-1.063625E+4	7.642810E+3	-1.733015E+4
7.345000E+1	6.828146E+0	3.081907E+0	6.828574E+0	3.239800E-1	2.336120E+3	-1.844110E+3	4.591367E+3	-3.002000E+3	6.478863E+3	-1.063609E+4	7.642810E+3	-1.732999E+4
7.346000E+1	6.817463E+0	2.986967E+0	6.817891E+0	3.238710E-1	2.336120E+3	-1.844110E+3	4.591205E+3	-3.002000E+3	6.479025E+3	-1.063594E+4	7.642810E+3	-1.732984E+4
7.347000E+1	6.806966E+0	2.966413E+0	6.807394E+0	3.237639E-1	2.336120E+3	-1.844110E+3	4.591044E+3	-3.002000E+3	6.479186E+3	-1.063578E+4	7.642810E+3	-1.732968E+4
7.348000E+1	6.796665E+0	3.085819E+0	6.797093E+0	3.236588E-1	2.336120E+3	-1.844110E+3	4.590883E+3	-3.002000E+3	6.479347E+3	-1.063562E+4	7.642810E+3	-1.732952E+4
7.349000E+1	6.786784E+0	3.097238E+0	6.787212E+0	3.235580E-1	2.332185E+3	-1.842015E+3	4.592710E+3	-2.998055E+3	6.484920E+3	-1.063740E+4	7.653910E+3	-1.732785E+4
7.350000E+1	6.777313E+0	3.032280E+0	6.777741E+0	3.234613E-1	2.331900E+3	-1.841730E+3	4.592710E+3	-2.997770E+3	6.484920E+3	-1.063740E+4	7.653910E+3	-1.732814E+4
7.351000E+1	6.767602E+0	2.949486E+0	6.768030E+0	3.233622E-1	2.331614E+3	-1.841444E+3	4.592710E+3	-2.997484E+3	6.484920E+3	-1.063740E+4	7.653910E+3	-1.732844E+4
7.352000E+1	6.757763E+0	3.044004E+0	6.758191E+0	3.232618E-1	2.331329E+3	-1.841159E+3	4.592710E+3	-2.997199E+3	6.484920E+3	-1.063740E+4	7.653910E+3	-1.732873E+4
7.353000E+1	6.747470E+0	3.148890E+0	6.747898E+0	3.231568E-1	2.331043E+3	-1.840873E+3	4.592710E+3	-2.996913E+3	6.484920E+3	-1.063740E+4	7.653910E+3	-1.732902E+4
7.354000E+1	6.737191E+0	2.981782E+0	6.737619E+0	3.230519E-1	2.330758E+3	-1.840588E+3	4.592710E+3	-2.996628E+3	6.484920E+3	-1.063740E+4	7.653910E+3	-1.732932E+4
7.355000E+1	6.727276E+0	2.921965E+0	6.727704E+0	3.229507E-1	2.330889E+3	-1.840565E+3	4.592865E+3	-2.996760E+3	6.484920E+3	-1.063725E+4	7.654065E+3	-1.732950E+4
7.356000E+1	6.717137E+0	3.035315E+0	6.717565E+0	3.228473E-1	2.331712E+3	-1.840977E+3	4.593277E+3	-2.997585E+3	6.484920E+3	-1.063685E+4	7.654477E+3	-1.732950E+4
7.357000E+1	6.706983E+0	3.093446E+0	6.707411E+0	3.227437E-1	2.332534E+3	-1.841390E+3	4.593690E+3	-2.998409E+3	6.484920E+3	-1.063645E+4	7.654890E+3	-1.732950E+4
7.358000E+1	6.696757E+0	3.010537E+0	6.697185E+0	3.226393E-1	2.333356E+3	-1.841802E+3	4.594102E+3	-2.999233E+3	6.484920E+3	-1.063605E+4	7.655302E+3	-1.732950E+4
7.359000E+1	6.686761E+0	2.952352E+0	6.687189E+0	3.225373E-1	2.334178E+3	-1.842214E+3	4.594514E+3	-3.000058E+3	6.484920E+3	-1.063564E+4	7.655714E+3	-1.732950E+4
7.360000E+1	6.677384E+0	3.006554E+0	6.677812E+0	3.224416E-1	2.334270E+3	-1.842003E+3	4.594045E+3	-3.000150E+3	6.484920E+3	-1.063585E+4	7.655245E+3	-1.732950E+4
7.361000E+1	6.668526E+0	3.082475E+0	6.668954E+0	3.223512E-1	2.334270E+3	-1.841713E+3	4.593465E+3	-3.000150E+3	6.484920E+3	-1.063613E+4	7.654665E+3	-1.732950E+4
7.362000E+1	6.659750E+0	3.066499E+0	6.660178E+0	3.222617E-1	2.334270E+3	-1.841423E+3	4.592886E+3	-3.000150E+3	6.484920E+3	-1.063641E+4	7.654086E+3	-1.732950E+4
7.363000E+1	6.650368E+0	3.031039E+0	6.650796E+0	3.221660E-1	2.334270E+3	-1.841133E+3	4.592306E+3	-3.000150E+3	6.484920E+3	-1.063670E+4	7.653506E+3	-1.732950E+4
7.364000E+1	6.640262E+0	2.887646E+0	6.640690E+0	3.220628E-1	2.334270E+3	-1.840843E+3	4.591726E+3	-3.000150E+3	6.484920E+3	-1.063698E+4	7.652926E+3	-1.732950E+4
7.365000E+1	6.629967E+0	3.028943E+0	6.630395E+0	3.219578E-1	2.334270E+3	-1.840553E+3	4.591147E+3	-3.000150E+3	6.484920E+3	-1.063726E+4	7.652347E+3	-1.732950E+4
7.366000E+1	6.620348E+0	3.082491E+0	6.620776E+0	3.218596E-1	2.336461E+3	-1.842260E+3	4.594560E+3	-3.000150E+3	6.490640E+3	-1.063723E+4	7.654761E+3	-1.732743E+4
7.367000E+1	6.611177E+0	3.009077E+0	6.611605E+0	3.217661E-1	2.337135E+3	-1.842260E+3	4.594560E+3	-3.000150E+3	6.490978E+3	-1.063691E+4	7.656446E+3	-1.732711E+4
7.368000E+1	6.601951E+0	2.942143E+0	6.602379E+0	3.216719E-1	2.337810E+3	-1.842260E+3	4.594560E+3	-3.000150E+3	6.491315E+3	-1.063658E+4	7.658130E+3	-1.732678E+4
7.369000E+1	6.592864E+0	3.001808E+0	6.593292E+0	3.215792E-1	2.338484E+3	-1.842260E+3	4.594560E+3	-3.000150E+3	6.491652E+3	-1.063625E+4	7.659815E+3	-1.732645E+4
7.370000E+1	6.583452E+0	3.088024E+0	6.583880E+0	3.214831E-1	2.339159E+3	-1.842260E+3	4.594560E+3	-3.000150E+3	6.491989E+3	-1.063592E+4	7.661499E+3	-1.732612E+4
7.371000E+1	6.574321E+0	3.031270E+0	6.574749E+0	3.213900E-1	2.339803E+3	-1.842225E+3	4.594543E+3	-3.000115E+3	6.492320E+3	-1.063563E+4	7.663133E+3	-1.732582E+4
7.372000E+1	6.565173E+0	2.876643E+0	6.565601E+0	3.212966E-1	2.338919E+3	-1.840463E+3	4.593659E+3	-2.998348E+3	6.492320E+3	-1.063740E+4	7.662249E+3	-1.732668E+4
7.373000E+1	6.555964E+0	3.016115E+0	6.556392E+0	3.212027E-1	2.338036E+3	-1.838701E+3	4.592776E+3	-2.996581E+3	6.492320E+3	-1.063917E+4	7.661366E+3	-1.732754E+4
7.374000E+1	6.546452E+0	3.068322E+0	6.546880E+0	3.211056E-1	2.336786E+3	-1.838570E+3	4.593302E+3	-2.996450E+3	6.492320E+3	-1.063930E+4	7.661300E+3	-1.732821E+4
7.375000E+1	6.536581E+0	3.050946E+0	6.537009E+0	3.210049E-1	2.335507E+3	-1.838570E+3	4.593942E+3	-2.996450E+3	6.492320E+3	-1.063930E+4	7.661300E+3	-1.732887E+4
7.376000E+1	6.527020E+0	2.955557E+0	6.527448E+0	3.209073E-1	2.334270E+3	-1.838609E+3	4.594560E+3	-2.996450E+3	6.492333E+3	-1.063929E+4	7.661313E+3	-1.732949E+4
7.377000E+1	6.517000E+0	2.896324E+0	6.517428E+0	3.208051E-1	2.334270E+3	-1.839766E+3	4.594560E+3	-2.996450E+3	6.492719E+3	-1.063889E+4	7.661699E+3	-1.732909E+4
7.378000E+1	6.506953E+0	3.071479E+0	6.507381E+0	3.207025E-1	2.334270E+3	-1.840923E+3	4.594560E+3	-2.996450E+3	6.493106E+3	-1.063849E+4	7.662086E+3	-1.732869E+4
7.379000E+1	6.497017E+0	3.034830E+0	6.497445E+0	3.206012E-1	2.334270E+3	-1.842080E+3	4.594560E+3	-2.996450E+3	6.493492E+3	-1.063810E+4	7.662472E+3	-1.732830E+4
7.380000E+1	6.486367E+0	2.961685E+0	6.486795E+0	3.204925E-1	2.334270E+3	-1.843238E+3	4.594560E+3	-2.996450E+3	6.493879E+3	-1.063770E+4	7.662859E+3	-1.732790E+4
7.381000E+1	6.475787E+0	2.923735E+0	6.476215E+0	3.203845E-1	2.334132E+3	-1.844387E+3	4.594283E+3	-2.996588E+3	6.494170E+3	-1.063754E+4	7.663012E+3	-1.732747E+4
7.382000E+1	6.465994E+0	2.985940E+0	6.466422E+0	3.202846E-1	2.333573E+3	-1.845511E+3	4.593159E+3	-2.997150E+3	6.494170E+3	-1.063812E+4	7.662450E+3	-1.732692E+4
7.383000E+1	6.456409E+0	3.037588E+0	6.456837E+0	3.201868E-1	2.333014E+3	-1.846635E+3	4.592035E+3	-2.997713E+3	6.494170E+3	-1.063870E+4	7.661887E+3	-1.732637E+4
7.384000E+1	6.447039E+0	2.935937E+0	6.447467E+0	3.200912E-1	2.332455E+3	-1.847759E+3	4.590911E+3	-2.998275E+3	6.494170E+3	-1.063927E+4	7.661325E+3	-1.732582E+4
7.385000E+1	6.438180E+0	2.886700E+0	6.438608E+0	3.200008E-1	2.332430E+3	-1.847344E+3	4.590860E+3	-2.998455E+3	6.494325E+3	-1.063914E+4	7.661455E+3	-1.732580E+4
7.386000E+1	6.428743E+0	2.981009E+0	6.429171E+0	3.199045E-1	2.332430E+3	-1.846856E+3	4.590860E+3	-2.998618E+3	6.494488E+3	-1.063897E+4	7.661618E+3	-1.732580E+4
7.387000E+1	6.419624E+0	3.068232E+0	6.420052E+0	3.198114E-1	2.332430E+3	-1.846368E+3	4.590860E+3	-2.998781E+3	6.494651E+3	-1.063881E+4	7.661781E+3	-1.732580E+4
7.388000E+1	6.409830E+0	3.066583E+0	6.410258E+0	3.197115E-1	2.332430E+3	-1.845879E+3	4.590860E+3	-2.998944E+3	6.494814E+3	-1.063864E+4	7.661944E+3	-1.732580E+4
7.389000E+1	6.398908E+0	2.907024E+0	6.399336E+0	3.196000E-1	2.332430E+3	-1.845391E+3	4.590860E+3	-2.999106E+3	6.494976E+3	-1.063847E+4	7.662106E+3	-1.732580E+4
7.390000E+1	6.388718E+0	3.010225E+0	6.389146E+0	3.194961E-1	2.332430E+3	-1.844903E+3	4.590860E+3	-2.999269E+3	6.495139E+3	-1.063830E+4	7.662269E+3	-1.732580E+4
7.391000E+1	6.378756E+0	3.091461E+0	6.379184E+0	3.193944E-1	2.332430E+3	-1.844415E+3	4.590860E+3	-2.999432E+3	6.495302E+3	-1.063814E+4	7.662432E+3	-1.732580E+4
7.392000E+1	6.368438E+0	3.043323E+0	6.368866E+0	3.192891E-1	2.332430E+3	-1.843927E+3	4.590860E+3	-2.999594E+3	6.495464E+3	-1.063797E+4	7.662594E+3	-1.732580E+4
7.393000E+1	6.358172E+0	2.973927E+0	6.358600E+0	3.191844E-1	2.332430E+3	-1.843439E+3	4.590860E+3	-2.999757E+3	6.495627E+3	-1.063780E+4	7.662757E+3	-1.732580E+4
7.394000E+1	6.348366E+0	2.966877E+0	6.348794E+0	3.190843E-1	2.332430E+3	-1.842951E+3	4.590860E+3	-2.999920E+3	6.495790E+3	-1.063764E+4	7.662920E+3	-1.732580E+4
7.395000E+1	6.338381E+0	3.043268E+0	6.338809E+0	3.189824E-1	2.332430E+3	-1.842462E+3	4.590860E+3	-3.000083E+3	6.495953E+3	-1.063747E+4	7.663083E+3	-1.732580E+4
7.396000E+1	6.328869E+0	3.070550E+0	6.329297E+0	3.188854E-1	2.336637E+3	-1.844110E+3	4.592710E+3	-3.000449E+3	6.498387E+3	-1.063843E+4	7.668183E+3	-1.732580E+4
7.397000E+1	6.319739E+0	2.971353E+0	6.320167E+0	3.187922E-1	2.337520E+3	-1.844110E+3	4.592710E+3	-2.997799E+3	6.499270E+3	-1.064020E+4	7.667300E+3	-1.732580E+4
7.398000E+1	6.310648E+0	2.902111E+0	6.311076E+0	3.186994E-1	2.337556E+3	-1.844110E+3	4.593124E+3	-2.996243E+3	6.499720E+3	-1.064090E+4	7.667264E+3	-1.732600E+4
7.399000E+1	6.301666E+0	2.937654E+0	6.302094E+0	3.186078E-1	2.336713E+3	-1.844110E+3	4.593967E+3	-2.995821E+3	6.499720E+3	-1.064049E+4	7.668107E+3	-1.732641E+4
7.400000E+1	6.292059E+0	3.108197E+0	6.292487E+0	3.185097E-1	2.335870E+3	-1.844110E+3	4.594810E+3	-2.995400E+3	6.499720E+3	-1.064008E+4	7.668950E+3	-1.732682E+4
7.401000E+1	6.281984E+0	2.996962E+0	6.282412E+0	3.184069E-1	2.335026E+3	-1.844110E+3	4.595654E+3	-2.994978E+3	6.499720E+3	-1.063967E+4	7.669794E+3	-1.732723E+4
7.402000E+1	6.272172E+0	2.852450E+0	6.272600E+0	3.183068E-1	2.334289E+3	-1.844091E+3	4.596371E+3	-2.994619E+3	6.499720E+3	-1.063930E+4	7.670569E+3	-1.732760E+4
7.403000E+1	6.262504E+0	3.034718E+0	6.262932E+0	3.182082E-1	2.334477E+3	-1.843903E+3	4.595997E+3	-2.994807E+3	6.499720E+3	-1.063930E+4	7.670757E+3	-1.732760E+4
7.404000E+1	6.252370E+0	3.098438E+0	6.252798E+0	3.181048E-1	2.334664E+3	-1.843716E+3	4.595622E+3	-2.994994E+3	6.499720E+3	-1.063930E+4	7.670944E+3	-1.732760E+4
7.405000E+1	6.242360E+0	2.977382E+0	6.242788E+0	3.180026E-1	2.334851E+3	-1.843529E+3	4.595248E+3	-2.995181E+3	6.499720E+3	-1.063930E+4	7.671131E+3	-1.732760E+4
7.406000E+1	6.232333E+0	2.938042E+0	6.232761E+0	3.179003E-1	2.335038E+3	-1.843342E+3	4.594873E+3	-2.995368E+3	6.499720E+3	-1.063930E+4	7.671318E+3	-1.732760E+4
7.407000E+1	6.222131E+0	2.962317E+0	6.222559E+0	3.177962E-1	2.335226E+3	-1.843154E+3	4.594498E+3	-2.995556E+3	6.499720E+3	-1.063930E+4	7.671506E+3	-1.732760E+4
7.408000E+1	6.211508E+0	3.066421E+0	6.211936E+0	3.176878E-1	2.335413E+3	-1.842967E+3	4.594124E+3	-2.995743E+3	6.499720E+3	-1.063930E+4	7.671693E+3	-1.732760E+4
7.409000E+1	6.201689E+0	2.955012E+0	6.202117E+0	3.175876E-1	2.335600E+3	-1.842780E+3	4.593749E+3	-2.995930E+3	6.499720E+3	-1.063930E+4	7.671880E+3	-1.732760E+4
7.410000E+1	6.193017E+0	2.929001E+0	6.193445E+0	3.174991E-1	2.335788E+3	-1.842592E+3	4.593375E+3	-2.996118E+3	6.499720E+3	-1.063930E+4	7.672068E+3	-1.732760E+4
7.411000E+1	6.184383E+0	2.877053E+0	6.184811E+0	3.174110E-1	2.335975E+3	-1.842405E+3	4.593000E+3	-2.996305E+3	6.499720E+3	-1.063930E+4	7.672255E+3	-1.732760E+4
7.412000E+1	6.174944E+0	2.985320E+0	6.175372E+0	3.173147E-1	2.336120E+3	-1.840678E+3	4.594649E+3	-3.000061E+3	6.503598E+3	-1.064092E+4	7.669057E+3	-1.732571E+4
7.413000E+1	6.164927E+0	3.082094E+0	6.165355E+0	3.172125E-1	2.336120E+3	-1.841862E+3	4.595044E+3	-2.999666E+3	6.504386E+3	-1.064013E+4	7.670637E+3	-1.732530E+4
7.414000E+1	6.155159E+0	2.969204E+0	6.155587E+0	3.171128E-1	2.336120E+3	-1.843047E+3	4.595439E+3	-2.999271E+3	6.505173E+3	-1.063934E+4	7.672216E+3	-1.732490E+4
7.415000E+1	6.146031E+0	2.865360E+0	6.146459E+0	3.170197E-1	2.336120E+3	-1.844232E+3	4.595834E+3	-2.998876E+3	6.505961E+3	-1.063855E+4	7.673796E+3	-1.732449E+4
7.416000E+1	6.136735E+0	3.032945E+0	6.137163E+0	3.169248E-1	2.336120E+3	-1.845417E+3	4.596229E+3	-2.998481E+3	6.506749E+3	-1.063776E+4	7.675376E+3	-1.732409E+4
7.417000E+1	6.126733E+0	3.066279E+0	6.127161E+0	3.168228E-1	2.336244E+3	-1.845898E+3	4.596348E+3	-2.998176E+3	6.507172E+3	-1.063740E+4	7.676348E+3	-1.732390E+4
7.418000E+1	6.116473E+0	2.984371E+0	6.116901E+0	3.167181E-1	2.336473E+3	-1.845783E+3	4.596233E+3	-2.997947E+3	6.507287E+3	-1.063740E+4	7.676806E+3	-1.732390E+4
7.419000E+1	6.105943E+0	2.923680E+0	6.106371E+0	3.166106E-1	2.336702E+3	-1.845669E+3	4.596119E+3	-2.997718E+3	6.507401E+3	-1.063740E+4	7.677264E+3	-1.732390E+4
7.420000E+1	6.095588E+0	3.000805E+0	6.096016E+0	3.165049E-1	2.336931E+3	-1.845554E+3	4.596004E+3	-2.997489E+3	6.507516E+3	-1.063740E+4	7.677722E+3	-1.732390E+4
7.421000E+1	6.085009E+0	3.058865E+0	6.085437E+0	3.163970E-1	2.337160E+3	-1.845440E+3	4.595890E+3	-2.997260E+3	6.507630E+3	-1.063740E+4	7.678180E+3	-1.732390E+4
7.422000E+1	6.074942E+0	2.995979E+0	6.075370E+0	3.162943E-1	2.337389E+3	-1.845325E+3	4.595775E+3	-2.997031E+3	6.507745E+3	-1.063740E+4	7.678638E+3	-1.732390E+4
7.423000E+1	6.066016E+0	2.942819E+0	6.066444E+0	3.162032E-1	2.337618E+3	-1.845211E+3	4.595661E+3	-2.996802E+3	6.507859E+3	-1.063740E+4	7.679096E+3	-1.732390E+4
7.424000E+1	6.057196E+0	2.965573E+0	6.057624E+0	3.161132E-1	2.337847E+3	-1.845096E+3	4.595546E+3	-2.996573E+3	6.507974E+3	-1.063740E+4	7.679554E+3	-1.732390E+4
7.425000E+1	6.048179E+0	3.037113E+0	6.048607E+0	3.160212E-1	2.338076E+3	-1.844982E+3	4.595432E+3	-2.996344E+3	6.508088E+3	-1.063740E+4	7.680012E+3	-1.732390E+4
7.426000E+1	6.039203E+0	3.059543E+0	6.039631E+0	3.159296E-1	2.338305E+3	-1.844867E+3	4.595317E+3	-2.996115E+3	6.508203E+3	-1.063740E+4	7.680470E+3	-1.732390E+4
7.427000E+1	6.029892E+0	2.989652E+0	6.030320E+0	3.158346E-1	2.338534E+3	-1.844753E+3	4.595203E+3	-2.995886E+3	6.508317E+3	-1.063740E+4	7.680928E+3	-1.732390E+4
7.428000E+1	6.020378E+0	2.924968E+0	6.020806E+0	3.157375E-1	2.338763E+3	-1.844638E+3	4.595088E+3	-2.995657E+3	6.508432E+3	-1.063740E+4	7.681386E+3	-1.732390E+4
7.429000E+1	6.011817E+0	2.975418E+0	6.012245E+0	3.156501E-1	2.338992E+3	-1.844524E+3	4.594974E+3	-2.995428E+3	6.508546E+3	-1.063740E+4	7.681844E+3	-1.732390E+4
7.430000E+1	6.003879E+0	3.055994E+0	6.004307E+0	3.155691E-1	2.339221E+3	-1.844409E+3	4.594859E+3	-2.995199E+3	6.508661E+3	-1.063740E+4	7.682302E+3	-1.732390E+4
7.431000E+1	5.995187E+0	3.010930E+0	5.995615E+0	3.154804E-1	2.339450E+3	-1.844295E+3	4.594745E+3	-2.994970E+3	6.508775E+3	-1.063740E+4	7.682760E+3	-1.732390E+4
7.432000E+1	5.986067E+0	2.864883E+0	5.986495E+0	3.153874E-1	2.339679E+3	-1.844180E+3	4.594630E+3	-2.994741E+3	6.508890E+3	-1.063740E+4	7.683218E+3	-1.732390E+4
7.433000E+1	5.976504E+0	3.063031E+0	5.976932E+0	3.152898E-1	2.338500E+3	-1.844637E+3	4.596410E+3	-2.995393E+3	6.512396E+3	-1.064007E+4	7.680857E+3	-1.732499E+4
7.434000E+1	5.966501E+0	3.128922E+0	5.966929E+0	3.151877E-1	2.341503E+3	-1.840745E+3	4.596410E+3	-2.996450E+3	6.514677E+3	-1.064094E+4	7.680469E+3	-1.732374E+4
7.435000E+1	5.956403E+0	3.035304E+0	5.956831E+0	3.150847E-1	2.341159E+3	-1.841432E+3	4.596410E+3	-2.996450E+3	6.515021E+3	-1.064060E+4	7.681844E+3	-1.732340E+4
7.436000E+1	5.946061E+0	2.922291E+0	5.946489E+0	3.149792E-1	2.340816E+3	-1.842119E+3	4.596410E+3	-2.996450E+3	6.515364E+3	-1.064027E+4	7.683218E+3	-1.732307E+4
7.437000E+1	5.934971E+0	2.981080E+0	5.935399E+0	3.148660E-1	2.340472E+3	-1.842806E+3	4.596410E+3	-2.996450E+3	6.515708E+3	-1.063993E+4	7.684592E+3	-1.732273E+4
7.438000E+1	5.923504E+0	3.088529E+0	5.923932E+0	3.147490E-1	2.340129E+3	-1.843493E+3	4.596410E+3	-2.996450E+3	6.516051E+3	-1.063960E+4	7.685966E+3	-1.732240E+4
7.439000E+1	5.912479E+0	2.997270E+0	5.912907E+0	3.146365E-1	2.339890E+3	-1.844180E+3	4.596410E+3	-2.996380E+3	6.516430E+3	-1.063937E+4	7.687270E+3	-1.732210E+4
7.440000E+1	5.901625E+0	2.904019E+0	5.902053E+0	3.145257E-1	2.340577E+3	-1.844867E+3	4.596410E+3	-2.995693E+3	6.517117E+3	-1.064004E+4	7.687957E+3	-1.732210E+4
7.441000E+1	5.890915E+0	2.926167E+0	5.891343E+0	3.144164E-1	2.341264E+3	-1.845554E+3	4.596410E+3	-2.995006E+3	6.517804E+3	-1.064070E+4	7.688644E+3	-1.732210E+4
7.442000E+1	5.880841E+0	3.002080E+0	5.881269E+0	3.143136E-1	2.341354E+3	-1.845486E+3	4.596252E+3	-2.994600E+3	6.518052E+3	-1.064142E+4	7.688892E+3	-1.732225E+4
7.443000E+1	5.871078E+0	3.091590E+0	5.871506E+0	3.142140E-1	2.340581E+3	-1.844327E+3	4.595866E+3	-2.994600E+3	6.517666E+3	-1.064219E+4	7.688506E+3	-1.732263E+4
7.444000E+1	5.860907E+0	2.966703E+0	5.861335E+0	3.141102E-1	2.339808E+3	-1.843167E+3	4.595479E+3	-2.994600E+3	6.517279E+3	-1.064296E+4	7.688119E+3	-1.732301E+4
7.445000E+1	5.850672E+0	2.912426E+0	5.851100E+0	3.140058E-1	2.339035E+3	-1.842008E+3	4.595093E+3	-2.994600E+3	6.516893E+3	-1.064373E+4	7.687733E+3	-1.732338E+4
7.446000E+1	5.840569E+0	3.014053E+0	5.840997E+0	3.139027E-1	2.338262E+3	-1.840849E+3	4.594706E+3	-2.994600E+3	6.516506E+3	-1.064451E+4	7.687346E+3	-1.732376E+4
7.447000E+1	5.830471E+0	3.012295E+0	5.830899E+0	3.137997E-1	2.337970E+3	-1.840650E+3	4.595041E+3	-2.994360E+3	6.516600E+3	-1.064432E+4	7.687921E+3	-1.732390E+4
7.448000E+1	5.820054E+0	2.979651E+0	5.820482E+0	3.136934E-1	2.337970E+3	-1.841037E+3	4.595813E+3	-2.993973E+3	6.516987E+3	-1.064355E+4	7.689080E+3	-1.732390E+4
7.449000E+1	5.809672E+0	2.900100E+0	5.810100E+0	3.135874E-1	2.337970E+3	-1.841423E+3	4.596586E+3	-2.993587E+3	6.517373E+3	-1.064277E+4	7.690240E+3	-1.732390E+4
7.450000E+1	5.799298E+0	3.008087E+0	5.799726E+0	3.134816E-1	2.337970E+3	-1.841810E+3	4.597359E+3	-2.993200E+3	6.517760E+3	-1.064200E+4	7.691399E+3	-1.732390E+4
7.451000E+1	5.789047E+0	3.056034E+0	5.789475E+0	3.133770E-1	2.337970E+3	-1.842196E+3	4.598132E+3	-2.992814E+3	6.518146E+3	-1.064123E+4	7.692558E+3	-1.732390E+4
7.452000E+1	5.778604E+0	2.958931E+0	5.779032E+0	3.132704E-1	2.338077E+3	-1.842580E+3	4.598153E+3	-2.992750E+3	6.518210E+3	-1.064110E+4	7.692643E+3	-1.732380E+4
7.453000E+1	5.768112E+0	2.920423E+0	5.768540E+0	3.131634E-1	2.338205E+3	-1.842964E+3	4.598025E+3	-2.992750E+3	6.518210E+3	-1.064110E+4	7.692515E+3	-1.732367E+4
7.454000E+1	5.757727E+0	2.900068E+0	5.758155E+0	3.130574E-1	2.338333E+3	-1.843348E+3	4.597897E+3	-2.992750E+3	6.518210E+3	-1.064110E+4	7.692387E+3	-1.732355E+4
7.455000E+1	5.747202E+0	3.020321E+0	5.747630E+0	3.129500E-1	2.338461E+3	-1.843732E+3	4.597769E+3	-2.992750E+3	6.518210E+3	-1.064110E+4	7.692259E+3	-1.732342E+4
7.456000E+1	5.736756E+0	2.948788E+0	5.737184E+0	3.128434E-1	2.338588E+3	-1.844115E+3	4.597642E+3	-2.992750E+3	6.518210E+3	-1.064110E+4	7.692132E+3	-1.732330E+4
7.457000E+1	5.726834E+0	2.848040E+0	5.727262E+0	3.127421E-1	2.338716E+3	-1.844499E+3	4.597514E+3	-2.992750E+3	6.518210E+3	-1.064110E+4	7.692004E+3	-1.732317E+4
7.458000E+1	5.717405E+0	2.889337E+0	5.717833E+0	3.126459E-1	2.338844E+3	-1.844883E+3	4.597386E+3	-2.992750E+3	6.518210E+3	-1.064110E+4	7.691876E+3	-1.732305E+4
7.459000E+1	5.708011E+0	3.005296E+0	5.708439E+0	3.125501E-1	2.338972E+3	-1.845267E+3	4.597258E+3	-2.992750E+3	6.518210E+3	-1.064110E+4	7.691748E+3	-1.732292E+4
7.460000E+1	5.698311E+0	3.004096E+0	5.698739E+0	3.124511E-1	2.339100E+3	-1.845651E+3	4.597130E+3	-2.992750E+3	6.518210E+3	-1.064110E+4	7.691620E+3	-1.732280E+4
7.461000E+1	5.688374E+0	2.964841E+0	5.688802E+0	3.123497E-1	2.339228E+3	-1.846034E+3	4.597002E+3	-2.992750E+3	6.518210E+3	-1.064110E+4	7.691492E+3	-1.732268E+4
7.462000E+1	5.678235E+0	2.837965E+0	5.678663E+0	3.122462E-1	2.339356E+3	-1.846418E+3	4.596874E+3	-2.992750E+3	6.518210E+3	-1.064110E+4	7.691364E+3	-1.732255E+4
7.463000E+1	5.668345E+0	2.989760E+0	5.668773E+0	3.121453E-1	2.339484E+3	-1.846802E+3	4.596746E+3	-2.992750E+3	6.518210E+3	-1.064110E+4	7.691236E+3	-1.732243E+4
7.464000E+1	5.658451E+0	2.997397E+0	5.658879E+0	3.120444E-1	2.339612E+3	-1.847186E+3	4.596618E+3	-2.992750E+3	6.518210E+3	-1.064110E+4	7.691108E+3	-1.732230E+4
7.465000E+1	5.648296E+0	2.947976E+0	5.648724E+0	3.119407E-1	2.339740E+3	-1.847569E+3	4.596490E+3	-2.992750E+3	6.518210E+3	-1.064110E+4	7.690980E+3	-1.732218E+4
7.466000E+1	5.638053E+0	2.855895E+0	5.638481E+0	3.118362E-1	2.338044E+3	-1.845663E+3	4.596410E+3	-2.992676E+3	6.525610E+3	-1.063945E+4	7.698374E+3	-1.732210E+4
7.467000E+1	5.628062E+0	2.926661E+0	5.628490E+0	3.117343E-1	2.338317E+3	-1.844574E+3	4.596410E+3	-2.992405E+3	6.525610E+3	-1.063999E+4	7.698647E+3	-1.732210E+4
7.468000E+1	5.618360E+0	3.050513E+0	5.618788E+0	3.116353E-1	2.338590E+3	-1.843485E+3	4.596410E+3	-2.992134E+3	6.525610E+3	-1.064054E+4	7.698920E+3	-1.732210E+4
7.469000E+1	5.608687E+0	3.056780E+0	5.609116E+0	3.115366E-1	2.338862E+3	-1.842395E+3	4.596410E+3	-2.991862E+3	6.525610E+3	-1.064108E+4	7.699192E+3	-1.732210E+4
7.470000E+1	5.598397E+0	2.967806E+0	5.598825E+0	3.114316E-1	2.339135E+3	-1.841306E+3	4.596410E+3	-2.991591E+3	6.525610E+3	-1.064163E+4	7.699465E+3	-1.732210E+4
7.471000E+1	5.587903E+0	2.974605E+0	5.588331E+0	3.113245E-1	2.339408E+3	-1.840217E+3	4.596410E+3	-2.991320E+3	6.525610E+3	-1.064218E+4	7.699738E+3	-1.732210E+4
7.472000E+1	5.578047E+0	3.000773E+0	5.578475E+0	3.112239E-1	2.339680E+3	-1.839127E+3	4.596410E+3	-2.991049E+3	6.525610E+3	-1.064272E+4	7.700010E+3	-1.732210E+4
7.473000E+1	5.568052E+0	3.003482E+0	5.568480E+0	3.111219E-1	2.338302E+3	-1.841597E+3	4.597928E+3	-2.989392E+3	6.525610E+3	-1.064448E+4	7.698632E+3	-1.732358E+4
7.474000E+1	5.557799E+0	2.878427E+0	5.558227E+0	3.110173E-1	2.338322E+3	-1.842612E+3	4.597908E+3	-2.989412E+3	6.525610E+3	-1.064446E+4	7.699005E+3	-1.732390E+4
7.475000E+1	5.548271E+0	2.852155E+0	5.548699E+0	3.109201E-1	2.338717E+3	-1.843007E+3	4.597513E+3	-2.989807E+3	6.525610E+3	-1.064407E+4	7.699794E+3	-1.732390E+4
7.476000E+1	5.538181E+0	2.970914E+0	5.538609E+0	3.108171E-1	2.339112E+3	-1.843402E+3	4.597118E+3	-2.990202E+3	6.525610E+3	-1.064369E+4	7.700584E+3	-1.732390E+4
7.477000E+1	5.528613E+0	3.005130E+0	5.529041E+0	3.107195E-1	2.339507E+3	-1.843797E+3	4.596723E+3	-2.990597E+3	6.525610E+3	-1.064330E+4	7.701373E+3	-1.732390E+4
7.478000E+1	5.520306E+0	2.929706E+0	5.520734E+0	3.106347E-1	2.339820E+3	-1.844110E+3	4.596410E+3	-2.990910E+3	6.525679E+3	-1.064307E+4	7.701931E+3	-1.732383E+4
7.479000E+1	5.512038E+0	2.841822E+0	5.512467E+0	3.105504E-1	2.339820E+3	-1.844110E+3	4.596410E+3	-2.990910E+3	6.526017E+3	-1.064340E+4	7.701593E+3	-1.732350E+4
7.480000E+1	5.503583E+0	2.931233E+0	5.504011E+0	3.104641E-1	2.339820E+3	-1.844110E+3	4.596410E+3	-2.990910E+3	6.526354E+3	-1.064372E+4	7.701256E+3	-1.732318E+4
7.481000E+1	5.494676E+0	2.963397E+0	5.495104E+0	3.103732E-1	2.339820E+3	-1.844110E+3	4.596410E+3	-2.990910E+3	6.526691E+3	-1.064405E+4	7.700919E+3	-1.732285E+4
7.482000E+1	5.485717E+0	2.927413E+0	5.486145E+0	3.102818E-1	2.339820E+3	-1.844110E+3	4.596410E+3	-2.990910E+3	6.527028E+3	-1.064438E+4	7.700582E+3	-1.732252E+4
7.483000E+1	5.476690E+0	2.843671E+0	5.477118E+0	3.101897E-1	2.339820E+3	-1.844110E+3	4.596410E+3	-2.990910E+3	6.527366E+3	-1.064471E+4	7.700244E+3	-1.732219E+4
7.484000E+1	5.467227E+0	2.950800E+0	5.467655E+0	3.100931E-1	2.339820E+3	-1.847810E+3	4.598372E+3	-2.992750E+3	6.531385E+3	-1.064278E+4	7.702561E+3	-1.732009E+4
7.485000E+1	5.457159E+0	3.026041E+0	5.457587E+0	3.099904E-1	2.339820E+3	-1.847810E+3	4.598528E+3	-2.992750E+3	6.531696E+3	-1.064246E+4	7.703341E+3	-1.731994E+4
7.486000E+1	5.446558E+0	2.991153E+0	5.446986E+0	3.098822E-1	2.339820E+3	-1.847810E+3	4.598684E+3	-2.992750E+3	6.532008E+3	-1.064215E+4	7.704120E+3	-1.731979E+4
7.487000E+1	5.435625E+0	2.919895E+0	5.436053E+0	3.097706E-1	2.339820E+3	-1.847810E+3	4.598840E+3	-2.992750E+3	6.532320E+3	-1.064184E+4	7.704899E+3	-1.731964E+4
7.488000E+1	5.425155E+0	2.940192E+0	5.425583E+0	3.096638E-1	2.339820E+3	-1.847810E+3	4.598996E+3	-2.992750E+3	6.532631E+3	-1.064153E+4	7.705678E+3	-1.731948E+4
7.489000E+1	5.415381E+0	3.025856E+0	5.415809E+0	3.095641E-1	2.339820E+3	-1.847810E+3	4.599151E+3	-2.992750E+3	6.532943E+3	-1.064122E+4	7.706457E+3	-1.731933E+4
7.490000E+1	5.406008E+0	2.990619E+0	5.406436E+0	3.094684E-1	2.339820E+3	-1.847810E+3	4.599307E+3	-2.992750E+3	6.533255E+3	-1.064091E+4	7.707236E+3	-1.731918E+4
7.491000E+1	5.396503E+0	2.850560E+0	5.396931E+0	3.093714E-1	2.339820E+3	-1.847810E+3	4.599463E+3	-2.992750E+3	6.533566E+3	-1.064059E+4	7.708016E+3	-1.731903E+4
7.492000E+1	5.386902E+0	2.800542E+0	5.387330E+0	3.092735E-1	2.339820E+3	-1.847810E+3	4.599619E+3	-2.992750E+3	6.533878E+3	-1.064028E+4	7.708795E+3	-1.731888E+4
7.493000E+1	5.377651E+0	2.968382E+0	5.378079E+0	3.091791E-1	2.339820E+3	-1.847810E+3	4.599775E+3	-2.992750E+3	6.534190E+3	-1.063997E+4	7.709574E+3	-1.731873E+4
7.494000E+1	5.368131E+0	2.990929E+0	5.368559E+0	3.090819E-1	2.339820E+3	-1.847810E+3	4.599931E+3	-2.992750E+3	6.534501E+3	-1.063966E+4	7.710353E+3	-1.731857E+4
7.495000E+1	5.358641E+0	2.945450E+0	5.359069E+0	3.089851E-1	2.339820E+3	-1.847810E+3	4.600086E+3	-2.992750E+3	6.534813E+3	-1.063935E+4	7.711132E+3	-1.731842E+4
7.496000E+1	5.348768E+0	2.831481E+0	5.349196E+0	3.088843E-1	2.339820E+3	-1.838570E+3	4.600110E+3	-2.989086E+3	6.533063E+3	-1.064477E+4	7.709453E+3	-1.732210E+4
7.497000E+1	5.338759E+0	2.900900E+0	5.339187E+0	3.087822E-1	2.339820E+3	-1.838570E+3	4.600110E+3	-2.989588E+3	6.534066E+3	-1.064429E+4	7.710456E+3	-1.732210E+4
7.498000E+1	5.328895E+0	3.024105E+0	5.329323E+0	3.086815E-1	2.339820E+3	-1.838570E+3	4.600110E+3	-2.990090E+3	6.535069E+3	-1.064380E+4	7.711459E+3	-1.732210E+4
7.499000E+1	5.318218E+0	2.920212E+0	5.318646E+0	3.085726E-1	2.339820E+3	-1.838570E+3	4.600110E+3	-2.990591E+3	6.536072E+3	-1.064331E+4	7.712462E+3	-1.732210E+4
7.500000E+1	5.306827E+0	2.893410E+0	5.307255E+0	3.084564E-1	2.339977E+3	-1.838883E+3	4.599953E+3	-2.990910E+3	6.537024E+3	-1.064315E+4	7.712943E+3	-1.732194E+4
7.501000E+1	5.295755E+0	2.976818E+0	5.296183E+0	3.083434E-1	2.340408E+3	-1.839744E+3	4.599522E+3	-2.990910E+3	6.537887E+3	-1.064357E+4	7.712512E+3	-1.732150E+4
7.502000E+1	5.285159E+0	3.015141E+0	5.285587E+0	3.082353E-1	2.340840E+3	-1.840604E+3	4.599090E+3	-2.990910E+3	6.538750E+3	-1.064399E+4	7.712080E+3	-1.732105E+4
7.503000E+1	5.274866E+0	2.963427E+0	5.275294E+0	3.081302E-1	2.341271E+3	-1.841465E+3	4.598659E+3	-2.990910E+3	6.539613E+3	-1.064441E+4	7.711649E+3	-1.732061E+4
7.504000E+1	5.264843E+0	2.871260E+0	5.265271E+0	3.080280E-1	2.341699E+3	-1.842319E+3	4.598289E+3	-2.990910E+3	6.540469E+3	-1.064474E+4	7.711308E+3	-1.732017E+4
7.505000E+1	5.254031E+0	2.870387E+0	5.254459E+0	3.079176E-1	2.342086E+3	-1.843091E+3	4.598676E+3	-2.990910E+3	6.541241E+3	-1.064397E+4	7.712079E+3	-1.731980E+4
7.506000E+1	5.243189E+0	2.984409E+0	5.243617E+0	3.078070E-1	2.342472E+3	-1.843864E+3	4.599062E+3	-2.990910E+3	6.542014E+3	-1.064320E+4	7.712850E+3	-1.731942E+4
7.507000E+1	5.232958E+0	2.996032E+0	5.233386E+0	3.077026E-1	2.342859E+3	-1.844637E+3	4.599449E+3	-2.990910E+3	6.542787E+3	-1.064242E+4	7.713621E+3	-1.731904E+4
7.508000E+1	5.222531E+0	2.868123E+0	5.222959E+0	3.075962E-1	2.343245E+3	-1.845410E+3	4.599835E+3	-2.990910E+3	6.543560E+3	-1.064165E+4	7.714392E+3	-1.731867E+4
7.509000E+1	5.212949E+0	2.776778E+0	5.213377E+0	3.074984E-1	2.343520E+3	-1.845960E+3	4.600176E+3	-2.990844E+3	6.544110E+3	-1.064110E+4	7.715204E+3	-1.731833E+4
7.510000E+1	5.203547E+0	2.945412E+0	5.203975E+0	3.074025E-1	2.343520E+3	-1.845960E+3	4.600405E+3	-2.990615E+3	6.544110E+3	-1.064110E+4	7.716120E+3	-1.731810E+4
7.511000E+1	5.194749E+0	2.965651E+0	5.195177E+0	3.073127E-1	2.343520E+3	-1.845960E+3	4.600634E+3	-2.990386E+3	6.544110E+3	-1.064110E+4	7.717036E+3	-1.731786E+4
7.512000E+1	5.185815E+0	2.868420E+0	5.186243E+0	3.072215E-1	2.343520E+3	-1.845960E+3	4.600863E+3	-2.990157E+3	6.544110E+3	-1.064110E+4	7.717952E+3	-1.731763E+4
7.513000E+1	5.176600E+0	2.855279E+0	5.177029E+0	3.071275E-1	2.343520E+3	-1.845960E+3	4.601092E+3	-2.989928E+3	6.544110E+3	-1.064110E+4	7.718868E+3	-1.731739E+4
7.514000E+1	5.167342E+0	2.986323E+0	5.167770E+0	3.070330E-1	2.343520E+3	-1.845960E+3	4.601321E+3	-2.989699E+3	6.544110E+3	-1.064110E+4	7.719784E+3	-1.731716E+4
7.515000E+1	5.157898E+0	3.027147E+0	5.158326E+0	3.069367E-1	2.343520E+3	-1.845960E+3	4.601550E+3	-2.989470E+3	6.544110E+3	-1.064110E+4	7.720700E+3	-1.731692E+4
7.516000E+1	5.148357E+0	2.960726E+0	5.148785E+0	3.068393E-1	2.343520E+3	-1.845960E+3	4.601779E+3	-2.989241E+3	6.544110E+3	-1.064110E+4	7.721616E+3	-1.731669E+4
7.517000E+1	5.138637E+0	2.867363E+0	5.139065E+0	3.067401E-1	2.341470E+3	-1.842260E+3	4.601960E+3	-2.985460E+3	6.545960E+3	-1.064490E+4	7.720590E+3	-1.731650E+4
7.518000E+1	5.129012E+0	2.952615E+0	5.129441E+0	3.066419E-1	2.340519E+3	-1.842260E+3	4.601960E+3	-2.985935E+3	6.545960E+3	-1.064539E+4	7.721065E+3	-1.731650E+4
7.519000E+1	5.119705E+0	3.030149E+0	5.120133E+0	3.065470E-1	2.339568E+3	-1.842260E+3	4.601960E+3	-2.986411E+3	6.545960E+3	-1.064588E+4	7.721541E+3	-1.731650E+4
7.520000E+1	5.110235E+0	3.032624E+0	5.110664E+0	3.064503E-1	2.338616E+3	-1.842260E+3	4.601960E+3	-2.986887E+3	6.545960E+3	-1.064637E+4	7.722017E+3	-1.731650E+4
7.521000E+1	5.100390E+0	2.934686E+0	5.100818E+0	3.063499E-1	2.338172E+3	-1.842462E+3	4.601960E+3	-2.987210E+3	6.545960E+3	-1.064650E+4	7.722441E+3	-1.731650E+4
7.522000E+1	5.090980E+0	2.854774E+0	5.091408E+0	3.062538E-1	2.338800E+3	-1.843090E+3	4.601960E+3	-2.987210E+3	6.545960E+3	-1.064587E+4	7.722755E+3	-1.731650E+4
7.523000E+1	5.081641E+0	2.967938E+0	5.082069E+0	3.061585E-1	2.339429E+3	-1.843719E+3	4.601960E+3	-2.987210E+3	6.545960E+3	-1.064524E+4	7.723070E+3	-1.731650E+4
7.524000E+1	5.072743E+0	2.964917E+0	5.073171E+0	3.060677E-1	2.340058E+3	-1.844348E+3	4.601960E+3	-2.987210E+3	6.545960E+3	-1.064461E+4	7.723384E+3	-1.731650E+4
7.525000E+1	5.063201E+0	2.925196E+0	5.063629E+0	3.059704E-1	2.340687E+3	-1.844977E+3	4.601960E+3	-2.987210E+3	6.545960E+3	-1.064398E+4	7.723698E+3	-1.731650E+4
7.526000E+1	5.052872E+0	2.825533E+0	5.053301E+0	3.058650E-1	2.341315E+3	-1.845605E+3	4.601960E+3	-2.987210E+3	6.545960E+3	-1.064335E+4	7.724013E+3	-1.731650E+4
7.527000E+1	5.042750E+0	2.895981E+0	5.043178E+0	3.057617E-1	2.342096E+3	-1.846386E+3	4.601960E+3	-2.987636E+3	6.546812E+3	-1.064300E+4	7.723338E+3	-1.731650E+4
7.528000E+1	5.032762E+0	2.971444E+0	5.033190E+0	3.056598E-1	2.343072E+3	-1.847362E+3	4.601960E+3	-2.988612E+3	6.548764E+3	-1.064300E+4	7.721386E+3	-1.731650E+4
7.529000E+1	5.023254E+0	2.925812E+0	5.023682E+0	3.055628E-1	2.343311E+3	-1.847810E+3	4.601960E+3	-2.989060E+3	6.549869E+3	-1.064279E+4	7.720908E+3	-1.731630E+4
7.530000E+1	5.014081E+0	2.874551E+0	5.014509E+0	3.054692E-1	2.342924E+3	-1.847810E+3	4.601960E+3	-2.989060E+3	6.550256E+3	-1.064239E+4	7.721681E+3	-1.731592E+4
7.531000E+1	5.005136E+0	2.947505E+0	5.005564E+0	3.053779E-1	2.342538E+3	-1.847810E+3	4.601960E+3	-2.989060E+3	6.550642E+3	-1.064199E+4	7.722454E+3	-1.731554E+4
7.532000E+1	4.995662E+0	2.995188E+0	4.996090E+0	3.052812E-1	2.342152E+3	-1.847810E+3	4.601960E+3	-2.989060E+3	6.551028E+3	-1.064159E+4	7.723227E+3	-1.731517E+4
7.533000E+1	4.985076E+0	2.986068E+0	4.985504E+0	3.051732E-1	2.341765E+3	-1.847810E+3	4.601960E+3	-2.989060E+3	6.551415E+3	-1.064120E+4	7.724000E+3	-1.731479E+4
7.534000E+1	4.974223E+0	2.800929E+0	4.974651E+0	3.050624E-1	2.341988E+3	-1.847492E+3	4.601960E+3	-2.989060E+3	6.551510E+3	-1.064143E+4	7.725143E+3	-1.731470E+4
7.535000E+1	4.963755E+0	2.823257E+0	4.964183E+0	3.049556E-1	2.342409E+3	-1.847071E+3	4.601960E+3	-2.989060E+3	6.551510E+3	-1.064186E+4	7.726407E+3	-1.731470E+4
7.536000E+1	4.952951E+0	2.951125E+0	4.953379E+0	3.048454E-1	2.342830E+3	-1.846650E+3	4.601960E+3	-2.989060E+3	6.551510E+3	-1.064229E+4	7.727671E+3	-1.731470E+4
7.537000E+1	4.942430E+0	2.965516E+0	4.942858E+0	3.047380E-1	2.343251E+3	-1.846229E+3	4.601960E+3	-2.989060E+3	6.551510E+3	-1.064272E+4	7.728934E+3	-1.731470E+4
7.538000E+1	4.932578E+0	2.920041E+0	4.933006E+0	3.046375E-1	2.343520E+3	-1.845891E+3	4.602029E+3	-2.988991E+3	6.551510E+3	-1.064321E+4	7.729671E+3	-1.731477E+4
7.539000E+1	4.922797E+0	2.885682E+0	4.923225E+0	3.045377E-1	2.343520E+3	-1.845699E+3	4.602221E+3	-2.988799E+3	6.551510E+3	-1.064377E+4	7.729479E+3	-1.731495E+4
7.540000E+1	4.912486E+0	2.945295E+0	4.912914E+0	3.044325E-1	2.343520E+3	-1.845508E+3	4.602412E+3	-2.988608E+3	6.551510E+3	-1.064434E+4	7.729288E+3	-1.731514E+4
7.541000E+1	4.901793E+0	3.024527E+0	4.902221E+0	3.043234E-1	2.343520E+3	-1.845317E+3	4.602603E+3	-2.988417E+3	6.551510E+3	-1.064491E+4	7.729097E+3	-1.731533E+4
7.542000E+1	4.891720E+0	2.996393E+0	4.892148E+0	3.042206E-1	2.343520E+3	-1.845125E+3	4.602795E+3	-2.988225E+3	6.551510E+3	-1.064548E+4	7.728905E+3	-1.731551E+4
7.543000E+1	4.881967E+0	2.838540E+0	4.882395E+0	3.041211E-1	2.343520E+3	-1.844934E+3	4.602986E+3	-2.988034E+3	6.551510E+3	-1.064605E+4	7.728714E+3	-1.731570E+4
7.544000E+1	4.871709E+0	2.844837E+0	4.872137E+0	3.040164E-1	2.343520E+3	-1.844743E+3	4.603177E+3	-2.987843E+3	6.551510E+3	-1.064662E+4	7.728523E+3	-1.731588E+4
7.545000E+1	4.861511E+0	3.000811E+0	4.861939E+0	3.039123E-1	2.343520E+3	-1.844552E+3	4.603368E+3	-2.987652E+3	6.551510E+3	-1.064719E+4	7.728332E+3	-1.731607E+4
7.546000E+1	4.851403E+0	2.935288E+0	4.851831E+0	3.038092E-1	2.343520E+3	-1.844360E+3	4.603560E+3	-2.987460E+3	6.551510E+3	-1.064776E+4	7.728140E+3	-1.731626E+4
7.547000E+1	4.842036E+0	2.814939E+0	4.842464E+0	3.037136E-1	2.343520E+3	-1.844169E+3	4.603751E+3	-2.987269E+3	6.551510E+3	-1.064832E+4	7.727949E+3	-1.731644E+4
7.548000E+1	4.833086E+0	2.893214E+0	4.833514E+0	3.036223E-1	2.341670E+3	-1.844281E+3	4.603810E+3	-2.985360E+3	6.553531E+3	-1.064480E+4	7.731761E+3	-1.731822E+4
7.549000E+1	4.824025E+0	2.976263E+0	4.824453E+0	3.035298E-1	2.341670E+3	-1.844528E+3	4.603810E+3	-2.985360E+3	6.553778E+3	-1.064480E+4	7.732008E+3	-1.731797E+4
7.550000E+1	4.814715E+0	2.968940E+0	4.815143E+0	3.034348E-1	2.341670E+3	-1.844776E+3	4.603810E+3	-2.985360E+3	6.554026E+3	-1.064480E+4	7.732256E+3	-1.731772E+4
7.551000E+1	4.805144E+0	2.897588E+0	4.805572E+0	3.033371E-1	2.341670E+3	-1.845023E+3	4.603810E+3	-2.985360E+3	6.554273E+3	-1.064480E+4	7.732503E+3	-1.731746E+4
7.552000E+1	4.795511E+0	2.833697E+0	4.795939E+0	3.032389E-1	2.341670E+3	-1.845270E+3	4.603810E+3	-2.985360E+3	6.554520E+3	-1.064480E+4	7.732750E+3	-1.731721E+4
7.553000E+1	4.785450E+0	2.947637E+0	4.785878E+0	3.031362E-1	2.341670E+3	-1.845518E+3	4.603810E+3	-2.985360E+3	6.554768E+3	-1.064480E+4	7.732998E+3	-1.731695E+4
7.554000E+1	4.775040E+0	2.956462E+0	4.775468E+0	3.030300E-1	2.341670E+3	-1.845765E+3	4.603810E+3	-2.985360E+3	6.555015E+3	-1.064480E+4	7.733245E+3	-1.731670E+4
7.555000E+1	4.764598E+0	2.929997E+0	4.765026E+0	3.029234E-1	2.343520E+3	-1.847810E+3	4.603810E+3	-2.987210E+3	6.561064E+3	-1.064622E+4	7.734068E+3	-1.731265E+4
7.556000E+1	4.753634E+0	2.850831E+0	4.754062E+0	3.028115E-1	2.343520E+3	-1.847810E+3	4.603810E+3	-2.987210E+3	6.562548E+3	-1.064398E+4	7.737036E+3	-1.731193E+4
7.557000E+1	4.742813E+0	2.912305E+0	4.743241E+0	3.027011E-1	2.343520E+3	-1.847810E+3	4.603810E+3	-2.987210E+3	6.564032E+3	-1.064173E+4	7.740004E+3	-1.731120E+4
7.558000E+1	4.731914E+0	2.944364E+0	4.732342E+0	3.025899E-1	2.344087E+3	-1.847527E+3	4.604093E+3	-2.986643E+3	6.564733E+3	-1.064139E+4	7.741690E+3	-1.731100E+4
7.559000E+1	4.719761E+0	2.892485E+0	4.720189E+0	3.024659E-1	2.344876E+3	-1.847132E+3	4.604488E+3	-2.985854E+3	6.565128E+3	-1.064180E+4	7.742875E+3	-1.731100E+4
7.560000E+1	4.707362E+0	2.805046E+0	4.707790E+0	3.023394E-1	2.345666E+3	-1.846737E+3	4.604883E+3	-2.985064E+3	6.565523E+3	-1.064220E+4	7.744059E+3	-1.731100E+4
7.561000E+1	4.695289E+0	2.919727E+0	4.695717E+0	3.022162E-1	2.346455E+3	-1.846342E+3	4.605278E+3	-2.984275E+3	6.565918E+3	-1.064261E+4	7.745243E+3	-1.731100E+4
7.562000E+1	4.683893E+0	2.988053E+0	4.684321E+0	3.020999E-1	2.347200E+3	-1.845940E+3	4.605680E+3	-2.983510E+3	6.566300E+3	-1.064306E+4	7.746370E+3	-1.731102E+4
7.563000E+1	4.673846E+0	2.980445E+0	4.674274E+0	3.019974E-1	2.346537E+3	-1.845277E+3	4.606343E+3	-2.983510E+3	6.566300E+3	-1.064503E+4	7.745707E+3	-1.731166E+4
7.564000E+1	4.664487E+0	2.842940E+0	4.664915E+0	3.019019E-1	2.345875E+3	-1.844615E+3	4.607005E+3	-2.983510E+3	6.566300E+3	-1.064700E+4	7.745045E+3	-1.731231E+4
7.565000E+1	4.655347E+0	2.895538E+0	4.655775E+0	3.018086E-1	2.345186E+3	-1.844294E+3	4.607418E+3	-2.983418E+3	6.566208E+3	-1.064832E+4	7.744724E+3	-1.731280E+4
7.566000E+1	4.646191E+0	2.946453E+0	4.646619E+0	3.017152E-1	2.344413E+3	-1.845067E+3	4.607031E+3	-2.983031E+3	6.565821E+3	-1.064754E+4	7.745497E+3	-1.731280E+4
7.567000E+1	4.637245E+0	2.907127E+0	4.637673E+0	3.016239E-1	2.343640E+3	-1.845840E+3	4.606645E+3	-2.982645E+3	6.565435E+3	-1.064677E+4	7.746270E+3	-1.731280E+4
7.568000E+1	4.627846E+0	2.858724E+0	4.628274E+0	3.015280E-1	2.342867E+3	-1.846613E+3	4.606259E+3	-2.982259E+3	6.565049E+3	-1.064600E+4	7.747043E+3	-1.731280E+4
7.569000E+1	4.618671E+0	2.771218E+0	4.619099E+0	3.014344E-1	2.342094E+3	-1.847386E+3	4.605872E+3	-2.981872E+3	6.564662E+3	-1.064522E+4	7.747816E+3	-1.731280E+4
7.570000E+1	4.610612E+0	2.848209E+0	4.611040E+0	3.013521E-1	2.341850E+3	-1.847720E+3	4.605660E+3	-2.981660E+3	6.564450E+3	-1.064480E+4	7.748060E+3	-1.731289E+4
7.571000E+1	4.602566E+0	2.966143E+0	4.602994E+0	3.012700E-1	2.342250E+3	-1.847520E+3	4.605660E+3	-2.981660E+3	6.564450E+3	-1.064480E+4	7.747660E+3	-1.731310E+4
7.572000E+1	4.595123E+0	2.936834E+0	4.595551E+0	3.011941E-1	2.342649E+3	-1.847320E+3	4.605660E+3	-2.981660E+3	6.564450E+3	-1.064480E+4	7.747261E+3	-1.731330E+4
7.573000E+1	4.589616E+0	2.859351E+0	4.590044E+0	3.011379E-1	2.343049E+3	-1.847120E+3	4.605660E+3	-2.981660E+3	6.564450E+3	-1.064480E+4	7.746861E+3	-1.731351E+4
7.574000E+1	4.585903E+0	2.924310E+0	4.586331E+0	3.011000E-1	2.343449E+3	-1.846921E+3	4.605660E+3	-2.981660E+3	6.564450E+3	-1.064480E+4	7.746461E+3	-1.731371E+4
7.575000E+1	4.583498E+0	2.956131E+0	4.583926E+0	3.010755E-1	2.343848E+3	-1.846721E+3	4.605660E+3	-2.981660E+3	6.564450E+3	-1.064480E+4	7.746062E+3	-1.731392E+4
7.576000E+1	4.582373E+0	2.796849E+0	4.582801E+0	3.010640E-1	2.344248E+3	-1.846521E+3	4.605660E+3	-2.981660E+3	6.564450E+3	-1.064480E+4	7.745662E+3	-1.731412E+4
7.577000E+1	4.581936E+0	2.789713E+0	4.582364E+0	3.010595E-1	2.344647E+3	-1.846321E+3	4.605660E+3	-2.981660E+3	6.564450E+3	-1.064480E+4	7.745263E+3	-1.731433E+4
7.578000E+1	4.581660E+0	3.087403E+0	4.582088E+0	3.010567E-1	2.345047E+3	-1.846122E+3	4.605660E+3	-2.981660E+3	6.564450E+3	-1.064480E+4	7.744863E+3	-1.731453E+4
7.579000E+1	4.581298E+0	2.805899E+0	4.581726E+0	3.010530E-1	2.345243E+3	-1.845960E+3	4.605533E+3	-2.982041E+3	6.564450E+3	-1.064480E+4	7.744159E+3	-1.731457E+4
7.580000E+1	4.581008E+0	2.924925E+0	4.581436E+0	3.010500E-1	2.344581E+3	-1.845960E+3	4.604871E+3	-2.984028E+3	6.564450E+3	-1.064480E+4	7.742172E+3	-1.731389E+4
7.581000E+1	4.580772E+0	2.843660E+0	4.581200E+0	3.010476E-1	2.343918E+3	-1.845960E+3	4.604208E+3	-2.986016E+3	6.564450E+3	-1.064480E+4	7.740184E+3	-1.731321E+4
7.582000E+1	4.580563E+0	2.972477E+0	4.580991E+0	3.010455E-1	2.342972E+3	-1.846234E+3	4.603810E+3	-2.987210E+3	6.564176E+3	-1.064453E+4	7.739538E+3	-1.731280E+4
7.583000E+1	4.580359E+0	2.933369E+0	4.580787E+0	3.010434E-1	2.341598E+3	-1.846921E+3	4.603810E+3	-2.987210E+3	6.563489E+3	-1.064386E+4	7.740912E+3	-1.731280E+4
7.584000E+1	4.580098E+0	2.892551E+0	4.580526E+0	3.010408E-1	2.340224E+3	-1.847608E+3	4.603810E+3	-2.987210E+3	6.562802E+3	-1.064320E+4	7.742286E+3	-1.731280E+4
7.585000E+1	4.579827E+0	2.840336E+0	4.580255E+0	3.010380E-1	2.339920E+3	-1.847910E+3	4.603810E+3	-2.987110E+3	6.562500E+3	-1.064320E+4	7.742690E+3	-1.731280E+4
7.586000E+1	4.579633E+0	3.045934E+0	4.580061E+0	3.010360E-1	2.340062E+3	-1.848052E+3	4.603810E+3	-2.986968E+3	6.562358E+3	-1.064348E+4	7.742690E+3	-1.731280E+4
7.587000E+1	4.579489E+0	2.900725E+0	4.579918E+0	3.010345E-1	2.340203E+3	-1.848193E+3	4.603810E+3	-2.986827E+3	6.562217E+3	-1.064377E+4	7.742690E+3	-1.731280E+4
7.588000E+1	4.579317E+0	2.959360E+0	4.579745E+0	3.010328E-1	2.340345E+3	-1.848335E+3	4.603810E+3	-2.986685E+3	6.562075E+3	-1.064405E+4	7.742690E+3	-1.731280E+4
7.589000E+1	4.579175E+0	2.756078E+0	4.579603E+0	3.010313E-1	2.340486E+3	-1.848476E+3	4.603810E+3	-2.986544E+3	6.561934E+3	-1.064433E+4	7.742690E+3	-1.731280E+4
7.590000E+1	4.579054E+0	3.055156E+0	4.579482E+0	3.010301E-1	2.340628E+3	-1.848618E+3	4.603810E+3	-2.986402E+3	6.561792E+3	-1.064462E+4	7.742690E+3	-1.731280E+4
7.591000E+1	4.578963E+0	2.962253E+0	4.579391E+0	3.010292E-1	2.340770E+3	-1.848760E+3	4.603810E+3	-2.986260E+3	6.561650E+3	-1.064490E+4	7.742690E+3	-1.731280E+4
7.592000E+1	4.578885E+0	2.878584E+0	4.579313E+0	3.010284E-1	2.340911E+3	-1.848901E+3	4.603810E+3	-2.986119E+3	6.561509E+3	-1.064518E+4	7.742690E+3	-1.731280E+4
7.593000E+1	4.578798E+0	2.883009E+0	4.579226E+0	3.010275E-1	2.341053E+3	-1.849043E+3	4.603810E+3	-2.985977E+3	6.561367E+3	-1.064547E+4	7.742690E+3	-1.731280E+4
7.594000E+1	4.578682E+0	2.896960E+0	4.579110E+0	3.010263E-1	2.341194E+3	-1.849184E+3	4.603810E+3	-2.985836E+3	6.561226E+3	-1.064575E+4	7.742690E+3	-1.731280E+4
7.595000E+1	4.578609E+0	3.025810E+0	4.579037E+0	3.010256E-1	2.341336E+3	-1.849326E+3	4.603810E+3	-2.985694E+3	6.561084E+3	-1.064603E+4	7.742690E+3	-1.731280E+4
7.596000E+1	4.578537E+0	2.957103E+0	4.578965E+0	3.010248E-1	2.341478E+3	-1.849468E+3	4.603810E+3	-2.985552E+3	6.560942E+3	-1.064632E+4	7.742690E+3	-1.731280E+4
7.597000E+1	4.578447E+0	2.791008E+0	4.578875E+0	3.010239E-1	2.341619E+3	-1.849609E+3	4.603810E+3	-2.985411E+3	6.560801E+3	-1.064660E+4	7.742690E+3	-1.731280E+4
7.598000E+1	4.578387E+0	2.883208E+0	4.578815E+0	3.010233E-1	2.340068E+3	-1.847810E+3	4.603562E+3	-2.987458E+3	6.555210E+3	-1.064694E+4	7.736397E+3	-1.731815E+4
7.599000E+1	4.578345E+0	2.901207E+0	4.578773E+0	3.010229E-1	2.340454E+3	-1.847810E+3	4.603176E+3	-2.987844E+3	6.555210E+3	-1.064732E+4	7.735237E+3	-1.731775E+4
7.600000E+1	4.578245E+0	2.940428E+0	4.578673E+0	3.010218E-1	2.340841E+3	-1.847810E+3	4.602789E+3	-2.988231E+3	6.555210E+3	-1.064769E+4	7.734078E+3	-1.731735E+4
7.601000E+1	4.578116E+0	2.847821E+0	4.578544E+0	3.010205E-1	2.341227E+3	-1.847810E+3	4.602403E+3	-2.988617E+3	6.555210E+3	-1.064807E+4	7.732919E+3	-1.731695E+4
7.602000E+1	4.578040E+0	2.685774E+0	4.578468E+0	3.010198E-1	2.341614E+3	-1.847810E+3	4.602016E+3	-2.989004E+3	6.555210E+3	-1.064845E+4	7.731759E+3	-1.731656E+4
7.603000E+1	4.577993E+0	2.990209E+0	4.578421E+0	3.010193E-1	2.341670E+3	-1.848329E+3	4.601960E+3	-2.989060E+3	6.555210E+3	-1.064850E+4	7.731071E+3	-1.731650E+4
7.604000E+1	4.577945E+0	2.892467E+0	4.578374E+0	3.010188E-1	2.341670E+3	-1.848938E+3	4.601960E+3	-2.989060E+3	6.555210E+3	-1.064850E+4	7.730462E+3	-1.731650E+4
7.605000E+1	4.577848E+0	2.950137E+0	4.578276E+0	3.010178E-1	2.341670E+3	-1.849546E+3	4.601960E+3	-2.989060E+3	6.555210E+3	-1.064850E+4	7.729854E+3	-1.731650E+4
7.606000E+1	4.577804E+0	2.825906E+0	4.578232E+0	3.010173E-1	2.341670E+3	-1.850154E+3	4.601960E+3	-2.989060E+3	6.555210E+3	-1.064850E+4	7.729246E+3	-1.731650E+4
7.607000E+1	4.577794E+0	2.864151E+0	4.578222E+0	3.010172E-1	2.341670E+3	-1.850762E+3	4.601960E+3	-2.989060E+3	6.555210E+3	-1.064850E+4	7.728638E+3	-1.731650E+4
7.608000E+1	4.577756E+0	3.013044E+0	4.578184E+0	3.010169E-1	2.341670E+3	-1.851370E+3	4.601960E+3	-2.989060E+3	6.555210E+3	-1.064850E+4	7.728030E+3	-1.731650E+4
7.609000E+1	4.577716E+0	2.911254E+0	4.578144E+0	3.010165E-1	2.339974E+3	-1.847349E+3	4.600110E+3	-2.988906E+3	6.555056E+3	-1.064527E+4	7.733286E+3	-1.731666E+4
7.610000E+1	4.577696E+0	2.846757E+0	4.578124E+0	3.010162E-1	2.340173E+3	-1.846751E+3	4.600110E+3	-2.988707E+3	6.554857E+3	-1.064587E+4	7.733087E+3	-1.731686E+4
7.611000E+1	4.577681E+0	2.919503E+0	4.578109E+0	3.010161E-1	2.340373E+3	-1.846152E+3	4.600110E+3	-2.988507E+3	6.554657E+3	-1.064647E+4	7.732887E+3	-1.731707E+4
7.612000E+1	4.577644E+0	2.897984E+0	4.578072E+0	3.010157E-1	2.340572E+3	-1.845554E+3	4.600110E+3	-2.988308E+3	6.554458E+3	-1.064708E+4	7.732688E+3	-1.731727E+4
7.613000E+1	4.577634E+0	3.014101E+0	4.578062E+0	3.010156E-1	2.340771E+3	-1.844956E+3	4.600110E+3	-2.988109E+3	6.554259E+3	-1.064768E+4	7.732489E+3	-1.731748E+4
7.614000E+1	4.577607E+0	2.769558E+0	4.578035E+0	3.010153E-1	2.340971E+3	-1.844357E+3	4.600110E+3	-2.987909E+3	6.554059E+3	-1.064828E+4	7.732289E+3	-1.731768E+4
7.615000E+1	4.577573E+0	2.855117E+0	4.578001E+0	3.010150E-1	2.341170E+3	-1.843759E+3	4.600110E+3	-2.987710E+3	6.553860E+3	-1.064889E+4	7.732090E+3	-1.731789E+4
7.616000E+1	4.577537E+0	2.957065E+0	4.577965E+0	3.010146E-1	2.341370E+3	-1.843161E+3	4.600110E+3	-2.987510E+3	6.553660E+3	-1.064949E+4	7.731890E+3	-1.731809E+4
7.617000E+1	4.577514E+0	2.910583E+0	4.577942E+0	3.010144E-1	2.341569E+3	-1.842562E+3	4.600110E+3	-2.987311E+3	6.553461E+3	-1.065010E+4	7.731691E+3	-1.731830E+4
7.618000E+1	4.577497E+0	2.914080E+0	4.577925E+0	3.010142E-1	2.339337E+3	-1.840500E+3	4.600110E+3	-2.985360E+3	6.551027E+3	-1.065123E+4	7.729740E+3	-1.732020E+4
7.619000E+1	4.577476E+0	2.788419E+0	4.577904E+0	3.010140E-1	2.338360E+3	-1.844400E+3	4.600110E+3	-2.985360E+3	6.550050E+3	-1.064928E+4	7.729740E+3	-1.732020E+4
7.620000E+1	4.577458E+0	2.954455E+0	4.577886E+0	3.010138E-1	2.337970E+3	-1.846678E+3	4.600110E+3	-2.986078E+3	6.549660E+3	-1.064887E+4	7.728663E+3	-1.731985E+4
7.621000E+1	4.577467E+0	3.013772E+0	4.577895E+0	3.010139E-1	2.337970E+3	-1.847875E+3	4.600110E+3	-2.987275E+3	6.549660E+3	-1.064948E+4	7.726868E+3	-1.731927E+4
7.622000E+1	4.577466E+0	2.791536E+0	4.577894E+0	3.010139E-1	2.337970E+3	-1.849072E+3	4.600110E+3	-2.988472E+3	6.549660E+3	-1.065010E+4	7.725073E+3	-1.731869E+4
7.623000E+1	4.577472E+0	2.837003E+0	4.577900E+0	3.010140E-1	2.337970E+3	-1.849058E+3	4.599909E+3	-2.989261E+3	6.549861E+3	-1.065040E+4	7.724391E+3	-1.731840E+4
7.624000E+1	4.577460E+0	2.889378E+0	4.577888E+0	3.010138E-1	2.337970E+3	-1.847874E+3	4.599515E+3	-2.989655E+3	6.550255E+3	-1.065040E+4	7.724785E+3	-1.731840E+4
7.625000E+1	4.577454E+0	2.986443E+0	4.577882E+0	3.010138E-1	2.337970E+3	-1.846690E+3	4.599120E+3	-2.990050E+3	6.550650E+3	-1.065040E+4	7.725180E+3	-1.731840E+4
7.626000E+1	4.577432E+0	2.901758E+0	4.577860E+0	3.010136E-1	2.337970E+3	-1.845506E+3	4.598725E+3	-2.990445E+3	6.551045E+3	-1.065040E+4	7.725575E+3	-1.731840E+4
7.627000E+1	4.577447E+0	2.811582E+0	4.577876E+0	3.010137E-1	2.337970E+3	-1.844322E+3	4.598331E+3	-2.990839E+3	6.551439E+3	-1.065040E+4	7.725969E+3	-1.731840E+4
7.628000E+1	4.577401E+0	2.929502E+0	4.577829E+0	3.010132E-1	2.338287E+3	-1.844110E+3	4.598260E+3	-2.990593E+3	6.551510E+3	-1.065007E+4	7.726674E+3	-1.731840E+4
7.629000E+1	4.577380E+0	2.918976E+0	4.577808E+0	3.010130E-1	2.338674E+3	-1.844110E+3	4.598260E+3	-2.990206E+3	6.551510E+3	-1.064968E+4	7.727447E+3	-1.731840E+4
7.630000E+1	4.577359E+0	2.910272E+0	4.577787E+0	3.010128E-1	2.339060E+3	-1.844110E+3	4.598260E+3	-2.989820E+3	6.551510E+3	-1.064928E+4	7.728220E+3	-1.731840E+4
7.631000E+1	4.577357E+0	2.862482E+0	4.577785E+0	3.010128E-1	2.339447E+3	-1.844110E+3	4.598260E+3	-2.989433E+3	6.551510E+3	-1.064888E+4	7.728993E+3	-1.731840E+4
7.632000E+1	4.577364E+0	2.768283E+0	4.577792E+0	3.010129E-1	2.339820E+3	-1.844128E+3	4.598278E+3	-2.989042E+3	6.551492E+3	-1.064856E+4	7.729703E+3	-1.731842E+4
7.633000E+1	4.577372E+0	3.067985E+0	4.577800E+0	3.010129E-1	2.339820E+3	-1.844674E+3	4.598824E+3	-2.988496E+3	6.550946E+3	-1.065021E+4	7.728612E+3	-1.731895E+4
7.634000E+1	4.577361E+0	2.889455E+0	4.577789E+0	3.010128E-1	2.339820E+3	-1.845220E+3	4.599370E+3	-2.987950E+3	6.550400E+3	-1.065186E+4	7.727521E+3	-1.731948E+4
7.635000E+1	4.577397E+0	2.904954E+0	4.577825E+0	3.010132E-1	2.339820E+3	-1.845765E+3	4.599915E+3	-2.987405E+3	6.549855E+3	-1.065351E+4	7.726430E+3	-1.732001E+4
7.636000E+1	4.577401E+0	2.783244E+0	4.577829E+0	3.010132E-1	2.339820E+3	-1.845861E+3	4.600011E+3	-2.987309E+3	6.549463E+3	-1.065400E+4	7.725941E+3	-1.732030E+4
7.637000E+1	4.577407E+0	2.958673E+0	4.577835E+0	3.010133E-1	2.339820E+3	-1.845708E+3	4.599858E+3	-2.987462E+3	6.549156E+3	-1.065384E+4	7.725788E+3	-1.732046E+4
7.638000E+1	4.577400E+0	2.993072E+0	4.577828E+0	3.010132E-1	2.339820E+3	-1.845555E+3	4.599705E+3	-2.987615E+3	6.548850E+3	-1.065368E+4	7.725635E+3	-1.732062E+4
7.639000E+1	4.577381E+0	2.874529E+0	4.577809E+0	3.010130E-1	2.339820E+3	-1.845402E+3	4.599552E+3	-2.987768E+3	6.548543E+3	-1.065353E+4	7.725482E+3	-1.732077E+4
7.640000E+1	4.577397E+0	2.802161E+0	4.577825E+0	3.010132E-1	2.339820E+3	-1.845248E+3	4.599398E+3	-2.987922E+3	6.548237E+3	-1.065337E+4	7.725328E+3	-1.732093E+4
7.641000E+1	4.577383E+0	2.961930E+0	4.577811E+0	3.010131E-1	2.339820E+3	-1.845095E+3	4.599245E+3	-2.988075E+3	6.547930E+3	-1.065321E+4	7.725175E+3	-1.732109E+4
7.642000E+1	4.577389E+0	2.901878E+0	4.577817E+0	3.010131E-1	2.339820E+3	-1.844942E+3	4.599092E+3	-2.988228E+3	6.547623E+3	-1.065305E+4	7.725022E+3	-1.732125E+4
7.643000E+1	4.577389E+0	2.995020E+0	4.577817E+0	3.010131E-1	2.339820E+3	-1.844788E+3	4.598938E+3	-2.988382E+3	6.547317E+3	-1.065290E+4	7.724868E+3	-1.732140E+4
7.644000E+1	4.577389E+0	2.836335E+0	4.577817E+0	3.010131E-1	2.339820E+3	-1.844635E+3	4.598785E+3	-2.988535E+3	6.547010E+3	-1.065274E+4	7.724715E+3	-1.732156E+4
7.645000E+1	4.577410E+0	2.864532E+0	4.577838E+0	3.010133E-1	2.339820E+3	-1.844482E+3	4.598632E+3	-2.988688E+3	6.546704E+3	-1.065258E+4	7.724562E+3	-1.732172E+4
7.646000E+1	4.577407E+0	2.940413E+0	4.577835E+0	3.010133E-1	2.339820E+3	-1.844328E+3	4.598478E+3	-2.988842E+3	6.546397E+3	-1.065242E+4	7.724408E+3	-1.732188E+4
7.647000E+1	4.577423E+0	2.901491E+0	4.577851E+0	3.010135E-1	2.339820E+3	-1.844175E+3	4.598325E+3	-2.988995E+3	6.546090E+3	-1.065227E+4	7.724255E+3	-1.732203E+4
7.648000E+1	4.577419E+0	2.929772E+0	4.577847E+0	3.010134E-1	2.339820E+3	-1.842556E+3	4.596410E+3	-2.991205E+3	6.544406E+3	-1.065040E+4	7.723598E+3	-1.732210E+4
7.649000E+1	4.577422E+0	2.765488E+0	4.577850E+0	3.010135E-1	2.339820E+3	-1.843071E+3	4.596410E+3	-2.991717E+3	6.544921E+3	-1.065040E+4	7.722567E+3	-1.732210E+4
7.650000E+1	4.577432E+0	2.977865E+0	4.577860E+0	3.010136E-1	2.339820E+3	-1.843587E+3	4.596410E+3	-2.992230E+3	6.545437E+3	-1.065040E+4	7.721536E+3	-1.732210E+4
7.651000E+1	4.577477E+0	2.982555E+0	4.577905E+0	3.010140E-1	2.339820E+3	-1.844102E+3	4.596410E+3	-2.992742E+3	6.545952E+3	-1.065040E+4	7.720506E+3	-1.732210E+4
7.652000E+1	4.577483E+0	2.808841E+0	4.577911E+0	3.010141E-1	2.340070E+3	-1.844110E+3	4.596660E+3	-2.992750E+3	6.546210E+3	-1.065014E+4	7.720740E+3	-1.732184E+4
7.653000E+1	4.577479E+0	2.823446E+0	4.577908E+0	3.010140E-1	2.340324E+3	-1.844110E+3	4.596914E+3	-2.992750E+3	6.546464E+3	-1.064988E+4	7.720994E+3	-1.732158E+4
7.654000E+1	4.577476E+0	2.914156E+0	4.577904E+0	3.010140E-1	2.340578E+3	-1.844110E+3	4.597168E+3	-2.992750E+3	6.546718E+3	-1.064962E+4	7.721248E+3	-1.732132E+4
7.655000E+1	4.577449E+0	3.029081E+0	4.577877E+0	3.010137E-1	2.340833E+3	-1.844110E+3	4.597423E+3	-2.992750E+3	6.546973E+3	-1.064936E+4	7.721503E+3	-1.732106E+4
7.656000E+1	4.577474E+0	2.927677E+0	4.577902E+0	3.010140E-1	2.341087E+3	-1.844110E+3	4.597677E+3	-2.992750E+3	6.547227E+3	-1.064910E+4	7.721757E+3	-1.732080E+4
7.657000E+1	4.577492E+0	2.728829E+0	4.577920E+0	3.010142E-1	2.341341E+3	-1.844110E+3	4.597931E+3	-2.992750E+3	6.547481E+3	-1.064884E+4	7.722011E+3	-1.732054E+4
7.658000E+1	4.577489E+0	2.911692E+0	4.577917E+0	3.010141E-1	2.341595E+3	-1.844110E+3	4.598185E+3	-2.992750E+3	6.547735E+3	-1.064858E+4	7.722265E+3	-1.732028E+4
7.659000E+1	4.577495E+0	2.937264E+0	4.577923E+0	3.010142E-1	2.341670E+3	-1.844763E+3	4.598260E+3	-2.992101E+3	6.547810E+3	-1.064786E+4	7.724952E+3	-1.731956E+4
7.660000E+1	4.577506E+0	2.966926E+0	4.577934E+0	3.010143E-1	2.341670E+3	-1.845690E+3	4.598260E+3	-2.991178E+3	6.547810E+3	-1.064696E+4	7.728662E+3	-1.731866E+4
7.661000E+1	4.577495E+0	2.833227E+0	4.577923E+0	3.010142E-1	2.341524E+3	-1.845668E+3	4.598114E+3	-2.990618E+3	6.547664E+3	-1.064713E+4	7.729448E+3	-1.731854E+4
7.662000E+1	4.577492E+0	2.785202E+0	4.577920E+0	3.010142E-1	2.341318E+3	-1.845255E+3	4.597908E+3	-2.990205E+3	6.547458E+3	-1.064775E+4	7.729035E+3	-1.731874E+4
7.663000E+1	4.577514E+0	3.049123E+0	4.577942E+0	3.010144E-1	2.341112E+3	-1.844843E+3	4.597702E+3	-2.989793E+3	6.547252E+3	-1.064836E+4	7.728623E+3	-1.731894E+4
7.664000E+1	4.577541E+0	2.932779E+0	4.577969E+0	3.010147E-1	2.340905E+3	-1.844431E+3	4.597495E+3	-2.989381E+3	6.547045E+3	-1.064897E+4	7.728211E+3	-1.731914E+4
7.665000E+1	4.577542E+0	2.884887E+0	4.577970E+0	3.010147E-1	2.340699E+3	-1.844019E+3	4.597289E+3	-2.988969E+3	6.546839E+3	-1.064959E+4	7.727799E+3	-1.731934E+4
7.666000E+1	4.577570E+0	2.809457E+0	4.577998E+0	3.010150E-1	2.340493E+3	-1.843607E+3	4.597083E+3	-2.988557E+3	6.546633E+3	-1.065020E+4	7.727387E+3	-1.731954E+4
7.667000E+1	4.577563E+0	2.924805E+0	4.577991E+0	3.010149E-1	2.340287E+3	-1.843194E+3	4.596877E+3	-2.988144E+3	6.546427E+3	-1.065081E+4	7.726974E+3	-1.731975E+4
7.668000E+1	4.577570E+0	3.085717E+0	4.577998E+0	3.010150E-1	2.340081E+3	-1.842782E+3	4.596671E+3	-2.987732E+3	6.546221E+3	-1.065142E+4	7.726562E+3	-1.731995E+4
7.669000E+1	4.577572E+0	2.879567E+0	4.578000E+0	3.010150E-1	2.339875E+3	-1.842370E+3	4.596465E+3	-2.987320E+3	6.546015E+3	-1.065204E+4	7.726150E+3	-1.732015E+4
7.670000E+1	4.577585E+0	2.831359E+0	4.578013E+0	3.010151E-1	2.338908E+3	-1.841348E+3	4.596410E+3	-2.989996E+3	6.544110E+3	-1.065174E+4	7.723721E+3	-1.732390E+4
7.671000E+1	4.577577E+0	2.949476E+0	4.578005E+0	3.010150E-1	2.340188E+3	-1.842628E+3	4.596410E+3	-2.991272E+3	6.544110E+3	-1.065112E+4	7.723081E+3	-1.732390E+4
7.672000E+1	4.577575E+0	2.942846E+0	4.578003E+0	3.010150E-1	2.341467E+3	-1.843907E+3	4.596410E+3	-2.992548E+3	6.544110E+3	-1.065050E+4	7.722442E+3	-1.732390E+4
7.673000E+1	4.577584E+0	2.973419E+0	4.578012E+0	3.010151E-1	2.339269E+3	-1.845310E+3	4.595210E+3	-2.992750E+3	6.544110E+3	-1.065040E+4	7.718739E+3	-1.732273E+4
7.674000E+1	4.577591E+0	2.852457E+0	4.578020E+0	3.010152E-1	2.337885E+3	-1.845705E+3	4.594560E+3	-2.992666E+3	6.544110E+3	-1.065031E+4	7.716960E+3	-1.732210E+4
7.675000E+1	4.577601E+0	2.804522E+0	4.578029E+0	3.010153E-1	2.337729E+3	-1.845238E+3	4.594560E+3	-2.992511E+3	6.544110E+3	-1.065015E+4	7.717272E+3	-1.732210E+4
7.676000E+1	4.577609E+0	3.016730E+0	4.578037E+0	3.010154E-1	2.337573E+3	-1.844770E+3	4.594560E+3	-2.992355E+3	6.544110E+3	-1.064999E+4	7.717583E+3	-1.732210E+4
7.677000E+1	4.577604E+0	2.887431E+0	4.578032E+0	3.010153E-1	2.337417E+3	-1.844302E+3	4.594560E+3	-2.992200E+3	6.544110E+3	-1.064983E+4	7.717895E+3	-1.732210E+4
7.678000E+1	4.577607E+0	2.874268E+0	4.578035E+0	3.010153E-1	2.337262E+3	-1.843835E+3	4.594560E+3	-2.992045E+3	6.544110E+3	-1.064967E+4	7.718207E+3	-1.732210E+4
7.679000E+1	4.577612E+0	2.706869E+0	4.578040E+0	3.010154E-1	2.337106E+3	-1.843367E+3	4.594560E+3	-2.991890E+3	6.544110E+3	-1.064951E+4	7.718519E+3	-1.732210E+4
7.680000E+1	4.577644E+0	2.954846E+0	4.578072E+0	3.010157E-1	2.336950E+3	-1.842899E+3	4.594560E+3	-2.991735E+3	6.544110E+3	-1.064935E+4	7.718830E+3	-1.732210E+4
7.681000E+1	4.577661E+0	2.959283E+0	4.578089E+0	3.010159E-1	2.336794E+3	-1.842432E+3	4.594560E+3	-2.991580E+3	6.544110E+3	-1.064919E+4	7.719142E+3	-1.732210E+4
7.682000E+1	4.577692E+0	2.907330E+0	4.578120E+0	3.010162E-1	2.336638E+3	-1.841964E+3	4.594560E+3	-2.991425E+3	6.544110E+3	-1.064903E+4	7.719454E+3	-1.732210E+4
7.683000E+1	4.577701E+0	2.836472E+0	4.578129E+0	3.010163E-1	2.336482E+3	-1.841497E+3	4.594560E+3	-2.991270E+3	6.544110E+3	-1.064887E+4	7.719766E+3	-1.732210E+4
7.684000E+1	4.577727E+0	2.955585E+0	4.578155E+0	3.010166E-1	2.336326E+3	-1.841029E+3	4.594560E+3	-2.991115E+3	6.544110E+3	-1.064871E+4	7.720077E+3	-1.732210E+4
7.685000E+1	4.577729E+0	2.981771E+0	4.578157E+0	3.010166E-1	2.336170E+3	-1.840561E+3	4.594560E+3	-2.990960E+3	6.544110E+3	-1.064855E+4	7.720389E+3	-1.732210E+4
7.686000E+1	4.577769E+0	2.993369E+0	4.578197E+0	3.010170E-1	2.334494E+3	-1.842932E+3	4.598036E+3	-2.990686E+3	6.542036E+3	-1.065365E+4	7.719088E+3	-1.732255E+4
7.687000E+1	4.577787E+0	2.737828E+0	4.578215E+0	3.010172E-1	2.334825E+3	-1.843926E+3	4.597705E+3	-2.990355E+3	6.541705E+3	-1.065299E+4	7.719751E+3	-1.732321E+4
7.688000E+1	4.577817E+0	3.008749E+0	4.578245E+0	3.010175E-1	2.335157E+3	-1.844920E+3	4.597373E+3	-2.990023E+3	6.541373E+3	-1.065233E+4	7.720413E+3	-1.732387E+4
7.689000E+1	4.577832E+0	2.943762E+0	4.578261E+0	3.010176E-1	2.335488E+3	-1.845913E+3	4.597042E+3	-2.989692E+3	6.541042E+3	-1.065166E+4	7.721076E+3	-1.732454E+4
7.690000E+1	4.577834E+0	2.932025E+0	4.578262E+0	3.010177E-1	2.335819E+3	-1.846907E+3	4.596711E+3	-2.989361E+3	6.540711E+3	-1.065100E+4	7.721738E+3	-1.732520E+4
7.691000E+1	4.577820E+0	2.845693E+0	4.578248E+0	3.010175E-1	2.336046E+3	-1.847736E+3	4.596410E+3	-2.989060E+3	6.540410E+3	-1.065040E+4	7.722340E+3	-1.732572E+4
7.692000E+1	4.577850E+0	2.821992E+0	4.578278E+0	3.010178E-1	2.335240E+3	-1.846930E+3	4.596410E+3	-2.989060E+3	6.540410E+3	-1.065040E+4	7.722340E+3	-1.732490E+4
7.693000E+1	4.577854E+0	3.028115E+0	4.578282E+0	3.010179E-1	2.334433E+3	-1.846123E+3	4.596410E+3	-2.989060E+3	6.540410E+3	-1.065040E+4	7.722340E+3	-1.732407E+4
7.694000E+1	4.577862E+0	2.940234E+0	4.578290E+0	3.010179E-1	2.334270E+3	-1.845746E+3	4.596196E+3	-2.989488E+3	6.540410E+3	-1.065061E+4	7.721482E+3	-1.732390E+4
7.695000E+1	4.577872E+0	2.902310E+0	4.578300E+0	3.010180E-1	2.334270E+3	-1.845477E+3	4.595927E+3	-2.990024E+3	6.540410E+3	-1.065087E+4	7.720407E+3	-1.732390E+4
7.696000E+1	4.577885E+0	2.857925E+0	4.578313E+0	3.010182E-1	2.334270E+3	-1.845208E+3	4.595658E+3	-2.990560E+3	6.540410E+3	-1.065113E+4	7.719332E+3	-1.732390E+4
7.697000E+1	4.577899E+0	2.884355E+0	4.578327E+0	3.010183E-1	2.334270E+3	-1.844939E+3	4.595389E+3	-2.991096E+3	6.540410E+3	-1.065139E+4	7.718256E+3	-1.732390E+4
7.698000E+1	4.577919E+0	3.052170E+0	4.578347E+0	3.010185E-1	2.334270E+3	-1.844670E+3	4.595120E+3	-2.991632E+3	6.540410E+3	-1.065165E+4	7.717181E+3	-1.732390E+4
7.699000E+1	4.577921E+0	2.870423E+0	4.578349E+0	3.010185E-1	2.334270E+3	-1.844401E+3	4.594851E+3	-2.992169E+3	6.540410E+3	-1.065192E+4	7.716106E+3	-1.732390E+4
7.700000E+1	4.577927E+0	2.764793E+0	4.578355E+0	3.010186E-1	2.334270E+3	-1.844133E+3	4.594583E+3	-2.992705E+3	6.540410E+3	-1.065218E+4	7.715030E+3	-1.732390E+4
7.701000E+1	4.577985E+0	2.934943E+0	4.578413E+0	3.010192E-1	2.335686E+3	-1.844110E+3	4.594560E+3	-2.994166E+3	6.541826E+3	-1.064937E+4	7.719187E+3	-1.732390E+4
7.702000E+1	4.578010E+0	2.904322E+0	4.578438E+0	3.010195E-1	2.336120E+3	-1.843490E+3	4.594250E+3	-2.993981E+3	6.542260E+3	-1.064882E+4	7.720800E+3	-1.732360E+4
7.703000E+1	4.578007E+0	2.993623E+0	4.578435E+0	3.010194E-1	2.336120E+3	-1.842627E+3	4.593818E+3	-2.993121E+3	6.542260E+3	-1.064926E+4	7.721232E+3	-1.732318E+4
7.704000E+1	4.578013E+0	2.828958E+0	4.578441E+0	3.010195E-1	2.336120E+3	-1.841764E+3	4.593387E+3	-2.992260E+3	6.542260E+3	-1.064970E+4	7.721663E+3	-1.732276E+4
7.705000E+1	4.578039E+0	2.949565E+0	4.578467E+0	3.010197E-1	2.336120E+3	-1.840901E+3	4.592956E+3	-2.991400E+3	6.542260E+3	-1.065015E+4	7.722094E+3	-1.732234E+4
7.706000E+1	4.578057E+0	3.036628E+0	4.578485E+0	3.010199E-1	2.335878E+3	-1.840410E+3	4.592952E+3	-2.990910E+3	6.542018E+3	-1.065088E+4	7.721614E+3	-1.732258E+4
7.707000E+1	4.578072E+0	2.895287E+0	4.578500E+0	3.010201E-1	2.335316E+3	-1.840410E+3	4.593514E+3	-2.990910E+3	6.541456E+3	-1.065201E+4	7.719928E+3	-1.732371E+4
7.708000E+1	4.578074E+0	2.926136E+0	4.578502E+0	3.010201E-1	2.334754E+3	-1.840410E+3	4.594076E+3	-2.990910E+3	6.540894E+3	-1.065313E+4	7.718241E+3	-1.732483E+4
7.709000E+1	4.578060E+0	2.799488E+0	4.578488E+0	3.010200E-1	2.334270E+3	-1.840410E+3	4.594615E+3	-2.990965E+3	6.540355E+3	-1.065399E+4	7.716845E+3	-1.732585E+4
7.710000E+1	4.578076E+0	3.003184E+0	4.578504E+0	3.010201E-1	2.334270E+3	-1.840410E+3	4.595010E+3	-2.991357E+3	6.539960E+3	-1.065320E+4	7.717240E+3	-1.732624E+4
7.711000E+1	4.578115E+0	2.968810E+0	4.578543E+0	3.010205E-1	2.334270E+3	-1.840410E+3	4.595404E+3	-2.991750E+3	6.539566E+3	-1.065241E+4	7.717634E+3	-1.732662E+4
7.712000E+1	4.578138E+0	2.845117E+0	4.578566E+0	3.010208E-1	2.334270E+3	-1.840410E+3	4.595799E+3	-2.992142E+3	6.539171E+3	-1.065162E+4	7.718029E+3	-1.732701E+4
7.713000E+1	4.578134E+0	2.857425E+0	4.578562E+0	3.010207E-1	2.334270E+3	-1.840410E+3	4.596194E+3	-2.992535E+3	6.538776E+3	-1.065083E+4	7.718424E+3	-1.732739E+4
7.714000E+1	4.578150E+0	2.906211E+0	4.578578E+0	3.010209E-1	2.334431E+3	-1.840894E+3	4.596410E+3	-2.992911E+3	6.538721E+3	-1.065056E+4	7.718318E+3	-1.732728E+4
7.715000E+1	4.578170E+0	3.006311E+0	4.578598E+0	3.010211E-1	2.334788E+3	-1.841964E+3	4.596410E+3	-2.993268E+3	6.539078E+3	-1.065090E+4	7.717604E+3	-1.732656E+4
7.716000E+1	4.578177E+0	2.903798E+0	4.578605E+0	3.010212E-1	2.335145E+3	-1.843034E+3	4.596410E+3	-2.993625E+3	6.539435E+3	-1.065125E+4	7.716891E+3	-1.732585E+4
7.717000E+1	4.578189E+0	2.785630E+0	4.578617E+0	3.010213E-1	2.335501E+3	-1.844104E+3	4.596410E+3	-2.993981E+3	6.539791E+3	-1.065160E+4	7.716177E+3	-1.732514E+4
7.718000E+1	4.578225E+0	2.952818E+0	4.578653E+0	3.010216E-1	2.335858E+3	-1.845174E+3	4.596410E+3	-2.994338E+3	6.540148E+3	-1.065195E+4	7.715464E+3	-1.732442E+4
7.719000E+1	4.578248E+0	2.959746E+0	4.578676E+0	3.010219E-1	2.336017E+3	-1.845960E+3	4.596307E+3	-2.994600E+3	6.540410E+3	-1.065220E+4	7.714940E+3	-1.732390E+4
7.720000E+1	4.578252E+0	2.942112E+0	4.578680E+0	3.010219E-1	2.335631E+3	-1.845960E+3	4.595921E+3	-2.994600E+3	6.540410E+3	-1.065220E+4	7.714940E+3	-1.732390E+4
7.721000E+1	4.578264E+0	2.943333E+0	4.578692E+0	3.010220E-1	2.335244E+3	-1.845960E+3	4.595534E+3	-2.994600E+3	6.540410E+3	-1.065220E+4	7.714940E+3	-1.732390E+4
7.722000E+1	4.578275E+0	2.833913E+0	4.578703E+0	3.010222E-1	2.334858E+3	-1.845960E+3	4.595148E+3	-2.994600E+3	6.540410E+3	-1.065220E+4	7.714940E+3	-1.732390E+4
7.723000E+1	4.578295E+0	3.051126E+0	4.578723E+0	3.010224E-1	2.334472E+3	-1.845960E+3	4.594762E+3	-2.994600E+3	6.540410E+3	-1.065220E+4	7.714940E+3	-1.732390E+4
7.724000E+1	4.578339E+0	2.905649E+0	4.578768E+0	3.010228E-1	2.334407E+3	-1.845960E+3	4.594697E+3	-2.994463E+3	6.540410E+3	-1.065193E+4	7.715350E+3	-1.732377E+4
7.725000E+1	4.578360E+0	2.934795E+0	4.578788E+0	3.010230E-1	2.334692E+3	-1.845960E+3	4.594982E+3	-2.994178E+3	6.540410E+3	-1.065136E+4	7.716206E+3	-1.732349E+4
7.726000E+1	4.578357E+0	2.782074E+0	4.578785E+0	3.010230E-1	2.334977E+3	-1.845960E+3	4.595267E+3	-2.993893E+3	6.540410E+3	-1.065079E+4	7.717062E+3	-1.732321E+4
7.727000E+1	4.578371E+0	2.941908E+0	4.578799E+0	3.010231E-1	2.335263E+3	-1.845960E+3	4.595553E+3	-2.993607E+3	6.540410E+3	-1.065021E+4	7.717918E+3	-1.732293E+4
7.728000E+1	4.578450E+0	3.010519E+0	4.578878E+0	3.010239E-1	2.335548E+3	-1.845960E+3	4.595838E+3	-2.993322E+3	6.540410E+3	-1.064964E+4	7.718774E+3	-1.732266E+4
7.729000E+1	4.578460E+0	2.874820E+0	4.578888E+0	3.010240E-1	2.335833E+3	-1.845960E+3	4.596123E+3	-2.993037E+3	6.540410E+3	-1.064907E+4	7.719630E+3	-1.732238E+4
7.730000E+1	4.578488E+0	2.802650E+0	4.578916E+0	3.010243E-1	2.336119E+3	-1.845960E+3	4.596409E+3	-2.992751E+3	6.540410E+3	-1.064850E+4	7.720486E+3	-1.732210E+4
7.731000E+1	4.578529E+0	2.973664E+0	4.578957E+0	3.010248E-1	2.336120E+3	-1.841905E+3	4.591570E+3	-2.990910E+3	6.540055E+3	-1.065256E+4	7.719780E+3	-1.732281E+4
7.732000E+1	4.578532E+0	2.892331E+0	4.578960E+0	3.010248E-1	2.336120E+3	-1.841548E+3	4.592284E+3	-2.990910E+3	6.539698E+3	-1.065293E+4	7.719066E+3	-1.732352E+4
7.733000E+1	4.578550E+0	2.974094E+0	4.578978E+0	3.010250E-1	2.336120E+3	-1.841191E+3	4.592997E+3	-2.990910E+3	6.539341E+3	-1.065330E+4	7.718353E+3	-1.732424E+4
7.734000E+1	4.578558E+0	2.775494E+0	4.578986E+0	3.010250E-1	2.336120E+3	-1.840835E+3	4.593711E+3	-2.990910E+3	6.538985E+3	-1.065366E+4	7.717639E+3	-1.732495E+4
7.735000E+1	4.578557E+0	2.985732E+0	4.578985E+0	3.010250E-1	2.336120E+3	-1.840478E+3	4.594424E+3	-2.990910E+3	6.538628E+3	-1.065403E+4	7.716926E+3	-1.732566E+4
7.736000E+1	4.578553E+0	3.035685E+0	4.578981E+0	3.010250E-1	2.336439E+3	-1.840729E+3	4.594560E+3	-2.991228E+3	6.538241E+3	-1.065377E+4	7.716790E+3	-1.732580E+4
7.737000E+1	4.578567E+0	2.846058E+0	4.578995E+0	3.010251E-1	2.336834E+3	-1.841124E+3	4.594560E+3	-2.991620E+3	6.537846E+3	-1.065337E+4	7.716790E+3	-1.732580E+4
7.738000E+1	4.578603E+0	2.908147E+0	4.579031E+0	3.010255E-1	2.337229E+3	-1.841519E+3	4.594560E+3	-2.992013E+3	6.537451E+3	-1.065296E+4	7.716790E+3	-1.732580E+4
7.739000E+1	4.578615E+0	2.768056E+0	4.579043E+0	3.010256E-1	2.337624E+3	-1.841914E+3	4.594560E+3	-2.992405E+3	6.537056E+3	-1.065256E+4	7.716790E+3	-1.732580E+4
7.740000E+1	4.578620E+0	3.014049E+0	4.579048E+0	3.010257E-1	2.337997E+3	-1.842314E+3	4.594506E+3	-2.992750E+3	6.536737E+3	-1.065220E+4	7.716736E+3	-1.732580E+4
7.741000E+1	4.578658E+0	2.926988E+0	4.579086E+0	3.010261E-1	2.338218E+3	-1.842756E+3	4.594064E+3	-2.992750E+3	6.536958E+3	-1.065220E+4	7.716296E+3	-1.732580E+4
7.742000E+1	4.578684E+0	2.845340E+0	4.579112E+0	3.010263E-1	2.338439E+3	-1.843197E+3	4.593623E+3	-2.992750E+3	6.537179E+3	-1.065220E+4	7.715855E+3	-1.732580E+4
7.743000E+1	4.578699E+0	2.830829E+0	4.579127E+0	3.010265E-1	2.338660E+3	-1.843639E+3	4.593181E+3	-2.992750E+3	6.537400E+3	-1.065220E+4	7.715415E+3	-1.732580E+4
7.744000E+1	4.578720E+0	2.970911E+0	4.579148E+0	3.010267E-1	2.338880E+3	-1.844081E+3	4.592739E+3	-2.992750E+3	6.537620E+3	-1.065220E+4	7.714974E+3	-1.732580E+4
7.745000E+1	4.578750E+0	3.017132E+0	4.579178E+0	3.010270E-1	2.339101E+3	-1.844522E+3	4.592298E+3	-2.992750E+3	6.537841E+3	-1.065220E+4	7.714534E+3	-1.732580E+4
7.746000E+1	4.578758E+0	2.901033E+0	4.579186E+0	3.010271E-1	2.339322E+3	-1.844964E+3	4.591856E+3	-2.992750E+3	6.538062E+3	-1.065220E+4	7.714093E+3	-1.732580E+4
7.747000E+1	4.578759E+0	2.736177E+0	4.579187E+0	3.010271E-1	2.339543E+3	-1.845406E+3	4.591414E+3	-2.992750E+3	6.538283E+3	-1.065220E+4	7.713653E+3	-1.732580E+4
7.748000E+1	4.578758E+0	3.016429E+0	4.579186E+0	3.010271E-1	2.339764E+3	-1.845847E+3	4.590973E+3	-2.992750E+3	6.538504E+3	-1.065220E+4	7.713212E+3	-1.732580E+4
7.749000E+1	4.578792E+0	2.910689E+0	4.579220E+0	3.010274E-1	2.337970E+3	-1.847945E+3	4.592845E+3	-2.994465E+3	6.540410E+3	-1.065193E+4	7.711926E+3	-1.732390E+4
7.750000E+1	4.578789E+0	2.972228E+0	4.579217E+0	3.010274E-1	2.337970E+3	-1.848127E+3	4.593027E+3	-2.994283E+3	6.540410E+3	-1.065157E+4	7.712835E+3	-1.732390E+4
7.751000E+1	4.578789E+0	2.865927E+0	4.579218E+0	3.010274E-1	2.337970E+3	-1.848309E+3	4.593209E+3	-2.994101E+3	6.540410E+3	-1.065120E+4	7.713743E+3	-1.732390E+4
7.752000E+1	4.578843E+0	2.961276E+0	4.579271E+0	3.010280E-1	2.337970E+3	-1.848491E+3	4.593391E+3	-2.993919E+3	6.540410E+3	-1.065084E+4	7.714651E+3	-1.732390E+4
7.753000E+1	4.578857E+0	2.980992E+0	4.579285E+0	3.010281E-1	2.337970E+3	-1.848673E+3	4.593573E+3	-2.993737E+3	6.540410E+3	-1.065047E+4	7.715560E+3	-1.732390E+4
7.754000E+1	4.578926E+0	2.890336E+0	4.579354E+0	3.010288E-1	2.337970E+3	-1.848855E+3	4.593755E+3	-2.993555E+3	6.540410E+3	-1.065011E+4	7.716468E+3	-1.732390E+4
7.755000E+1	4.578941E+0	2.848829E+0	4.579369E+0	3.010290E-1	2.337970E+3	-1.849037E+3	4.593937E+3	-2.993373E+3	6.540410E+3	-1.064975E+4	7.717376E+3	-1.732390E+4
7.756000E+1	4.578951E+0	2.926648E+0	4.579379E+0	3.010291E-1	2.337970E+3	-1.849218E+3	4.594118E+3	-2.993192E+3	6.540410E+3	-1.064938E+4	7.718285E+3	-1.732390E+4
7.757000E+1	4.578966E+0	2.889970E+0	4.579394E+0	3.010292E-1	2.337970E+3	-1.849400E+3	4.594300E+3	-2.993010E+3	6.540410E+3	-1.064902E+4	7.719193E+3	-1.732390E+4
7.758000E+1	4.578955E+0	2.972052E+0	4.579383E+0	3.010291E-1	2.337970E+3	-1.849582E+3	4.594482E+3	-2.992828E+3	6.540410E+3	-1.064866E+4	7.720101E+3	-1.732390E+4
7.759000E+1	4.578985E+0	2.794400E+0	4.579413E+0	3.010294E-1	2.337589E+3	-1.840600E+3	4.594560E+3	-2.990910E+3	6.536710E+3	-1.065372E+4	7.716790E+3	-1.732599E+4
7.760000E+1	4.579023E+0	2.816700E+0	4.579451E+0	3.010298E-1	2.336783E+3	-1.841004E+3	4.594560E+3	-2.990910E+3	6.536710E+3	-1.065291E+4	7.716790E+3	-1.732638E+4
7.761000E+1	4.579017E+0	3.032311E+0	4.579445E+0	3.010297E-1	2.335976E+3	-1.841407E+3	4.594560E+3	-2.990910E+3	6.536710E+3	-1.065211E+4	7.716790E+3	-1.732677E+4
7.762000E+1	4.579046E+0	2.923510E+0	4.579474E+0	3.010300E-1	2.335170E+3	-1.841810E+3	4.594560E+3	-2.990910E+3	6.536710E+3	-1.065130E+4	7.716790E+3	-1.732716E+4
7.763000E+1	4.579094E+0	2.928380E+0	4.579522E+0	3.010305E-1	2.334363E+3	-1.842213E+3	4.594560E+3	-2.990910E+3	6.536710E+3	-1.065049E+4	7.716790E+3	-1.732755E+4
7.764000E+1	4.579194E+0	2.773033E+0	4.579622E+0	3.010315E-1	2.334270E+3	-1.843432E+3	4.594560E+3	-2.991299E+3	6.536710E+3	-1.065078E+4	7.715620E+3	-1.732722E+4
7.765000E+1	4.579212E+0	2.960335E+0	4.579640E+0	3.010317E-1	2.334270E+3	-1.844757E+3	4.594560E+3	-2.991738E+3	6.536710E+3	-1.065121E+4	7.714298E+3	-1.732679E+4
7.766000E+1	4.579230E+0	3.074744E+0	4.579658E+0	3.010319E-1	2.334270E+3	-1.846082E+3	4.594560E+3	-2.992177E+3	6.536710E+3	-1.065164E+4	7.712975E+3	-1.732636E+4
7.767000E+1	4.579238E+0	2.839474E+0	4.579666E+0	3.010320E-1	2.334270E+3	-1.847407E+3	4.594560E+3	-2.992616E+3	6.536710E+3	-1.065207E+4	7.711653E+3	-1.732593E+4
7.768000E+1	4.579261E+0	2.886316E+0	4.579689E+0	3.010322E-1	2.334270E+3	-1.847479E+3	4.594560E+3	-2.993081E+3	6.537041E+3	-1.065188E+4	7.711581E+3	-1.732580E+4
7.769000E+1	4.579336E+0	2.903972E+0	4.579764E+0	3.010330E-1	2.334270E+3	-1.847004E+3	4.594560E+3	-2.993556E+3	6.537516E+3	-1.065142E+4	7.712056E+3	-1.732580E+4
7.770000E+1	4.579381E+0	3.068172E+0	4.579809E+0	3.010334E-1	2.334270E+3	-1.846528E+3	4.594560E+3	-2.994032E+3	6.537992E+3	-1.065095E+4	7.712532E+3	-1.732580E+4
7.771000E+1	4.579410E+0	2.941282E+0	4.579838E+0	3.010337E-1	2.334270E+3	-1.846052E+3	4.594560E+3	-2.994508E+3	6.538468E+3	-1.065049E+4	7.713008E+3	-1.732580E+4
7.772000E+1	4.579451E+0	2.822082E+0	4.579879E+0	3.010342E-1	2.334893E+3	-1.845648E+3	4.594248E+3	-2.994288E+3	6.538560E+3	-1.065040E+4	7.713721E+3	-1.732580E+4
7.773000E+1	4.579496E+0	2.902061E+0	4.579924E+0	3.010346E-1	2.335666E+3	-1.845262E+3	4.593862E+3	-2.993902E+3	6.538560E+3	-1.065040E+4	7.714492E+3	-1.732580E+4
7.774000E+1	4.579515E+0	2.950449E+0	4.579943E+0	3.010348E-1	2.336439E+3	-1.844876E+3	4.593476E+3	-2.993516E+3	6.538560E+3	-1.065040E+4	7.715263E+3	-1.732580E+4
7.775000E+1	4.579520E+0	2.933973E+0	4.579948E+0	3.010349E-1	2.337212E+3	-1.844489E+3	4.593089E+3	-2.993129E+3	6.538560E+3	-1.065040E+4	7.716034E+3	-1.732580E+4
7.776000E+1	4.579564E+0	2.916549E+0	4.579992E+0	3.010353E-1	2.337968E+3	-1.844104E+3	4.592708E+3	-2.992748E+3	6.538558E+3	-1.065040E+4	7.716788E+3	-1.732580E+4
7.777000E+1	4.579579E+0	2.749653E+0	4.580007E+0	3.010355E-1	2.337864E+3	-1.843792E+3	4.592604E+3	-2.992644E+3	6.538454E+3	-1.065061E+4	7.716684E+3	-1.732580E+4
7.778000E+1	4.579613E+0	3.039369E+0	4.580041E+0	3.010358E-1	2.337760E+3	-1.843480E+3	4.592500E+3	-2.992541E+3	6.538350E+3	-1.065082E+4	7.716580E+3	-1.732580E+4
7.779000E+1	4.579589E+0	2.946170E+0	4.580017E+0	3.010356E-1	2.337655E+3	-1.843168E+3	4.592395E+3	-2.992437E+3	6.538245E+3	-1.065103E+4	7.716475E+3	-1.732580E+4
7.780000E+1	4.579573E+0	2.913780E+0	4.580001E+0	3.010354E-1	2.337551E+3	-1.842856E+3	4.592291E+3	-2.992333E+3	6.538141E+3	-1.065124E+4	7.716371E+3	-1.732580E+4
7.781000E+1	4.579594E+0	2.780422E+0	4.580022E+0	3.010356E-1	2.337447E+3	-1.842544E+3	4.592187E+3	-2.992230E+3	6.538037E+3	-1.065145E+4	7.716267E+3	-1.732580E+4
7.782000E+1	4.579597E+0	2.924290E+0	4.580025E+0	3.010356E-1	2.337343E+3	-1.842232E+3	4.592083E+3	-2.992126E+3	6.537933E+3	-1.065165E+4	7.716163E+3	-1.732580E+4
7.783000E+1	4.579585E+0	3.029774E+0	4.580013E+0	3.010355E-1	2.337239E+3	-1.841920E+3	4.591979E+3	-2.992023E+3	6.537829E+3	-1.065186E+4	7.716059E+3	-1.732580E+4
7.784000E+1	4.579615E+0	2.870033E+0	4.580044E+0	3.010358E-1	2.337134E+3	-1.841608E+3	4.591874E+3	-2.991919E+3	6.537724E+3	-1.065207E+4	7.715954E+3	-1.732580E+4
7.785000E+1	4.579617E+0	2.846822E+0	4.580045E+0	3.010358E-1	2.337030E+3	-1.841295E+3	4.591770E+3	-2.991815E+3	6.537620E+3	-1.065228E+4	7.715850E+3	-1.732580E+4
7.786000E+1	4.579629E+0	2.942369E+0	4.580057E+0	3.010360E-1	2.336926E+3	-1.840983E+3	4.591666E+3	-2.991712E+3	6.537516E+3	-1.065249E+4	7.715746E+3	-1.732580E+4
7.787000E+1	4.579661E+0	2.979501E+0	4.580089E+0	3.010363E-1	2.336822E+3	-1.840671E+3	4.591562E+3	-2.991608E+3	6.537412E+3	-1.065270E+4	7.715642E+3	-1.732580E+4
7.788000E+1	4.579666E+0	3.014087E+0	4.580094E+0	3.010363E-1	2.336717E+3	-1.840359E+3	4.591457E+3	-2.991504E+3	6.537307E+3	-1.065291E+4	7.715537E+3	-1.732580E+4
7.789000E+1	4.579661E+0	2.816793E+0	4.580089E+0	3.010363E-1	2.336613E+3	-1.840047E+3	4.591353E+3	-2.991401E+3	6.537203E+3	-1.065311E+4	7.715433E+3	-1.732580E+4
7.790000E+1	4.579703E+0	2.862087E+0	4.580131E+0	3.010367E-1	2.336509E+3	-1.839735E+3	4.591249E+3	-2.991297E+3	6.537099E+3	-1.065332E+4	7.715329E+3	-1.732580E+4
7.791000E+1	4.579713E+0	2.982937E+0	4.580141E+0	3.010368E-1	2.336405E+3	-1.839423E+3	4.591145E+3	-2.991193E+3	6.536995E+3	-1.065353E+4	7.715225E+3	-1.732580E+4
7.792000E+1	4.579697E+0	2.880161E+0	4.580125E+0	3.010367E-1	2.336301E+3	-1.839111E+3	4.591041E+3	-2.991090E+3	6.536891E+3	-1.065374E+4	7.715121E+3	-1.732580E+4
7.793000E+1	4.579696E+0	2.909617E+0	4.580124E+0	3.010367E-1	2.336196E+3	-1.838799E+3	4.590936E+3	-2.990986E+3	6.536786E+3	-1.065395E+4	7.715016E+3	-1.732580E+4
7.794000E+1	4.579705E+0	2.764666E+0	4.580133E+0	3.010367E-1	2.336179E+3	-1.847771E+3	4.592730E+3	-2.990930E+3	6.536710E+3	-1.065218E+4	7.711270E+3	-1.732392E+4
7.795000E+1	4.579710E+0	3.004137E+0	4.580138E+0	3.010368E-1	2.336400E+3	-1.847624E+3	4.592803E+3	-2.991003E+3	6.536710E+3	-1.065211E+4	7.711343E+3	-1.732400E+4
7.796000E+1	4.579719E+0	2.987956E+0	4.580147E+0	3.010369E-1	2.336620E+3	-1.847476E+3	4.592877E+3	-2.991076E+3	6.536710E+3	-1.065204E+4	7.711417E+3	-1.732407E+4
7.797000E+1	4.579704E+0	2.896154E+0	4.580132E+0	3.010367E-1	2.336841E+3	-1.847329E+3	4.592950E+3	-2.991149E+3	6.536710E+3	-1.065197E+4	7.711490E+3	-1.732415E+4
7.798000E+1	4.579720E+0	2.787686E+0	4.580148E+0	3.010369E-1	2.337062E+3	-1.847182E+3	4.593024E+3	-2.991222E+3	6.536710E+3	-1.065189E+4	7.711564E+3	-1.732422E+4
7.799000E+1	4.579828E+0	2.971335E+0	4.580257E+0	3.010380E-1	2.337283E+3	-1.847035E+3	4.593098E+3	-2.991296E+3	6.536710E+3	-1.065182E+4	7.711638E+3	-1.732430E+4
7.800000E+1	4.579821E+0	3.050131E+0	4.580249E+0	3.010379E-1	2.337504E+3	-1.846887E+3	4.593171E+3	-2.991369E+3	6.536710E+3	-1.065175E+4	7.711711E+3	-1.732437E+4
7.801000E+1	4.579867E+0	3.013584E+0	4.580295E+0	3.010384E-1	2.337725E+3	-1.846740E+3	4.593245E+3	-2.991442E+3	6.536710E+3	-1.065168E+4	7.711785E+3	-1.732445E+4
7.802000E+1	4.579917E+0	2.778041E+0	4.580345E+0	3.010389E-1	2.337945E+3	-1.846593E+3	4.593318E+3	-2.991515E+3	6.536710E+3	-1.065161E+4	7.711858E+3	-1.732452E+4
7.803000E+1	4.579941E+0	3.043458E+0	4.580369E+0	3.010392E-1	2.338166E+3	-1.846446E+3	4.593392E+3	-2.991588E+3	6.536710E+3	-1.065154E+4	7.711932E+3	-1.732460E+4
7.804000E+1	4.579955E+0	2.921185E+0	4.580383E+0	3.010393E-1	2.338387E+3	-1.846299E+3	4.593466E+3	-2.991662E+3	6.536710E+3	-1.065146E+4	7.712006E+3	-1.732468E+4
7.805000E+1	4.579984E+0	2.952526E+0	4.580412E+0	3.010396E-1	2.338608E+3	-1.846151E+3	4.593539E+3	-2.991735E+3	6.536710E+3	-1.065139E+4	7.712079E+3	-1.732475E+4
7.806000E+1	4.580014E+0	2.871458E+0	4.580442E+0	3.010399E-1	2.338829E+3	-1.846004E+3	4.593613E+3	-2.991808E+3	6.536710E+3	-1.065132E+4	7.712153E+3	-1.732483E+4
7.807000E+1	4.580041E+0	2.874285E+0	4.580469E+0	3.010402E-1	2.339050E+3	-1.845857E+3	4.593687E+3	-2.991881E+3	6.536710E+3	-1.065125E+4	7.712227E+3	-1.732490E+4
7.808000E+1	4.580132E+0	3.057885E+0	4.580561E+0	3.010411E-1	2.339270E+3	-1.845710E+3	4.593760E+3	-2.991954E+3	6.536710E+3	-1.065118E+4	7.712300E+3	-1.732498E+4
7.809000E+1	4.580235E+0	2.976885E+0	4.580663E+0	3.010422E-1	2.339491E+3	-1.845563E+3	4.593834E+3	-2.992028E+3	6.536710E+3	-1.065111E+4	7.712374E+3	-1.732505E+4
7.810000E+1	4.580247E+0	2.877588E+0	4.580675E+0	3.010423E-1	2.339712E+3	-1.845415E+3	4.593907E+3	-2.992101E+3	6.536710E+3	-1.065104E+4	7.712447E+3	-1.732513E+4
7.811000E+1	4.580294E+0	2.867987E+0	4.580722E+0	3.010428E-1	2.339933E+3	-1.845268E+3	4.593981E+3	-2.992174E+3	6.536710E+3	-1.065096E+4	7.712521E+3	-1.732521E+4
7.812000E+1	4.580303E+0	2.952688E+0	4.580731E+0	3.010429E-1	2.340154E+3	-1.845121E+3	4.594055E+3	-2.992247E+3	6.536710E+3	-1.065089E+4	7.712595E+3	-1.732528E+4
7.813000E+1	4.580296E+0	3.024605E+0	4.580724E+0	3.010428E-1	2.340375E+3	-1.844974E+3	4.594128E+3	-2.992321E+3	6.536710E+3	-1.065082E+4	7.712668E+3	-1.732536E+4
7.814000E+1	4.580295E+0	2.801230E+0	4.580723E+0	3.010428E-1	2.340595E+3	-1.844826E+3	4.594202E+3	-2.992394E+3	6.536710E+3	-1.065075E+4	7.712742E+3	-1.732543E+4
7.815000E+1	4.580358E+0	2.844244E+0	4.580786E+0	3.010434E-1	2.340816E+3	-1.844679E+3	4.594275E+3	-2.992467E+3	6.536710E+3	-1.065068E+4	7.712815E+3	-1.732551E+4
7.816000E+1	4.580389E+0	2.958614E+0	4.580817E+0	3.010437E-1	2.341037E+3	-1.844532E+3	4.594349E+3	-2.992540E+3	6.536710E+3	-1.065061E+4	7.712889E+3	-1.732558E+4
7.817000E+1	4.580422E+0	3.005121E+0	4.580850E+0	3.010441E-1	2.341258E+3	-1.844385E+3	4.594423E+3	-2.992613E+3	6.536710E+3	-1.065053E+4	7.712963E+3	-1.732566E+4
7.818000E+1	4.580410E+0	2.966368E+0	4.580838E+0	3.010439E-1	2.341479E+3	-1.844238E+3	4.594496E+3	-2.992687E+3	6.536710E+3	-1.065046E+4	7.713036E+3	-1.732573E+4
7.819000E+1	4.580415E+0	2.828788E+0	4.580843E+0	3.010440E-1	2.341499E+3	-1.844110E+3	4.594474E+3	-2.992750E+3	6.536710E+3	-1.065040E+4	7.713271E+3	-1.732571E+4
7.820000E+1	4.580507E+0	2.833732E+0	4.580936E+0	3.010449E-1	2.340220E+3	-1.844110E+3	4.593835E+3	-2.992750E+3	6.536710E+3	-1.065040E+4	7.714546E+3	-1.732506E+4
7.821000E+1	4.580526E+0	3.019386E+0	4.580954E+0	3.010451E-1	2.338940E+3	-1.844110E+3	4.593195E+3	-2.992750E+3	6.536710E+3	-1.065040E+4	7.715822E+3	-1.732440E+4
7.822000E+1	4.580545E+0	2.938059E+0	4.580973E+0	3.010453E-1	2.335016E+3	-1.847810E+3	4.591606E+3	-2.996450E+3	6.534860E+3	-1.065147E+4	7.709789E+3	-1.732580E+4
7.823000E+1	4.580585E+0	2.916023E+0	4.581013E+0	3.010457E-1	2.336120E+3	-1.846319E+3	4.592710E+3	-2.994959E+3	6.534860E+3	-1.065040E+4	7.714587E+3	-1.732580E+4
7.824000E+1	4.580590E+0	2.811316E+0	4.581019E+0	3.010458E-1	2.336102E+3	-1.844092E+3	4.592710E+3	-2.992732E+3	6.534860E+3	-1.065044E+4	7.716772E+3	-1.732580E+4
7.825000E+1	4.580591E+0	2.961549E+0	4.581019E+0	3.010458E-1	2.335715E+3	-1.843705E+3	4.592710E+3	-2.992348E+3	6.534860E+3	-1.065121E+4	7.716385E+3	-1.732580E+4
7.826000E+1	4.580587E+0	2.938027E+0	4.581015E+0	3.010457E-1	2.335329E+3	-1.843319E+3	4.592710E+3	-2.991963E+3	6.534860E+3	-1.065198E+4	7.715999E+3	-1.732580E+4
7.827000E+1	4.580660E+0	2.835451E+0	4.581088E+0	3.010465E-1	2.334942E+3	-1.842932E+3	4.592710E+3	-2.991579E+3	6.534860E+3	-1.065276E+4	7.715612E+3	-1.732580E+4
7.828000E+1	4.580676E+0	2.899262E+0	4.581104E+0	3.010467E-1	2.334556E+3	-1.842546E+3	4.592710E+3	-2.991194E+3	6.534860E+3	-1.065353E+4	7.715226E+3	-1.732580E+4
7.829000E+1	4.580657E+0	2.884808E+0	4.581085E+0	3.010465E-1	2.334270E+3	-1.842360E+3	4.592810E+3	-2.990910E+3	6.534760E+3	-1.065400E+4	7.714940E+3	-1.732590E+4
7.830000E+1	4.580688E+0	2.989370E+0	4.581116E+0	3.010468E-1	2.334270E+3	-1.842747E+3	4.593197E+3	-2.990910E+3	6.534373E+3	-1.065360E+4	7.714940E+3	-1.732627E+4
7.831000E+1	4.580695E+0	2.928343E+0	4.581123E+0	3.010469E-1	2.334270E+3	-1.843133E+3	4.593583E+3	-2.990910E+3	6.533987E+3	-1.065320E+4	7.714940E+3	-1.732665E+4
7.832000E+1	4.580669E+0	2.717045E+0	4.581097E+0	3.010466E-1	2.334270E+3	-1.843520E+3	4.593970E+3	-2.990910E+3	6.533600E+3	-1.065281E+4	7.714940E+3	-1.732703E+4
7.833000E+1	4.580677E+0	2.926958E+0	4.581105E+0	3.010467E-1	2.334270E+3	-1.843906E+3	4.594356E+3	-2.990910E+3	6.533214E+3	-1.065241E+4	7.714940E+3	-1.732740E+4
7.834000E+1	4.580690E+0	2.939829E+0	4.581118E+0	3.010468E-1	2.334544E+3	-1.844384E+3	4.594286E+3	-2.991183E+3	6.533010E+3	-1.065220E+4	7.714119E+3	-1.732760E+4
7.835000E+1	4.580705E+0	2.918999E+0	4.581133E+0	3.010469E-1	2.335124E+3	-1.844964E+3	4.593706E+3	-2.991759E+3	6.533010E+3	-1.065220E+4	7.712383E+3	-1.732760E+4
7.836000E+1	4.580689E+0	2.874492E+0	4.581117E+0	3.010468E-1	2.335703E+3	-1.845543E+3	4.593127E+3	-2.992336E+3	6.533010E+3	-1.065220E+4	7.710647E+3	-1.732760E+4
7.837000E+1	4.580698E+0	2.887396E+0	4.581126E+0	3.010469E-1	2.336120E+3	-1.845526E+3	4.592601E+3	-2.992967E+3	6.533010E+3	-1.065220E+4	7.709291E+3	-1.732760E+4
7.838000E+1	4.580718E+0	3.088634E+0	4.581146E+0	3.010471E-1	2.336120E+3	-1.843982E+3	4.592215E+3	-2.993740E+3	6.533010E+3	-1.065220E+4	7.708905E+3	-1.732760E+4
7.839000E+1	4.580687E+0	2.924102E+0	4.581115E+0	3.010468E-1	2.336120E+3	-1.842438E+3	4.591828E+3	-2.994513E+3	6.533010E+3	-1.065220E+4	7.708518E+3	-1.732760E+4
7.840000E+1	4.580696E+0	2.947784E+0	4.581124E+0	3.010469E-1	2.336120E+3	-1.840895E+3	4.591442E+3	-2.995286E+3	6.533010E+3	-1.065220E+4	7.708132E+3	-1.732760E+4
7.841000E+1	4.580689E+0	2.845510E+0	4.581117E+0	3.010468E-1	2.336120E+3	-1.839351E+3	4.591055E+3	-2.996059E+3	6.533010E+3	-1.065220E+4	7.707745E+3	-1.732760E+4
7.842000E+1	4.580694E+0	2.971981E+0	4.581122E+0	3.010468E-1	2.336120E+3	-1.838851E+3	4.591001E+3	-2.996309E+3	6.533151E+3	-1.065206E+4	7.707973E+3	-1.732746E+4
7.843000E+1	4.580690E+0	3.031329E+0	4.581118E+0	3.010468E-1	2.336120E+3	-1.839421E+3	4.591286E+3	-2.996024E+3	6.533436E+3	-1.065179E+4	7.708829E+3	-1.732719E+4
7.844000E+1	4.580695E+0	2.912315E+0	4.581124E+0	3.010469E-1	2.336120E+3	-1.839990E+3	4.591572E+3	-2.995738E+3	6.533722E+3	-1.065151E+4	7.709685E+3	-1.732691E+4
7.845000E+1	4.580699E+0	2.780358E+0	4.581127E+0	3.010469E-1	2.336120E+3	-1.840559E+3	4.591857E+3	-2.995453E+3	6.534007E+3	-1.065123E+4	7.710541E+3	-1.732663E+4
7.846000E+1	4.580700E+0	2.988299E+0	4.581128E+0	3.010469E-1	2.336120E+3	-1.841128E+3	4.592143E+3	-2.995167E+3	6.534293E+3	-1.065095E+4	7.711398E+3	-1.732635E+4
7.847000E+1	4.580712E+0	2.970598E+0	4.581140E+0	3.010470E-1	2.336120E+3	-1.841697E+3	4.592428E+3	-2.994882E+3	6.534578E+3	-1.065067E+4	7.712254E+3	-1.732607E+4
7.848000E+1	4.580726E+0	2.998508E+0	4.581154E+0	3.010472E-1	2.336120E+3	-1.842259E+3	4.592710E+3	-2.994600E+3	6.534860E+3	-1.065040E+4	7.713100E+3	-1.732580E+4
7.849000E+1	4.580721E+0	2.834140E+0	4.581149E+0	3.010471E-1	2.336120E+3	-1.842146E+3	4.592710E+3	-2.994600E+3	6.534860E+3	-1.065063E+4	7.713100E+3	-1.732580E+4
7.850000E+1	4.580730E+0	2.992542E+0	4.581158E+0	3.010472E-1	2.336120E+3	-1.842034E+3	4.592710E+3	-2.994600E+3	6.534860E+3	-1.065085E+4	7.713100E+3	-1.732580E+4
7.851000E+1	4.580719E+0	3.030251E+0	4.581147E+0	3.010471E-1	2.336120E+3	-1.841921E+3	4.592710E+3	-2.994600E+3	6.534860E+3	-1.065108E+4	7.713100E+3	-1.732580E+4
7.852000E+1	4.580774E+0	2.907285E+0	4.581202E+0	3.010476E-1	2.336120E+3	-1.841809E+3	4.592710E+3	-2.994600E+3	6.534860E+3	-1.065130E+4	7.713100E+3	-1.732580E+4
7.853000E+1	4.580799E+0	2.911938E+0	4.581227E+0	3.010479E-1	2.336120E+3	-1.841697E+3	4.592710E+3	-2.994600E+3	6.534860E+3	-1.065153E+4	7.713100E+3	-1.732580E+4
7.854000E+1	4.580818E+0	2.804170E+0	4.581246E+0	3.010481E-1	2.336120E+3	-1.841584E+3	4.592710E+3	-2.994600E+3	6.534860E+3	-1.065175E+4	7.713100E+3	-1.732580E+4
7.855000E+1	4.580821E+0	3.006992E+0	4.581249E+0	3.010481E-1	2.336120E+3	-1.841472E+3	4.592710E+3	-2.994600E+3	6.534860E+3	-1.065198E+4	7.713100E+3	-1.732580E+4
7.856000E+1	4.580856E+0	3.002470E+0	4.581284E+0	3.010485E-1	2.336120E+3	-1.841359E+3	4.592710E+3	-2.994600E+3	6.534860E+3	-1.065220E+4	7.713100E+3	-1.732580E+4
7.857000E+1	4.580864E+0	2.954829E+0	4.581292E+0	3.010486E-1	2.336120E+3	-1.841247E+3	4.592710E+3	-2.994600E+3	6.534860E+3	-1.065243E+4	7.713100E+3	-1.732580E+4
7.858000E+1	4.580964E+0	2.892947E+0	4.581392E+0	3.010496E-1	2.336120E+3	-1.841134E+3	4.592710E+3	-2.994600E+3	6.534860E+3	-1.065265E+4	7.713100E+3	-1.732580E+4
7.859000E+1	4.580976E+0	2.950820E+0	4.581404E+0	3.010497E-1	2.336120E+3	-1.841022E+3	4.592710E+3	-2.994600E+3	6.534860E+3	-1.065288E+4	7.713100E+3	-1.732580E+4
7.860000E+1	4.581015E+0	2.979187E+0	4.581443E+0	3.010501E-1	2.336120E+3	-1.840910E+3	4.592710E+3	-2.994600E+3	6.534860E+3	-1.065310E+4	7.713100E+3	-1.732580E+4
7.861000E+1	4.581061E+0	2.970857E+0	4.581489E+0	3.010506E-1	2.336120E+3	-1.840797E+3	4.592710E+3	-2.994600E+3	6.534860E+3	-1.065333E+4	7.713100E+3	-1.732580E+4
7.862000E+1	4.581050E+0	2.767349E+0	4.581478E+0	3.010505E-1	2.336120E+3	-1.840685E+3	4.592710E+3	-2.994600E+3	6.534860E+3	-1.065355E+4	7.713100E+3	-1.732580E+4
7.863000E+1	4.581093E+0	2.991171E+0	4.581521E+0	3.010509E-1	2.336120E+3	-1.840572E+3	4.592710E+3	-2.994600E+3	6.534860E+3	-1.065378E+4	7.713100E+3	-1.732580E+4
7.864000E+1	4.581136E+0	2.985135E+0	4.581564E+0	3.010514E-1	2.336120E+3	-1.840460E+3	4.592710E+3	-2.994600E+3	6.534860E+3	-1.065400E+4	7.713100E+3	-1.732580E+4
7.865000E+1	4.581209E+0	3.021608E+0	4.581637E+0	3.010521E-1	2.335929E+3	-1.840029E+3	4.592710E+3	-2.994409E+3	6.534669E+3	-1.065429E+4	7.712909E+3	-1.732599E+4
7.866000E+1	4.581225E+0	2.893932E+0	4.581653E+0	3.010523E-1	2.335586E+3	-1.839344E+3	4.592710E+3	-2.994066E+3	6.534326E+3	-1.065462E+4	7.712566E+3	-1.732632E+4
7.867000E+1	4.581215E+0	2.890781E+0	4.581643E+0	3.010522E-1	2.335242E+3	-1.838659E+3	4.592710E+3	-2.993722E+3	6.533982E+3	-1.065495E+4	7.712222E+3	-1.732665E+4
7.868000E+1	4.581234E+0	3.040232E+0	4.581662E+0	3.010524E-1	2.334899E+3	-1.837974E+3	4.592710E+3	-2.993379E+3	6.533639E+3	-1.065529E+4	7.711879E+3	-1.732699E+4
7.869000E+1	4.581250E+0	2.983414E+0	4.581678E+0	3.010525E-1	2.334555E+3	-1.837289E+3	4.592710E+3	-2.993035E+3	6.533295E+3	-1.065562E+4	7.711535E+3	-1.732732E+4
7.870000E+1	4.581277E+0	2.919420E+0	4.581705E+0	3.010528E-1	2.334319E+3	-1.844159E+3	4.592710E+3	-2.994600E+3	6.533010E+3	-1.065215E+4	7.705848E+3	-1.732760E+4
7.871000E+1	4.581294E+0	2.862060E+0	4.581722E+0	3.010530E-1	2.334609E+3	-1.844449E+3	4.592710E+3	-2.994600E+3	6.533010E+3	-1.065187E+4	7.706717E+3	-1.732760E+4
7.872000E+1	4.581312E+0	2.954290E+0	4.581740E+0	3.010531E-1	2.334899E+3	-1.844739E+3	4.592710E+3	-2.994600E+3	6.533010E+3	-1.065159E+4	7.707587E+3	-1.732760E+4
7.873000E+1	4.581331E+0	3.137474E+0	4.581759E+0	3.010533E-1	2.335189E+3	-1.845029E+3	4.592710E+3	-2.994600E+3	6.533010E+3	-1.065131E+4	7.708456E+3	-1.732760E+4
7.874000E+1	4.581341E+0	2.872227E+0	4.581769E+0	3.010534E-1	2.335479E+3	-1.845319E+3	4.592710E+3	-2.994600E+3	6.533010E+3	-1.065102E+4	7.709326E+3	-1.732760E+4
7.875000E+1	4.581362E+0	2.817374E+0	4.581790E+0	3.010537E-1	2.335768E+3	-1.845608E+3	4.592710E+3	-2.994600E+3	6.533010E+3	-1.065074E+4	7.710195E+3	-1.732760E+4
7.876000E+1	4.581369E+0	3.079009E+0	4.581797E+0	3.010537E-1	2.336058E+3	-1.845898E+3	4.592710E+3	-2.994600E+3	6.533010E+3	-1.065046E+4	7.711065E+3	-1.732760E+4
7.877000E+1	4.581376E+0	2.967277E+0	4.581804E+0	3.010538E-1	2.335816E+3	-1.845048E+3	4.592710E+3	-2.994600E+3	6.533010E+3	-1.065101E+4	7.711250E+3	-1.732760E+4
7.878000E+1	4.581383E+0	3.016102E+0	4.581811E+0	3.010539E-1	2.335429E+3	-1.843888E+3	4.592710E+3	-2.994600E+3	6.533010E+3	-1.065178E+4	7.711250E+3	-1.732760E+4
7.879000E+1	4.581433E+0	2.857801E+0	4.581861E+0	3.010544E-1	2.335043E+3	-1.842729E+3	4.592710E+3	-2.994600E+3	6.533010E+3	-1.065255E+4	7.711250E+3	-1.732760E+4
7.880000E+1	4.581439E+0	2.928294E+0	4.581867E+0	3.010544E-1	2.334657E+3	-1.841570E+3	4.592710E+3	-2.994600E+3	6.533010E+3	-1.065333E+4	7.711250E+3	-1.732760E+4
7.881000E+1	4.581441E+0	3.033939E+0	4.581869E+0	3.010545E-1	2.334270E+3	-1.840410E+3	4.592710E+3	-2.994600E+3	6.533010E+3	-1.065410E+4	7.711250E+3	-1.732760E+4
7.882000E+1	4.581472E+0	2.862709E+0	4.581900E+0	3.010548E-1	2.334270E+3	-1.845959E+3	4.592710E+3	-2.996449E+3	6.531159E+3	-1.065410E+4	7.707548E+3	-1.732950E+4
7.883000E+1	4.581512E+0	2.903566E+0	4.581940E+0	3.010552E-1	2.334270E+3	-1.845634E+3	4.592710E+3	-2.996124E+3	6.530834E+3	-1.065410E+4	7.706898E+3	-1.732950E+4
7.884000E+1	4.581600E+0	2.841835E+0	4.582028E+0	3.010561E-1	2.334270E+3	-1.845308E+3	4.592710E+3	-2.995798E+3	6.530508E+3	-1.065410E+4	7.706247E+3	-1.732950E+4
7.885000E+1	4.581690E+0	3.065279E+0	4.582118E+0	3.010570E-1	2.334270E+3	-1.844983E+3	4.592710E+3	-2.995473E+3	6.530183E+3	-1.065410E+4	7.705596E+3	-1.732950E+4
7.886000E+1	4.581708E+0	2.981753E+0	4.582136E+0	3.010572E-1	2.334270E+3	-1.844657E+3	4.592710E+3	-2.995147E+3	6.529857E+3	-1.065410E+4	7.704945E+3	-1.732950E+4
7.887000E+1	4.581759E+0	2.928482E+0	4.582187E+0	3.010577E-1	2.334270E+3	-1.844332E+3	4.592710E+3	-2.994822E+3	6.529532E+3	-1.065410E+4	7.704294E+3	-1.732950E+4
7.888000E+1	4.581770E+0	2.892811E+0	4.582198E+0	3.010578E-1	2.334107E+3	-1.844437E+3	4.592546E+3	-2.994764E+3	6.529637E+3	-1.065410E+4	7.704014E+3	-1.732917E+4
7.889000E+1	4.581750E+0	2.993275E+0	4.582178E+0	3.010576E-1	2.333595E+3	-1.845468E+3	4.592031E+3	-2.995279E+3	6.530668E+3	-1.065410E+4	7.704529E+3	-1.732814E+4
7.890000E+1	4.581810E+0	3.039561E+0	4.582238E+0	3.010582E-1	2.333082E+3	-1.846498E+3	4.591516E+3	-2.995794E+3	6.531698E+3	-1.065410E+4	7.705044E+3	-1.732711E+4
7.891000E+1	4.581819E+0	3.010951E+0	4.582247E+0	3.010583E-1	2.332570E+3	-1.847529E+3	4.591001E+3	-2.996309E+3	6.532729E+3	-1.065410E+4	7.705559E+3	-1.732608E+4
7.892000E+1	4.581820E+0	2.828057E+0	4.582248E+0	3.010583E-1	2.332430E+3	-1.847445E+3	4.591225E+3	-2.996085E+3	6.533010E+3	-1.065337E+4	7.707159E+3	-1.732580E+4
7.893000E+1	4.581835E+0	3.041593E+0	4.582263E+0	3.010585E-1	2.332430E+3	-1.846944E+3	4.591726E+3	-2.995584E+3	6.533010E+3	-1.065237E+4	7.709164E+3	-1.732580E+4
7.894000E+1	4.581867E+0	2.910759E+0	4.582295E+0	3.010588E-1	2.332430E+3	-1.846443E+3	4.592227E+3	-2.995083E+3	6.533010E+3	-1.065137E+4	7.711169E+3	-1.732580E+4
7.895000E+1	4.581847E+0	2.944772E+0	4.582275E+0	3.010586E-1	2.332446E+3	-1.845911E+3	4.592710E+3	-2.994600E+3	6.533010E+3	-1.065045E+4	7.713067E+3	-1.732582E+4
7.896000E+1	4.581849E+0	2.880687E+0	4.582277E+0	3.010586E-1	2.332886E+3	-1.844586E+3	4.592710E+3	-2.994600E+3	6.533010E+3	-1.065176E+4	7.712184E+3	-1.732625E+4
7.897000E+1	4.581894E+0	2.889543E+0	4.582323E+0	3.010591E-1	2.333325E+3	-1.843261E+3	4.592710E+3	-2.994600E+3	6.533010E+3	-1.065307E+4	7.711301E+3	-1.732668E+4
7.898000E+1	4.581927E+0	3.027691E+0	4.582355E+0	3.010594E-1	2.333764E+3	-1.841936E+3	4.592710E+3	-2.994600E+3	6.533010E+3	-1.065439E+4	7.710417E+3	-1.732711E+4
7.899000E+1	4.581964E+0	2.938309E+0	4.582392E+0	3.010598E-1	2.334203E+3	-1.840611E+3	4.592710E+3	-2.994600E+3	6.533010E+3	-1.065570E+4	7.709534E+3	-1.732753E+4
7.900000E+1	4.581949E+0	2.937456E+0	4.582377E+0	3.010596E-1	2.333781E+3	-1.841393E+3	4.592710E+3	-2.994108E+3	6.532518E+3	-1.065590E+4	7.708908E+3	-1.732811E+4
7.901000E+1	4.581908E+0	2.835499E+0	4.582336E+0	3.010592E-1	2.333204E+3	-1.842553E+3	4.592710E+3	-2.993529E+3	6.531939E+3	-1.065590E+4	7.708329E+3	-1.732870E+4
7.902000E+1	4.581936E+0	2.994741E+0	4.582364E+0	3.010595E-1	2.332628E+3	-1.843712E+3	4.592710E+3	-2.992949E+3	6.531359E+3	-1.065590E+4	7.707749E+3	-1.732930E+4
7.903000E+1	4.581976E+0	2.974660E+0	4.582404E+0	3.010599E-1	2.332583E+3	-1.844418E+3	4.592710E+3	-2.992904E+3	6.531006E+3	-1.065559E+4	7.707550E+3	-1.732950E+4
7.904000E+1	4.582011E+0	2.892156E+0	4.582439E+0	3.010603E-1	2.332817E+3	-1.844888E+3	4.592710E+3	-2.993139E+3	6.530771E+3	-1.065512E+4	7.707550E+3	-1.732950E+4
7.905000E+1	4.582024E+0	2.864320E+0	4.582453E+0	3.010604E-1	2.333050E+3	-1.845358E+3	4.592710E+3	-2.993374E+3	6.530536E+3	-1.065465E+4	7.707550E+3	-1.732950E+4
7.906000E+1	4.581995E+0	3.094227E+0	4.582423E+0	3.010601E-1	2.333284E+3	-1.845827E+3	4.592710E+3	-2.993609E+3	6.530301E+3	-1.065418E+4	7.707550E+3	-1.732950E+4
7.907000E+1	4.581996E+0	2.900284E+0	4.582424E+0	3.010601E-1	2.333518E+3	-1.846297E+3	4.592710E+3	-2.993843E+3	6.530067E+3	-1.065371E+4	7.707550E+3	-1.732950E+4
7.908000E+1	4.582012E+0	2.992108E+0	4.582440E+0	3.010603E-1	2.333751E+3	-1.846767E+3	4.592710E+3	-2.994078E+3	6.529832E+3	-1.065324E+4	7.707550E+3	-1.732950E+4
7.909000E+1	4.582019E+0	2.772007E+0	4.582447E+0	3.010604E-1	2.333985E+3	-1.847236E+3	4.592710E+3	-2.994313E+3	6.529597E+3	-1.065277E+4	7.707550E+3	-1.732950E+4
7.910000E+1	4.582024E+0	2.948401E+0	4.582452E+0	3.010604E-1	2.334218E+3	-1.847706E+3	4.592710E+3	-2.994548E+3	6.529362E+3	-1.065230E+4	7.707550E+3	-1.732950E+4
7.911000E+1	4.582008E+0	3.000330E+0	4.582436E+0	3.010603E-1	2.334270E+3	-1.847676E+3	4.592710E+3	-2.994734E+3	6.529444E+3	-1.065247E+4	7.707283E+3	-1.732950E+4
7.912000E+1	4.582028E+0	2.963517E+0	4.582457E+0	3.010605E-1	2.334270E+3	-1.847505E+3	4.592710E+3	-2.994905E+3	6.529615E+3	-1.065281E+4	7.706939E+3	-1.732950E+4
7.913000E+1	4.582031E+0	2.822431E+0	4.582459E+0	3.010605E-1	2.334270E+3	-1.847333E+3	4.592710E+3	-2.995077E+3	6.529787E+3	-1.065315E+4	7.706596E+3	-1.732950E+4
7.914000E+1	4.582045E+0	2.932936E+0	4.582473E+0	3.010606E-1	2.334270E+3	-1.847161E+3	4.592710E+3	-2.995249E+3	6.529959E+3	-1.065350E+4	7.706252E+3	-1.732950E+4
7.915000E+1	4.582080E+0	3.027380E+0	4.582508E+0	3.010610E-1	2.334270E+3	-1.846989E+3	4.592710E+3	-2.995421E+3	6.530131E+3	-1.065384E+4	7.705909E+3	-1.732950E+4
7.916000E+1	4.582054E+0	2.937291E+0	4.582482E+0	3.010607E-1	2.334270E+3	-1.846818E+3	4.592710E+3	-2.995592E+3	6.530302E+3	-1.065418E+4	7.705565E+3	-1.732950E+4
7.917000E+1	4.582043E+0	2.827123E+0	4.582471E+0	3.010606E-1	2.334270E+3	-1.846646E+3	4.592710E+3	-2.995764E+3	6.530474E+3	-1.065453E+4	7.705222E+3	-1.732950E+4
7.918000E+1	4.582043E+0	2.845845E+0	4.582471E+0	3.010606E-1	2.334270E+3	-1.846474E+3	4.592710E+3	-2.995936E+3	6.530646E+3	-1.065487E+4	7.704878E+3	-1.732950E+4
7.919000E+1	4.582069E+0	2.989673E+0	4.582497E+0	3.010609E-1	2.334270E+3	-1.846302E+3	4.592710E+3	-2.996108E+3	6.530818E+3	-1.065522E+4	7.704535E+3	-1.732950E+4
7.920000E+1	4.582028E+0	2.974764E+0	4.582456E+0	3.010605E-1	2.334270E+3	-1.846131E+3	4.592710E+3	-2.996279E+3	6.530989E+3	-1.065556E+4	7.704191E+3	-1.732950E+4
7.921000E+1	4.582008E+0	2.953332E+0	4.582436E+0	3.010602E-1	2.336120E+3	-1.840415E+3	4.590862E+3	-2.992750E+3	6.533008E+3	-1.065041E+4	7.713097E+3	-1.732760E+4
7.922000E+1	4.582003E+0	2.844842E+0	4.582431E+0	3.010602E-1	2.336120E+3	-1.841177E+3	4.591116E+3	-2.992750E+3	6.532754E+3	-1.065116E+4	7.712588E+3	-1.732760E+4
7.923000E+1	4.582037E+0	3.051078E+0	4.582465E+0	3.010605E-1	2.336120E+3	-1.841940E+3	4.591370E+3	-2.992750E+3	6.532500E+3	-1.065192E+4	7.712080E+3	-1.732760E+4
7.924000E+1	4.582063E+0	2.970166E+0	4.582491E+0	3.010608E-1	2.336120E+3	-1.842702E+3	4.591624E+3	-2.992750E+3	6.532246E+3	-1.065267E+4	7.711572E+3	-1.732760E+4
7.925000E+1	4.582050E+0	2.890108E+0	4.582478E+0	3.010607E-1	2.336120E+3	-1.843464E+3	4.591878E+3	-2.992750E+3	6.531992E+3	-1.065343E+4	7.711064E+3	-1.732760E+4
7.926000E+1	4.582048E+0	2.845502E+0	4.582476E+0	3.010607E-1	2.336120E+3	-1.844227E+3	4.592132E+3	-2.992750E+3	6.531738E+3	-1.065418E+4	7.710556E+3	-1.732760E+4
7.927000E+1	4.582055E+0	2.970468E+0	4.582483E+0	3.010607E-1	2.336120E+3	-1.844989E+3	4.592386E+3	-2.992750E+3	6.531484E+3	-1.065494E+4	7.710047E+3	-1.732760E+4
7.928000E+1	4.582057E+0	3.090723E+0	4.582485E+0	3.010607E-1	2.336120E+3	-1.845751E+3	4.592640E+3	-2.992750E+3	6.531230E+3	-1.065569E+4	7.709539E+3	-1.732760E+4
7.929000E+1	4.582065E+0	2.903651E+0	4.582493E+0	3.010608E-1	2.334270E+3	-1.846345E+3	4.592710E+3	-2.991294E+3	6.529310E+3	-1.065390E+4	7.710865E+3	-1.733130E+4
7.930000E+1	4.582070E+0	2.838649E+0	4.582498E+0	3.010609E-1	2.334270E+3	-1.846875E+3	4.592710E+3	-2.991822E+3	6.529310E+3	-1.065363E+4	7.710335E+3	-1.733130E+4
7.931000E+1	4.582082E+0	2.876595E+0	4.582510E+0	3.010610E-1	2.334270E+3	-1.847405E+3	4.592710E+3	-2.992351E+3	6.529310E+3	-1.065336E+4	7.709805E+3	-1.733130E+4
7.932000E+1	4.582076E+0	2.954693E+0	4.582504E+0	3.010609E-1	2.334270E+3	-1.847935E+3	4.592710E+3	-2.992880E+3	6.529310E+3	-1.065309E+4	7.709275E+3	-1.733130E+4
7.933000E+1	4.582112E+0	3.013898E+0	4.582540E+0	3.010613E-1	2.334270E+3	-1.848465E+3	4.592710E+3	-2.993408E+3	6.529310E+3	-1.065281E+4	7.708745E+3	-1.733130E+4
7.934000E+1	4.582091E+0	2.879756E+0	4.582519E+0	3.010611E-1	2.334270E+3	-1.848995E+3	4.592710E+3	-2.993937E+3	6.529310E+3	-1.065254E+4	7.708215E+3	-1.733130E+4
7.935000E+1	4.582019E+0	2.904916E+0	4.582447E+0	3.010604E-1	2.334270E+3	-1.849525E+3	4.592710E+3	-2.994465E+3	6.529310E+3	-1.065227E+4	7.707685E+3	-1.733130E+4
7.936000E+1	4.582054E+0	2.984225E+0	4.582482E+0	3.010607E-1	2.334270E+3	-1.847357E+3	4.591942E+3	-2.994600E+3	6.529310E+3	-1.065299E+4	7.705247E+3	-1.733130E+4
7.937000E+1	4.582099E+0	2.943020E+0	4.582527E+0	3.010612E-1	2.334270E+3	-1.844265E+3	4.590912E+3	-2.994600E+3	6.529310E+3	-1.065405E+4	7.702155E+3	-1.733130E+4
7.938000E+1	4.582119E+0	2.963906E+0	4.582547E+0	3.010614E-1	2.334064E+3	-1.844317E+3	4.590860E+3	-2.994807E+3	6.529517E+3	-1.065389E+4	7.702415E+3	-1.733110E+4
7.939000E+1	4.582118E+0	2.840641E+0	4.582546E+0	3.010614E-1	2.333847E+3	-1.844536E+3	4.590860E+3	-2.995026E+3	6.529736E+3	-1.065366E+4	7.702851E+3	-1.733089E+4
7.940000E+1	4.582148E+0	3.083532E+0	4.582576E+0	3.010617E-1	2.333630E+3	-1.844754E+3	4.590860E+3	-2.995244E+3	6.529954E+3	-1.065344E+4	7.703287E+3	-1.733067E+4
7.941000E+1	4.582189E+0	3.089275E+0	4.582617E+0	3.010621E-1	2.333413E+3	-1.844972E+3	4.590860E+3	-2.995462E+3	6.530172E+3	-1.065321E+4	7.703724E+3	-1.733046E+4
7.942000E+1	4.582194E+0	2.874358E+0	4.582622E+0	3.010621E-1	2.333196E+3	-1.845190E+3	4.590860E+3	-2.995680E+3	6.530390E+3	-1.065299E+4	7.704160E+3	-1.733025E+4
7.943000E+1	4.582172E+0	2.958389E+0	4.582600E+0	3.010619E-1	2.332979E+3	-1.845408E+3	4.590860E+3	-2.995898E+3	6.530608E+3	-1.065277E+4	7.704597E+3	-1.733004E+4
7.944000E+1	4.582211E+0	2.956205E+0	4.582639E+0	3.010623E-1	2.332762E+3	-1.845627E+3	4.590860E+3	-2.996117E+3	6.530827E+3	-1.065254E+4	7.705033E+3	-1.732982E+4
7.945000E+1	4.582196E+0	3.117844E+0	4.582624E+0	3.010622E-1	2.332544E+3	-1.845845E+3	4.590860E+3	-2.996335E+3	6.531045E+3	-1.065232E+4	7.705470E+3	-1.732961E+4
7.946000E+1	4.582192E+0	2.978813E+0	4.582620E+0	3.010621E-1	2.334270E+3	-1.845773E+3	4.591047E+3	-2.994413E+3	6.529310E+3	-1.065257E+4	7.709026E+3	-1.732968E+4
7.947000E+1	4.582185E+0	2.882114E+0	4.582614E+0	3.010621E-1	2.334270E+3	-1.845272E+3	4.591548E+3	-2.993912E+3	6.529310E+3	-1.065358E+4	7.708024E+3	-1.733017E+4
7.948000E+1	4.582192E+0	2.908729E+0	4.582620E+0	3.010621E-1	2.334270E+3	-1.844770E+3	4.592050E+3	-2.993410E+3	6.529310E+3	-1.065458E+4	7.707021E+3	-1.733066E+4
7.949000E+1	4.582194E+0	3.041124E+0	4.582622E+0	3.010621E-1	2.334270E+3	-1.844269E+3	4.592551E+3	-2.992909E+3	6.529310E+3	-1.065558E+4	7.706018E+3	-1.733115E+4
7.950000E+1	4.582196E+0	2.973753E+0	4.582624E+0	3.010622E-1	2.333920E+3	-1.843057E+3	4.592358E+3	-2.993102E+3	6.528958E+3	-1.065556E+4	7.706052E+3	-1.733130E+4
7.951000E+1	4.582204E+0	2.878769E+0	4.582632E+0	3.010622E-1	2.333408E+3	-1.841514E+3	4.591843E+3	-2.993617E+3	6.528443E+3	-1.065506E+4	7.706567E+3	-1.733130E+4
7.952000E+1	4.582211E+0	2.756427E+0	4.582639E+0	3.010623E-1	2.332895E+3	-1.839971E+3	4.591328E+3	-2.994132E+3	6.527928E+3	-1.065456E+4	7.707082E+3	-1.733130E+4
7.953000E+1	4.582228E+0	3.035892E+0	4.582656E+0	3.010625E-1	2.332558E+3	-1.838655E+3	4.590860E+3	-2.994643E+3	6.527460E+3	-1.065410E+4	7.707507E+3	-1.733126E+4
7.954000E+1	4.582213E+0	2.928393E+0	4.582641E+0	3.010623E-1	2.333947E+3	-1.839580E+3	4.590860E+3	-2.995106E+3	6.527460E+3	-1.065410E+4	7.707044E+3	-1.733081E+4
7.955000E+1	4.582219E+0	2.944874E+0	4.582647E+0	3.010624E-1	2.335335E+3	-1.840505E+3	4.590860E+3	-2.995570E+3	6.527460E+3	-1.065410E+4	7.706580E+3	-1.733036E+4
7.956000E+1	4.582226E+0	2.854299E+0	4.582654E+0	3.010625E-1	2.336724E+3	-1.841430E+3	4.590860E+3	-2.996034E+3	6.527460E+3	-1.065410E+4	7.706116E+3	-1.732990E+4
7.957000E+1	4.582210E+0	2.927653E+0	4.582638E+0	3.010623E-1	2.337908E+3	-1.842383E+3	4.590860E+3	-2.996450E+3	6.527522E+3	-1.065404E+4	7.705638E+3	-1.732950E+4
7.958000E+1	4.582231E+0	3.071882E+0	4.582660E+0	3.010625E-1	2.337310E+3	-1.843580E+3	4.590860E+3	-2.996450E+3	6.528120E+3	-1.065342E+4	7.705040E+3	-1.732950E+4
7.959000E+1	4.582217E+0	2.965465E+0	4.582645E+0	3.010624E-1	2.336712E+3	-1.844776E+3	4.590860E+3	-2.996450E+3	6.528718E+3	-1.065281E+4	7.704442E+3	-1.732950E+4
7.960000E+1	4.582227E+0	2.834353E+0	4.582655E+0	3.010625E-1	2.336112E+3	-1.845960E+3	4.590860E+3	-2.996450E+3	6.529314E+3	-1.065220E+4	7.703867E+3	-1.732950E+4
7.961000E+1	4.582209E+0	2.959752E+0	4.582637E+0	3.010623E-1	2.335341E+3	-1.845960E+3	4.590860E+3	-2.996450E+3	6.529701E+3	-1.065182E+4	7.705413E+3	-1.732910E+4
7.962000E+1	4.582179E+0	2.952342E+0	4.582607E+0	3.010620E-1	2.334570E+3	-1.845960E+3	4.590860E+3	-2.996450E+3	6.530087E+3	-1.065144E+4	7.706959E+3	-1.732870E+4
7.963000E+1	4.582159E+0	3.012277E+0	4.582587E+0	3.010618E-1	2.333799E+3	-1.845960E+3	4.590860E+3	-2.996450E+3	6.530474E+3	-1.065107E+4	7.708505E+3	-1.732830E+4
7.964000E+1	4.582181E+0	2.837260E+0	4.582609E+0	3.010620E-1	2.333028E+3	-1.845960E+3	4.590860E+3	-2.996450E+3	6.530860E+3	-1.065069E+4	7.710050E+3	-1.732791E+4
7.965000E+1	4.582148E+0	2.824040E+0	4.582576E+0	3.010617E-1	2.332555E+3	-1.845708E+3	4.590860E+3	-2.996324E+3	6.531034E+3	-1.065065E+4	7.711124E+3	-1.732760E+4
7.966000E+1	4.582136E+0	3.035165E+0	4.582564E+0	3.010616E-1	2.333114E+3	-1.844584E+3	4.590860E+3	-2.995762E+3	6.530472E+3	-1.065178E+4	7.710562E+3	-1.732760E+4
7.967000E+1	4.582178E+0	3.015721E+0	4.582606E+0	3.010620E-1	2.333673E+3	-1.843460E+3	4.590860E+3	-2.995200E+3	6.529910E+3	-1.065290E+4	7.710000E+3	-1.732760E+4
7.968000E+1	4.582187E+0	2.981630E+0	4.582615E+0	3.010621E-1	2.334232E+3	-1.842336E+3	4.590860E+3	-2.994638E+3	6.529348E+3	-1.065402E+4	7.709438E+3	-1.732760E+4
7.969000E+1	4.582175E+0	2.707424E+0	4.582603E+0	3.010620E-1	2.334270E+3	-1.841892E+3	4.591228E+3	-2.994600E+3	6.529310E+3	-1.065446E+4	7.708664E+3	-1.732834E+4
7.970000E+1	4.582184E+0	2.972826E+0	4.582612E+0	3.010620E-1	2.334270E+3	-1.841497E+3	4.591623E+3	-2.994600E+3	6.529310E+3	-1.065484E+4	7.707874E+3	-1.732913E+4
7.971000E+1	4.582180E+0	3.036673E+0	4.582608E+0	3.010620E-1	2.334270E+3	-1.841103E+3	4.592017E+3	-2.994600E+3	6.529310E+3	-1.065523E+4	7.707085E+3	-1.732991E+4
7.972000E+1	4.582190E+0	2.846580E+0	4.582618E+0	3.010621E-1	2.334270E+3	-1.840708E+3	4.592412E+3	-2.994600E+3	6.529310E+3	-1.065561E+4	7.706296E+3	-1.733070E+4
7.973000E+1	4.582179E+0	2.850038E+0	4.582608E+0	3.010620E-1	2.334208E+3	-1.840472E+3	4.592585E+3	-2.994600E+3	6.529248E+3	-1.065584E+4	7.705762E+3	-1.733136E+4
7.974000E+1	4.582250E+0	2.973919E+0	4.582678E+0	3.010627E-1	2.333955E+3	-1.840726E+3	4.592077E+3	-2.994600E+3	6.528994E+3	-1.065559E+4	7.706016E+3	-1.733162E+4
7.975000E+1	4.582261E+0	2.970661E+0	4.582689E+0	3.010628E-1	2.333703E+3	-1.840981E+3	4.591569E+3	-2.994600E+3	6.528739E+3	-1.065534E+4	7.706271E+3	-1.733189E+4
7.976000E+1	4.582248E+0	2.964733E+0	4.582676E+0	3.010627E-1	2.333450E+3	-1.841235E+3	4.591061E+3	-2.994600E+3	6.528485E+3	-1.065510E+4	7.706525E+3	-1.733215E+4
7.977000E+1	4.582253E+0	2.857233E+0	4.582681E+0	3.010627E-1	2.333197E+3	-1.841489E+3	4.590553E+3	-2.994600E+3	6.528231E+3	-1.065485E+4	7.706779E+3	-1.733241E+4
7.978000E+1	4.582249E+0	2.899306E+0	4.582677E+0	3.010627E-1	2.332944E+3	-1.841743E+3	4.590044E+3	-2.994600E+3	6.527977E+3	-1.065460E+4	7.707033E+3	-1.733267E+4
7.979000E+1	4.582278E+0	2.932572E+0	4.582706E+0	3.010630E-1	2.332692E+3	-1.841997E+3	4.589536E+3	-2.994600E+3	6.527723E+3	-1.065436E+4	7.707287E+3	-1.733293E+4
7.980000E+1	4.582288E+0	2.984755E+0	4.582716E+0	3.010631E-1	2.332439E+3	-1.842251E+3	4.589028E+3	-2.994600E+3	6.527469E+3	-1.065411E+4	7.707541E+3	-1.733319E+4
7.981000E+1	4.582255E+0	2.913455E+0	4.582683E+0	3.010628E-1	2.332806E+3	-1.841884E+3	4.589198E+3	-2.994600E+3	6.527460E+3	-1.065410E+4	7.707173E+3	-1.733282E+4
7.982000E+1	4.582263E+0	2.827891E+0	4.582691E+0	3.010629E-1	2.333195E+3	-1.841495E+3	4.589394E+3	-2.994600E+3	6.527460E+3	-1.065410E+4	7.706783E+3	-1.733243E+4
7.983000E+1	4.582258E+0	3.001450E+0	4.582686E+0	3.010628E-1	2.333585E+3	-1.841105E+3	4.589589E+3	-2.994600E+3	6.527460E+3	-1.065410E+4	7.706392E+3	-1.733204E+4
7.984000E+1	4.582274E+0	2.915959E+0	4.582702E+0	3.010630E-1	2.333974E+3	-1.840716E+3	4.589784E+3	-2.994600E+3	6.527460E+3	-1.065410E+4	7.706002E+3	-1.733165E+4
7.985000E+1	4.582245E+0	2.877326E+0	4.582673E+0	3.010627E-1	2.334364E+3	-1.840326E+3	4.589979E+3	-2.994600E+3	6.527460E+3	-1.065410E+4	7.705611E+3	-1.733126E+4
7.986000E+1	4.582257E+0	2.875551E+0	4.582685E+0	3.010628E-1	2.334753E+3	-1.839937E+3	4.590175E+3	-2.994600E+3	6.527460E+3	-1.065410E+4	7.705221E+3	-1.733087E+4
7.987000E+1	4.582263E+0	2.914318E+0	4.582691E+0	3.010629E-1	2.335142E+3	-1.839548E+3	4.590370E+3	-2.994600E+3	6.527460E+3	-1.065410E+4	7.704830E+3	-1.733048E+4
7.988000E+1	4.582243E+0	3.004644E+0	4.582671E+0	3.010626E-1	2.335532E+3	-1.839158E+3	4.590565E+3	-2.994600E+3	6.527460E+3	-1.065410E+4	7.704440E+3	-1.733009E+4
7.989000E+1	4.582235E+0	2.932301E+0	4.582663E+0	3.010626E-1	2.335921E+3	-1.838769E+3	4.590760E+3	-2.994600E+3	6.527460E+3	-1.065410E+4	7.704049E+3	-1.732970E+4
7.990000E+1	4.582241E+0	2.917820E+0	4.582669E+0	3.010626E-1	2.334270E+3	-1.842260E+3	4.589249E+3	-2.996330E+3	6.531160E+3	-1.065232E+4	7.709639E+3	-1.732772E+4
7.991000E+1	4.582263E+0	2.876644E+0	4.582691E+0	3.010628E-1	2.334270E+3	-1.842260E+3	4.589737E+3	-2.996086E+3	6.531160E+3	-1.065257E+4	7.710127E+3	-1.732797E+4
7.992000E+1	4.582281E+0	2.942525E+0	4.582709E+0	3.010630E-1	2.334270E+3	-1.842260E+3	4.590226E+3	-2.995842E+3	6.531160E+3	-1.065282E+4	7.710616E+3	-1.732822E+4
7.993000E+1	4.582279E+0	2.994188E+0	4.582707E+0	3.010630E-1	2.334270E+3	-1.842260E+3	4.590714E+3	-2.995598E+3	6.531160E+3	-1.065307E+4	7.711104E+3	-1.732847E+4
7.994000E+1	4.582320E+0	2.869711E+0	4.582748E+0	3.010634E-1	2.334270E+3	-1.842260E+3	4.591202E+3	-2.995354E+3	6.531160E+3	-1.065333E+4	7.711592E+3	-1.732873E+4
7.995000E+1	4.582305E+0	2.879615E+0	4.582733E+0	3.010633E-1	2.334270E+3	-1.842260E+3	4.591690E+3	-2.995110E+3	6.531160E+3	-1.065358E+4	7.712080E+3	-1.732898E+4
7.996000E+1	4.582295E+0	3.049534E+0	4.582723E+0	3.010632E-1	2.334270E+3	-1.842260E+3	4.592178E+3	-2.994866E+3	6.531160E+3	-1.065383E+4	7.712568E+3	-1.732923E+4
7.997000E+1	4.582277E+0	2.926837E+0	4.582705E+0	3.010630E-1	2.334270E+3	-1.842260E+3	4.592666E+3	-2.994622E+3	6.531160E+3	-1.065408E+4	7.713056E+3	-1.732948E+4
7.998000E+1	4.582332E+0	2.908779E+0	4.582760E+0	3.010636E-1	2.332205E+3	-1.840635E+3	4.592710E+3	-2.992975E+3	6.529085E+3	-1.065545E+4	7.707775E+3	-1.733153E+4
7.999000E+1	4.582334E+0	2.788077E+0	4.582762E+0	3.010636E-1	2.331958E+3	-1.840882E+3	4.592710E+3	-2.993222E+3	6.528838E+3	-1.065496E+4	7.708022E+3	-1.733179E+4
8.000000E+1	4.582332E+0	3.055114E+0	4.582760E+0	3.010636E-1	2.331710E+3	-1.841130E+3	4.592710E+3	-2.993470E+3	6.528590E+3	-1.065446E+4	7.708270E+3	-1.733204E+4
8.001000E+1	4.582309E+0	3.009406E+0	4.582737E+0	3.010633E-1	2.331463E+3	-1.841377E+3	4.592710E+3	-2.993717E+3	6.528343E+3	-1.065397E+4	7.708517E+3	-1.733229E+4
8.002000E+1	4.582305E+0	2.913623E+0	4.582733E+0	3.010633E-1	2.331216E+3	-1.841624E+3	4.592710E+3	-2.993964E+3	6.528096E+3	-1.065347E+4	7.708764E+3	-1.733255E+4
8.003000E+1	4.582337E+0	2.871231E+0	4.582765E+0	3.010636E-1	2.330968E+3	-1.841872E+3	4.592710E+3	-2.994212E+3	6.527848E+3	-1.065298E+4	7.709012E+3	-1.733280E+4
8.004000E+1	4.582342E+0	3.017193E+0	4.582770E+0	3.010637E-1	2.330721E+3	-1.842119E+3	4.592710E+3	-2.994459E+3	6.527601E+3	-1.065248E+4	7.709259E+3	-1.733306E+4
8.005000E+1	4.582279E+0	2.941286E+0	4.582707E+0	3.010630E-1	2.331111E+3	-1.842526E+3	4.592710E+3	-2.994600E+3	6.527726E+3	-1.065247E+4	7.708602E+3	-1.733293E+4
8.006000E+1	4.582307E+0	2.920455E+0	4.582735E+0	3.010633E-1	2.332344E+3	-1.843144E+3	4.592710E+3	-2.994600E+3	6.528344E+3	-1.065311E+4	7.706747E+3	-1.733229E+4
8.007000E+1	4.582282E+0	2.807311E+0	4.582710E+0	3.010630E-1	2.333577E+3	-1.843763E+3	4.592710E+3	-2.994600E+3	6.528963E+3	-1.065374E+4	7.704892E+3	-1.733166E+4
8.008000E+1	4.582296E+0	2.952144E+0	4.582724E+0	3.010632E-1	2.334090E+3	-1.844291E+3	4.592710E+3	-2.994781E+3	6.529491E+3	-1.065410E+4	7.703850E+3	-1.733112E+4
8.009000E+1	4.582270E+0	3.000684E+0	4.582698E+0	3.010629E-1	2.333680E+3	-1.844703E+3	4.592710E+3	-2.995193E+3	6.529903E+3	-1.065410E+4	7.703850E+3	-1.733072E+4
8.010000E+1	4.582280E+0	3.004830E+0	4.582708E+0	3.010630E-1	2.333270E+3	-1.845115E+3	4.592710E+3	-2.995605E+3	6.530315E+3	-1.065410E+4	7.703850E+3	-1.733032E+4
8.011000E+1	4.582301E+0	2.912514E+0	4.582729E+0	3.010632E-1	2.332860E+3	-1.845527E+3	4.592710E+3	-2.996017E+3	6.530727E+3	-1.065410E+4	7.703850E+3	-1.732992E+4
8.012000E+1	4.582297E+0	2.813193E+0	4.582725E+0	3.010632E-1	2.332450E+3	-1.845940E+3	4.592710E+3	-2.996430E+3	6.531140E+3	-1.065410E+4	7.703850E+3	-1.732952E+4
8.013000E+1	4.582298E+0	3.057045E+0	4.582726E+0	3.010632E-1	2.332636E+3	-1.846167E+3	4.592503E+3	-2.996450E+3	6.531160E+3	-1.065369E+4	7.704680E+3	-1.732950E+4
8.014000E+1	4.582287E+0	2.942123E+0	4.582715E+0	3.010631E-1	2.332853E+3	-1.846386E+3	4.592284E+3	-2.996450E+3	6.531160E+3	-1.065325E+4	7.705552E+3	-1.732950E+4
8.015000E+1	4.582285E+0	3.003487E+0	4.582713E+0	3.010631E-1	2.333070E+3	-1.846604E+3	4.592066E+3	-2.996450E+3	6.531160E+3	-1.065281E+4	7.706425E+3	-1.732950E+4
8.016000E+1	4.582313E+0	2.897077E+0	4.582741E+0	3.010634E-1	2.333287E+3	-1.846822E+3	4.591848E+3	-2.996450E+3	6.531160E+3	-1.065238E+4	7.707298E+3	-1.732950E+4
8.017000E+1	4.582356E+0	2.943255E+0	4.582784E+0	3.010638E-1	2.333504E+3	-1.847040E+3	4.591630E+3	-2.996450E+3	6.531160E+3	-1.065194E+4	7.708171E+3	-1.732950E+4
8.018000E+1	4.582339E+0	3.083911E+0	4.582767E+0	3.010636E-1	2.333722E+3	-1.847259E+3	4.591411E+3	-2.996450E+3	6.531160E+3	-1.065150E+4	7.709044E+3	-1.732950E+4
8.019000E+1	4.582315E+0	2.920346E+0	4.582743E+0	3.010634E-1	2.333939E+3	-1.847477E+3	4.591193E+3	-2.996450E+3	6.531160E+3	-1.065107E+4	7.709917E+3	-1.732950E+4
8.020000E+1	4.582331E+0	2.757908E+0	4.582759E+0	3.010635E-1	2.334156E+3	-1.847695E+3	4.590975E+3	-2.996450E+3	6.531160E+3	-1.065063E+4	7.710790E+3	-1.732950E+4
8.021000E+1	4.582330E+0	2.992406E+0	4.582758E+0	3.010635E-1	2.333349E+3	-1.842260E+3	4.592710E+3	-2.994138E+3	6.529310E+3	-1.065545E+4	7.707550E+3	-1.732995E+4
8.022000E+1	4.582331E+0	2.939785E+0	4.582759E+0	3.010635E-1	2.331402E+3	-1.842260E+3	4.592710E+3	-2.993162E+3	6.529310E+3	-1.065450E+4	7.707550E+3	-1.733090E+4
8.023000E+1	4.582349E+0	2.959675E+0	4.582777E+0	3.010637E-1	2.330580E+3	-1.842910E+3	4.592710E+3	-2.992750E+3	6.528985E+3	-1.065410E+4	7.707550E+3	-1.733130E+4
8.024000E+1	4.582353E+0	2.804531E+0	4.582781E+0	3.010638E-1	2.330580E+3	-1.844034E+3	4.592710E+3	-2.992750E+3	6.528423E+3	-1.065410E+4	7.707550E+3	-1.733130E+4
8.025000E+1	4.582278E+0	2.957477E+0	4.582706E+0	3.010630E-1	2.330580E+3	-1.845158E+3	4.592710E+3	-2.992750E+3	6.527861E+3	-1.065410E+4	7.707550E+3	-1.733130E+4
8.026000E+1	4.582274E+0	3.017106E+0	4.582702E+0	3.010630E-1	2.330811E+3	-1.845844E+3	4.592710E+3	-2.992981E+3	6.527576E+3	-1.065410E+4	7.707319E+3	-1.733107E+4
8.027000E+1	4.582257E+0	2.929688E+0	4.582685E+0	3.010628E-1	2.331615E+3	-1.845441E+3	4.592710E+3	-2.993788E+3	6.527979E+3	-1.065410E+4	7.706512E+3	-1.733026E+4
8.028000E+1	4.582259E+0	2.903869E+0	4.582687E+0	3.010628E-1	2.332419E+3	-1.845038E+3	4.592710E+3	-2.994594E+3	6.528382E+3	-1.065410E+4	7.705706E+3	-1.732946E+4
8.029000E+1	4.582260E+0	2.869778E+0	4.582689E+0	3.010628E-1	2.333224E+3	-1.844635E+3	4.592710E+3	-2.995401E+3	6.528785E+3	-1.065410E+4	7.704899E+3	-1.732865E+4
8.030000E+1	4.582285E+0	2.978137E+0	4.582713E+0	3.010631E-1	2.334028E+3	-1.844231E+3	4.592710E+3	-2.996207E+3	6.529189E+3	-1.065410E+4	7.704093E+3	-1.732784E+4
8.031000E+1	4.582295E+0	3.026931E+0	4.582723E+0	3.010632E-1	2.334270E+3	-1.843705E+3	4.592305E+3	-2.996450E+3	6.529310E+3	-1.065368E+4	7.703850E+3	-1.732802E+4
8.032000E+1	4.582314E+0	2.887579E+0	4.582742E+0	3.010634E-1	2.334270E+3	-1.843125E+3	4.591725E+3	-2.996450E+3	6.529310E+3	-1.065309E+4	7.703850E+3	-1.732861E+4
8.033000E+1	4.582304E+0	2.854893E+0	4.582733E+0	3.010633E-1	2.334270E+3	-1.842545E+3	4.591145E+3	-2.996450E+3	6.529310E+3	-1.065249E+4	7.703850E+3	-1.732921E+4
8.034000E+1	4.582371E+0	2.938063E+0	4.582799E+0	3.010640E-1	2.334270E+3	-1.842260E+3	4.590860E+3	-2.996450E+3	6.529310E+3	-1.065220E+4	7.704056E+3	-1.732950E+4
8.035000E+1	4.582327E+0	3.041700E+0	4.582755E+0	3.010635E-1	2.334270E+3	-1.842260E+3	4.590860E+3	-2.996450E+3	6.529310E+3	-1.065220E+4	7.704462E+3	-1.732950E+4
8.036000E+1	4.582331E+0	2.898823E+0	4.582759E+0	3.010635E-1	2.334270E+3	-1.842260E+3	4.590860E+3	-2.996450E+3	6.529310E+3	-1.065220E+4	7.704869E+3	-1.732950E+4
8.037000E+1	4.582308E+0	2.808347E+0	4.582736E+0	3.010633E-1	2.334270E+3	-1.842260E+3	4.590860E+3	-2.996450E+3	6.529310E+3	-1.065220E+4	7.705275E+3	-1.732950E+4
8.038000E+1	4.582338E+0	3.037459E+0	4.582766E+0	3.010636E-1	2.334270E+3	-1.842260E+3	4.590860E+3	-2.996450E+3	6.529310E+3	-1.065220E+4	7.705681E+3	-1.732950E+4
8.039000E+1	4.582335E+0	3.022253E+0	4.582763E+0	3.010636E-1	2.334270E+3	-1.842260E+3	4.590860E+3	-2.996450E+3	6.529310E+3	-1.065220E+4	7.706087E+3	-1.732950E+4
8.040000E+1	4.582332E+0	2.943503E+0	4.582760E+0	3.010635E-1	2.334270E+3	-1.842260E+3	4.590860E+3	-2.996450E+3	6.529310E+3	-1.065220E+4	7.706493E+3	-1.732950E+4
8.041000E+1	4.582316E+0	2.869374E+0	4.582744E+0	3.010634E-1	2.334270E+3	-1.842260E+3	4.590860E+3	-2.996450E+3	6.529310E+3	-1.065220E+4	7.706900E+3	-1.732950E+4
8.042000E+1	4.582319E+0	2.865558E+0	4.582747E+0	3.010634E-1	2.334270E+3	-1.842260E+3	4.590860E+3	-2.996450E+3	6.529310E+3	-1.065220E+4	7.707306E+3	-1.732950E+4
8.043000E+1	4.582329E+0	3.052304E+0	4.582757E+0	3.010635E-1	2.334270E+3	-1.842260E+3	4.590860E+3	-2.996450E+3	6.529310E+3	-1.065220E+4	7.707712E+3	-1.732950E+4
8.044000E+1	4.582314E+0	2.968840E+0	4.582742E+0	3.010634E-1	2.334270E+3	-1.842260E+3	4.590860E+3	-2.996450E+3	6.529310E+3	-1.065220E+4	7.708118E+3	-1.732950E+4
8.045000E+1	4.582323E+0	2.897113E+0	4.582751E+0	3.010635E-1	2.334270E+3	-1.842260E+3	4.590860E+3	-2.996450E+3	6.529310E+3	-1.065220E+4	7.708524E+3	-1.732950E+4
8.046000E+1	4.582317E+0	2.832514E+0	4.582745E+0	3.010634E-1	2.334270E+3	-1.842260E+3	4.590860E+3	-2.996450E+3	6.529310E+3	-1.065220E+4	7.708931E+3	-1.732950E+4
8.047000E+1	4.582319E+0	2.975220E+0	4.582747E+0	3.010634E-1	2.334270E+3	-1.842260E+3	4.590860E+3	-2.996450E+3	6.529310E+3	-1.065220E+4	7.709337E+3	-1.732950E+4
8.048000E+1	4.582322E+0	2.973109E+0	4.582750E+0	3.010635E-1	2.334270E+3	-1.841149E+3	4.591971E+3	-2.994228E+3	6.529310E+3	-1.065442E+4	7.707178E+3	-1.732950E+4
8.049000E+1	4.582321E+0	2.830239E+0	4.582749E+0	3.010634E-1	2.332430E+3	-1.838860E+3	4.592564E+3	-2.992896E+3	6.527460E+3	-1.065576E+4	7.705700E+3	-1.733130E+4
8.050000E+1	4.582327E+0	2.895810E+0	4.582755E+0	3.010635E-1	2.332430E+3	-1.839522E+3	4.592233E+3	-2.993227E+3	6.527460E+3	-1.065544E+4	7.705700E+3	-1.733130E+4
8.051000E+1	4.582331E+0	3.033942E+0	4.582759E+0	3.010635E-1	2.332430E+3	-1.840184E+3	4.591901E+3	-2.993559E+3	6.527460E+3	-1.065511E+4	7.705700E+3	-1.733130E+4
8.052000E+1	4.582322E+0	2.958414E+0	4.582750E+0	3.010634E-1	2.332430E+3	-1.840846E+3	4.591569E+3	-2.993891E+3	6.527460E+3	-1.065479E+4	7.705700E+3	-1.733130E+4
8.053000E+1	4.582300E+0	2.965049E+0	4.582728E+0	3.010632E-1	2.332430E+3	-1.841507E+3	4.591237E+3	-2.994223E+3	6.527460E+3	-1.065447E+4	7.705700E+3	-1.733130E+4
8.054000E+1	4.582299E+0	2.850140E+0	4.582727E+0	3.010632E-1	2.332430E+3	-1.842169E+3	4.590905E+3	-2.994555E+3	6.527460E+3	-1.065414E+4	7.705700E+3	-1.733130E+4
8.055000E+1	4.582308E+0	2.983488E+0	4.582736E+0	3.010633E-1	2.334208E+3	-1.847686E+3	4.589010E+3	-2.996388E+3	6.529372E+3	-1.065404E+4	7.702124E+3	-1.732950E+4
8.056000E+1	4.582295E+0	3.080508E+0	4.582723E+0	3.010632E-1	2.334098E+3	-1.847465E+3	4.589010E+3	-2.996277E+3	6.529483E+3	-1.065392E+4	7.702345E+3	-1.732950E+4
8.057000E+1	4.582272E+0	2.961908E+0	4.582700E+0	3.010629E-1	2.333988E+3	-1.847244E+3	4.589010E+3	-2.996167E+3	6.529593E+3	-1.065381E+4	7.702566E+3	-1.732950E+4
8.058000E+1	4.582290E+0	2.941767E+0	4.582718E+0	3.010631E-1	2.333879E+3	-1.847023E+3	4.589010E+3	-2.996057E+3	6.529703E+3	-1.065370E+4	7.702787E+3	-1.732950E+4
8.059000E+1	4.582256E+0	2.881737E+0	4.582684E+0	3.010628E-1	2.333769E+3	-1.846802E+3	4.589010E+3	-2.995946E+3	6.529814E+3	-1.065358E+4	7.703008E+3	-1.732950E+4
8.060000E+1	4.582278E+0	3.021336E+0	4.582706E+0	3.010630E-1	2.333659E+3	-1.846581E+3	4.589010E+3	-2.995836E+3	6.529924E+3	-1.065347E+4	7.703229E+3	-1.732950E+4
8.061000E+1	4.582283E+0	2.909276E+0	4.582711E+0	3.010631E-1	2.333549E+3	-1.846361E+3	4.589010E+3	-2.995725E+3	6.530035E+3	-1.065336E+4	7.703449E+3	-1.732950E+4
8.062000E+1	4.582239E+0	2.839427E+0	4.582667E+0	3.010626E-1	2.333439E+3	-1.846140E+3	4.589010E+3	-2.995615E+3	6.530145E+3	-1.065324E+4	7.703670E+3	-1.732950E+4
8.063000E+1	4.582237E+0	2.895689E+0	4.582665E+0	3.010626E-1	2.333330E+3	-1.845919E+3	4.589010E+3	-2.995504E+3	6.530256E+3	-1.065313E+4	7.703891E+3	-1.732950E+4
8.064000E+1	4.582249E+0	2.946813E+0	4.582677E+0	3.010627E-1	2.333220E+3	-1.845698E+3	4.589010E+3	-2.995394E+3	6.530366E+3	-1.065302E+4	7.704112E+3	-1.732950E+4
8.065000E+1	4.582253E+0	3.031452E+0	4.582681E+0	3.010627E-1	2.333110E+3	-1.845477E+3	4.589010E+3	-2.995284E+3	6.530476E+3	-1.065290E+4	7.704333E+3	-1.732950E+4
8.066000E+1	4.582232E+0	2.999292E+0	4.582660E+0	3.010625E-1	2.333000E+3	-1.845256E+3	4.589010E+3	-2.995173E+3	6.530587E+3	-1.065279E+4	7.704554E+3	-1.732950E+4
8.067000E+1	4.582223E+0	2.796620E+0	4.582651E+0	3.010624E-1	2.332890E+3	-1.845036E+3	4.589010E+3	-2.995063E+3	6.530697E+3	-1.065268E+4	7.704774E+3	-1.732950E+4
8.068000E+1	4.582270E+0	3.074638E+0	4.582698E+0	3.010629E-1	2.332780E+3	-1.844815E+3	4.589010E+3	-2.994952E+3	6.530808E+3	-1.065256E+4	7.704995E+3	-1.732950E+4
8.069000E+1	4.582292E+0	2.948385E+0	4.582720E+0	3.010631E-1	2.332671E+3	-1.844594E+3	4.589010E+3	-2.994842E+3	6.530918E+3	-1.065245E+4	7.705216E+3	-1.732950E+4
8.070000E+1	4.582264E+0	3.002385E+0	4.582692E+0	3.010629E-1	2.332561E+3	-1.844373E+3	4.589010E+3	-2.994732E+3	6.531028E+3	-1.065234E+4	7.705437E+3	-1.732950E+4
8.071000E+1	4.582274E+0	2.830344E+0	4.582702E+0	3.010630E-1	2.332451E+3	-1.844152E+3	4.589010E+3	-2.994621E+3	6.531139E+3	-1.065222E+4	7.705658E+3	-1.732950E+4
8.072000E+1	4.582302E+0	2.968082E+0	4.582730E+0	3.010632E-1	2.333818E+3	-1.843201E+3	4.591314E+3	-2.994146E+3	6.529310E+3	-1.065358E+4	7.709887E+3	-1.732807E+4
8.073000E+1	4.582320E+0	3.066612E+0	4.582748E+0	3.010634E-1	2.333259E+3	-1.842077E+3	4.591877E+3	-2.993583E+3	6.529310E+3	-1.065528E+4	7.708200E+3	-1.732864E+4
8.074000E+1	4.582355E+0	2.926414E+0	4.582783E+0	3.010638E-1	2.332700E+3	-1.840953E+3	4.592439E+3	-2.993021E+3	6.529310E+3	-1.065698E+4	7.706514E+3	-1.732922E+4
8.075000E+1	4.582327E+0	2.854889E+0	4.582755E+0	3.010635E-1	2.329796E+3	-1.842542E+3	4.591644E+3	-2.993534E+3	6.526394E+3	-1.065410E+4	7.705700E+3	-1.733210E+4
8.076000E+1	4.582307E+0	2.898289E+0	4.582735E+0	3.010633E-1	2.330927E+3	-1.844284E+3	4.590512E+3	-2.992924E+3	6.525784E+3	-1.065427E+4	7.705352E+3	-1.733130E+4
8.077000E+1	4.582322E+0	2.998377E+0	4.582750E+0	3.010635E-1	2.331488E+3	-1.844565E+3	4.589950E+3	-2.993205E+3	6.526065E+3	-1.065454E+4	7.704790E+3	-1.733130E+4
8.078000E+1	4.582295E+0	3.025860E+0	4.582723E+0	3.010632E-1	2.332049E+3	-1.844846E+3	4.589387E+3	-2.993486E+3	6.526346E+3	-1.065482E+4	7.704227E+3	-1.733130E+4
8.079000E+1	4.582288E+0	2.909042E+0	4.582716E+0	3.010631E-1	2.332609E+3	-1.845127E+3	4.588825E+3	-2.993767E+3	6.526627E+3	-1.065509E+4	7.703665E+3	-1.733130E+4
8.080000E+1	4.582300E+0	2.844937E+0	4.582728E+0	3.010632E-1	2.333170E+3	-1.845408E+3	4.588263E+3	-2.994048E+3	6.526908E+3	-1.065536E+4	7.703103E+3	-1.733130E+4
8.081000E+1	4.582294E+0	3.052670E+0	4.582722E+0	3.010632E-1	2.333730E+3	-1.845689E+3	4.587701E+3	-2.994329E+3	6.527189E+3	-1.065564E+4	7.702541E+3	-1.733130E+4
8.082000E+1	4.582306E+0	2.965037E+0	4.582734E+0	3.010633E-1	2.334270E+3	-1.845902E+3	4.587218E+3	-2.994658E+3	6.527518E+3	-1.065578E+4	7.702116E+3	-1.733124E+4
8.083000E+1	4.582300E+0	2.939142E+0	4.582728E+0	3.010632E-1	2.334270E+3	-1.844356E+3	4.588764E+3	-2.996204E+3	6.529064E+3	-1.065269E+4	7.705207E+3	-1.732974E+4
8.084000E+1	4.582296E+0	2.782471E+0	4.582724E+0	3.010632E-1	2.334270E+3	-1.843137E+3	4.589335E+3	-2.996450E+3	6.529310E+3	-1.065253E+4	7.706350E+3	-1.732950E+4
8.085000E+1	4.582287E+0	2.927923E+0	4.582715E+0	3.010631E-1	2.334270E+3	-1.841980E+3	4.589721E+3	-2.996450E+3	6.529310E+3	-1.065293E+4	7.707123E+3	-1.732950E+4
8.086000E+1	4.582248E+0	3.031465E+0	4.582676E+0	3.010627E-1	2.334270E+3	-1.840823E+3	4.590108E+3	-2.996450E+3	6.529310E+3	-1.065333E+4	7.707895E+3	-1.732950E+4
8.087000E+1	4.582119E+0	2.991592E+0	4.582547E+0	3.010614E-1	2.334270E+3	-1.839666E+3	4.590494E+3	-2.996450E+3	6.529310E+3	-1.065372E+4	7.708668E+3	-1.732950E+4
8.088000E+1	4.581850E+0	2.896233E+0	4.582278E+0	3.010586E-1	2.334239E+3	-1.838601E+3	4.590860E+3	-2.996388E+3	6.529310E+3	-1.065416E+4	7.709369E+3	-1.732950E+4
8.089000E+1	4.581136E+0	2.811219E+0	4.581564E+0	3.010513E-1	2.333663E+3	-1.839177E+3	4.590860E+3	-2.995229E+3	6.529310E+3	-1.065532E+4	7.708789E+3	-1.732950E+4
8.090000E+1	4.579951E+0	2.981608E+0	4.580379E+0	3.010393E-1	2.333086E+3	-1.839754E+3	4.590860E+3	-2.994070E+3	6.529310E+3	-1.065648E+4	7.708210E+3	-1.732950E+4
8.091000E+1	4.578603E+0	3.020701E+0	4.579031E+0	3.010255E-1	2.332510E+3	-1.840330E+3	4.590860E+3	-2.992910E+3	6.529310E+3	-1.065764E+4	7.707630E+3	-1.732950E+4
8.092000E+1	4.576984E+0	2.908302E+0	4.577412E+0	3.010090E-1	2.332742E+3	-1.841037E+3	4.590860E+3	-2.992750E+3	6.529623E+3	-1.065717E+4	7.708177E+3	-1.732950E+4
8.093000E+1	4.573890E+0	2.868246E+0	4.574318E+0	3.009774E-1	2.333104E+3	-1.841764E+3	4.590860E+3	-2.992750E+3	6.529987E+3	-1.065645E+4	7.708904E+3	-1.732950E+4
8.094000E+1	4.568963E+0	2.997979E+0	4.569391E+0	3.009271E-1	2.333465E+3	-1.842492E+3	4.590860E+3	-2.992750E+3	6.530351E+3	-1.065572E+4	7.709632E+3	-1.732950E+4
8.095000E+1	4.562131E+0	3.107265E+0	4.562559E+0	3.008574E-1	2.333827E+3	-1.843219E+3	4.590860E+3	-2.992750E+3	6.530715E+3	-1.065499E+4	7.710359E+3	-1.732950E+4
8.096000E+1	4.552343E+0	2.997334E+0	4.552771E+0	3.007575E-1	2.334189E+3	-1.843947E+3	4.590860E+3	-2.992750E+3	6.531078E+3	-1.065426E+4	7.711087E+3	-1.732950E+4
8.097000E+1	4.538565E+0	2.859956E+0	4.538993E+0	3.006169E-1	2.334583E+3	-1.844423E+3	4.591173E+3	-2.992439E+3	6.532098E+3	-1.065410E+4	7.712186E+3	-1.732918E+4
8.098000E+1	4.521592E+0	2.939542E+0	4.522020E+0	3.004438E-1	2.334986E+3	-1.844826E+3	4.591576E+3	-2.992038E+3	6.533308E+3	-1.065410E+4	7.713394E+3	-1.732876E+4
8.099000E+1	4.503514E+0	2.947644E+0	4.503942E+0	3.002593E-1	2.335389E+3	-1.845229E+3	4.591979E+3	-2.991637E+3	6.534518E+3	-1.065410E+4	7.714602E+3	-1.732835E+4
8.100000E+1	4.483653E+0	2.912039E+0	4.484081E+0	3.000566E-1	2.335792E+3	-1.845632E+3	4.592382E+3	-2.991236E+3	6.535727E+3	-1.065410E+4	7.715809E+3	-1.732794E+4
8.101000E+1	4.462964E+0	2.894272E+0	4.463392E+0	2.998455E-1	2.336185E+3	-1.845895E+3	4.592775E+3	-2.990974E+3	6.537033E+3	-1.065410E+4	7.716855E+3	-1.732747E+4
8.102000E+1	4.442832E+0	2.856690E+0	4.443260E+0	2.996401E-1	2.336528E+3	-1.845552E+3	4.593118E+3	-2.991316E+3	6.538750E+3	-1.065410E+4	7.717198E+3	-1.732678E+4
8.103000E+1	4.423636E+0	3.022211E+0	4.424064E+0	2.994442E-1	2.336872E+3	-1.845208E+3	4.593462E+3	-2.991657E+3	6.540468E+3	-1.065410E+4	7.717542E+3	-1.732610E+4
8.104000E+1	4.406772E+0	2.959730E+0	4.407200E+0	2.992721E-1	2.337215E+3	-1.844865E+3	4.593805E+3	-2.991999E+3	6.542185E+3	-1.065410E+4	7.717885E+3	-1.732541E+4
8.105000E+1	4.393229E+0	2.843035E+0	4.393657E+0	2.991339E-1	2.337558E+3	-1.844522E+3	4.594148E+3	-2.992341E+3	6.543902E+3	-1.065410E+4	7.718228E+3	-1.732472E+4
8.106000E+1	4.382095E+0	2.814966E+0	4.382523E+0	2.990203E-1	2.337902E+3	-1.844178E+3	4.594492E+3	-2.992682E+3	6.545620E+3	-1.065410E+4	7.718572E+3	-1.732404E+4
8.107000E+1	4.372953E+0	2.970872E+0	4.373381E+0	2.989270E-1	2.337738E+3	-1.844110E+3	4.594792E+3	-2.992519E+3	6.546657E+3	-1.065340E+4	7.720035E+3	-1.732344E+4
8.108000E+1	4.364723E+0	2.930400E+0	4.365152E+0	2.988431E-1	2.337448E+3	-1.844110E+3	4.595082E+3	-2.992231E+3	6.547527E+3	-1.065252E+4	7.721774E+3	-1.732286E+4
8.109000E+1	4.356901E+0	2.868835E+0	4.357329E+0	2.987632E-1	2.337158E+3	-1.844110E+3	4.595372E+3	-2.991942E+3	6.548396E+3	-1.065164E+4	7.723513E+3	-1.732228E+4
8.110000E+1	4.348537E+0	2.774841E+0	4.348965E+0	2.986779E-1	2.336868E+3	-1.844110E+3	4.595662E+3	-2.991654E+3	6.549266E+3	-1.065076E+4	7.725252E+3	-1.732170E+4
8.111000E+1	4.340324E+0	2.981118E+0	4.340752E+0	2.985941E-1	2.336578E+3	-1.844110E+3	4.595952E+3	-2.991366E+3	6.550135E+3	-1.064989E+4	7.726991E+3	-1.732112E+4
8.112000E+1	4.331582E+0	3.012454E+0	4.332010E+0	2.985049E-1	2.336288E+3	-1.844110E+3	4.596242E+3	-2.991077E+3	6.551005E+3	-1.064901E+4	7.728730E+3	-1.732054E+4
8.113000E+1	4.322558E+0	2.946769E+0	4.322986E+0	2.984128E-1	2.339467E+3	-1.844463E+3	4.598437E+3	-2.987033E+3	6.555563E+3	-1.065238E+4	7.735643E+3	-1.732003E+4
8.114000E+1	4.312509E+0	2.772071E+0	4.312937E+0	2.983103E-1	2.338623E+3	-1.845307E+3	4.598858E+3	-2.986612E+3	6.556407E+3	-1.065281E+4	7.736487E+3	-1.731962E+4
8.115000E+1	4.301804E+0	2.928312E+0	4.302232E+0	2.982010E-1	2.337780E+3	-1.846150E+3	4.599280E+3	-2.986190E+3	6.557250E+3	-1.065325E+4	7.737330E+3	-1.731921E+4
8.116000E+1	4.289925E+0	2.997588E+0	4.290353E+0	2.980798E-1	2.336937E+3	-1.846993E+3	4.599701E+3	-2.985769E+3	6.558093E+3	-1.065368E+4	7.738173E+3	-1.731880E+4
8.117000E+1	4.276945E+0	2.917953E+0	4.277373E+0	2.979474E-1	2.336139E+3	-1.847829E+3	4.600119E+3	-2.985360E+3	6.558929E+3	-1.065408E+4	7.739027E+3	-1.731840E+4
8.118000E+1	4.264257E+0	2.849060E+0	4.264685E+0	2.978179E-1	2.336738E+3	-1.848428E+3	4.600419E+3	-2.985360E+3	6.559526E+3	-1.065348E+4	7.740226E+3	-1.731840E+4
8.119000E+1	4.252360E+0	2.935104E+0	4.252788E+0	2.976965E-1	2.337337E+3	-1.849027E+3	4.600719E+3	-2.985360E+3	6.560124E+3	-1.065288E+4	7.741425E+3	-1.731840E+4
8.120000E+1	4.241047E+0	3.001176E+0	4.241475E+0	2.975811E-1	2.337937E+3	-1.849627E+3	4.601018E+3	-2.985360E+3	6.560722E+3	-1.065228E+4	7.742623E+3	-1.731840E+4
8.121000E+1	4.229422E+0	2.934269E+0	4.229850E+0	2.974624E-1	2.338536E+3	-1.850226E+3	4.601318E+3	-2.985360E+3	6.561319E+3	-1.065168E+4	7.743822E+3	-1.731840E+4
8.122000E+1	4.217843E+0	2.826158E+0	4.218271E+0	2.973443E-1	2.339135E+3	-1.850825E+3	4.601618E+3	-2.985360E+3	6.561917E+3	-1.065108E+4	7.745021E+3	-1.731840E+4
8.123000E+1	4.206762E+0	2.822910E+0	4.207190E+0	2.972312E-1	2.339735E+3	-1.851425E+3	4.601917E+3	-2.985360E+3	6.562515E+3	-1.065049E+4	7.746219E+3	-1.731840E+4
8.124000E+1	4.196523E+0	2.937725E+0	4.196951E+0	2.971267E-1	2.340061E+3	-1.851028E+3	4.601960E+3	-2.985360E+3	6.563323E+3	-1.065015E+4	7.746631E+3	-1.731792E+4
8.125000E+1	4.187394E+0	2.985438E+0	4.187822E+0	2.970336E-1	2.340342E+3	-1.850466E+3	4.601960E+3	-2.985360E+3	6.564166E+3	-1.064986E+4	7.746912E+3	-1.731736E+4
8.126000E+1	4.178694E+0	2.954680E+0	4.179122E+0	2.969448E-1	2.340623E+3	-1.849904E+3	4.601960E+3	-2.985360E+3	6.565009E+3	-1.064958E+4	7.747193E+3	-1.731679E+4
8.127000E+1	4.169822E+0	2.831134E+0	4.170250E+0	2.968543E-1	2.340904E+3	-1.849342E+3	4.601960E+3	-2.985360E+3	6.565852E+3	-1.064929E+4	7.747474E+3	-1.731623E+4
8.128000E+1	4.160266E+0	2.992982E+0	4.160694E+0	2.967568E-1	2.341185E+3	-1.848780E+3	4.601960E+3	-2.985360E+3	6.566696E+3	-1.064900E+4	7.747755E+3	-1.731567E+4
8.129000E+1	4.150464E+0	2.934291E+0	4.150892E+0	2.966567E-1	2.341466E+3	-1.848218E+3	4.601960E+3	-2.985360E+3	6.567539E+3	-1.064871E+4	7.748036E+3	-1.731511E+4
8.130000E+1	4.141779E+0	2.872741E+0	4.142207E+0	2.965681E-1	2.343520E+3	-1.847882E+3	4.602032E+3	-2.985216E+3	6.571922E+3	-1.064836E+4	7.750377E+3	-1.731280E+4
8.131000E+1	4.133185E+0	2.813393E+0	4.133613E+0	2.964804E-1	2.343520E+3	-1.848143E+3	4.602293E+3	-2.984694E+3	6.572183E+3	-1.064783E+4	7.751422E+3	-1.731280E+4
8.132000E+1	4.123807E+0	2.916486E+0	4.124236E+0	2.963847E-1	2.343520E+3	-1.848404E+3	4.602554E+3	-2.984171E+3	6.572444E+3	-1.064731E+4	7.752467E+3	-1.731280E+4
8.133000E+1	4.114038E+0	3.011345E+0	4.114466E+0	2.962850E-1	2.343520E+3	-1.848666E+3	4.602816E+3	-2.983649E+3	6.572706E+3	-1.064679E+4	7.753513E+3	-1.731280E+4
8.134000E+1	4.104250E+0	2.891389E+0	4.104678E+0	2.961852E-1	2.343520E+3	-1.848927E+3	4.603077E+3	-2.983126E+3	6.572967E+3	-1.064627E+4	7.754558E+3	-1.731280E+4
8.135000E+1	4.094138E+0	2.861005E+0	4.094567E+0	2.960820E-1	2.343520E+3	-1.849188E+3	4.603338E+3	-2.982604E+3	6.573228E+3	-1.064574E+4	7.755603E+3	-1.731280E+4
8.136000E+1	4.083640E+0	2.859151E+0	4.084068E+0	2.959749E-1	2.343520E+3	-1.849449E+3	4.603599E+3	-2.982081E+3	6.573489E+3	-1.064522E+4	7.756648E+3	-1.731280E+4
8.137000E+1	4.072323E+0	2.869084E+0	4.072751E+0	2.958594E-1	2.343193E+3	-1.849006E+3	4.603810E+3	-2.981660E+3	6.574027E+3	-1.064579E+4	7.757817E+3	-1.731280E+4
8.138000E+1	4.060740E+0	2.913878E+0	4.061168E+0	2.957412E-1	2.341670E+3	-1.845935E+3	4.603810E+3	-2.981635E+3	6.575575E+3	-1.065042E+4	7.759340E+3	-1.731283E+4
8.139000E+1	4.050144E+0	2.853285E+0	4.050572E+0	2.956331E-1	2.341670E+3	-1.845677E+3	4.603810E+3	-2.981377E+3	6.575833E+3	-1.065067E+4	7.759340E+3	-1.731309E+4
8.140000E+1	4.040015E+0	2.818133E+0	4.040443E+0	2.955297E-1	2.341670E+3	-1.845420E+3	4.603810E+3	-2.981120E+3	6.576090E+3	-1.065093E+4	7.759340E+3	-1.731335E+4
8.141000E+1	4.029754E+0	2.986729E+0	4.030182E+0	2.954250E-1	2.341670E+3	-1.845162E+3	4.603810E+3	-2.980862E+3	6.576348E+3	-1.065118E+4	7.759340E+3	-1.731362E+4
8.142000E+1	4.019805E+0	3.004068E+0	4.020233E+0	2.953235E-1	2.341670E+3	-1.844905E+3	4.603810E+3	-2.980605E+3	6.576605E+3	-1.065143E+4	7.759340E+3	-1.731388E+4
8.143000E+1	4.010334E+0	2.906436E+0	4.010762E+0	2.952268E-1	2.341670E+3	-1.844647E+3	4.603810E+3	-2.980347E+3	6.576863E+3	-1.065168E+4	7.759340E+3	-1.731415E+4
8.144000E+1	4.001016E+0	2.747271E+0	4.001444E+0	2.951318E-1	2.341670E+3	-1.844389E+3	4.603810E+3	-2.980089E+3	6.577121E+3	-1.065193E+4	7.759340E+3	-1.731441E+4
8.145000E+1	3.991718E+0	2.929887E+0	3.992146E+0	2.950369E-1	2.341670E+3	-1.844132E+3	4.603810E+3	-2.979832E+3	6.577378E+3	-1.065218E+4	7.759340E+3	-1.731468E+4
8.146000E+1	3.982923E+0	3.005777E+0	3.983351E+0	2.949471E-1	2.342520E+3	-1.845809E+3	4.603810E+3	-2.980660E+3	6.577400E+3	-1.065137E+4	7.760190E+3	-1.731470E+4
8.147000E+1	3.974172E+0	2.965068E+0	3.974600E+0	2.948578E-1	2.343447E+3	-1.847664E+3	4.603810E+3	-2.981587E+3	6.577400E+3	-1.065047E+4	7.761117E+3	-1.731470E+4
8.148000E+1	3.964704E+0	2.884724E+0	3.965132E+0	2.947612E-1	2.343520E+3	-1.847810E+3	4.604272E+3	-2.982122E+3	6.578324E+3	-1.065040E+4	7.760728E+3	-1.731423E+4
8.149000E+1	3.954533E+0	2.945765E+0	3.954961E+0	2.946574E-1	2.343520E+3	-1.847810E+3	4.604773E+3	-2.982623E+3	6.579327E+3	-1.065040E+4	7.760227E+3	-1.731371E+4
8.150000E+1	3.944431E+0	3.016124E+0	3.944859E+0	2.945544E-1	2.343520E+3	-1.847810E+3	4.605275E+3	-2.983125E+3	6.580329E+3	-1.065040E+4	7.759725E+3	-1.731320E+4
8.151000E+1	3.933923E+0	2.975335E+0	3.934351E+0	2.944471E-1	2.343673E+3	-1.847810E+3	4.605660E+3	-2.983510E+3	6.581406E+3	-1.065024E+4	7.759646E+3	-1.731249E+4
8.152000E+1	3.923594E+0	2.875905E+0	3.924022E+0	2.943417E-1	2.344336E+3	-1.847810E+3	4.605660E+3	-2.983510E+3	6.582731E+3	-1.064956E+4	7.760971E+3	-1.731117E+4
8.153000E+1	3.913399E+0	2.830234E+0	3.913827E+0	2.942377E-1	2.344998E+3	-1.847810E+3	4.605660E+3	-2.983510E+3	6.584056E+3	-1.064888E+4	7.762296E+3	-1.730984E+4
8.154000E+1	3.902878E+0	2.865272E+0	3.903306E+0	2.941303E-1	2.345213E+3	-1.847967E+3	4.605660E+3	-2.983510E+3	6.585113E+3	-1.064835E+4	7.763822E+3	-1.730895E+4
8.155000E+1	3.892406E+0	2.874432E+0	3.892834E+0	2.940235E-1	2.344857E+3	-1.848323E+3	4.605660E+3	-2.983510E+3	6.585827E+3	-1.064800E+4	7.765603E+3	-1.730860E+4
8.156000E+1	3.882534E+0	2.899524E+0	3.882962E+0	2.939228E-1	2.344500E+3	-1.848680E+3	4.605660E+3	-2.983510E+3	6.586540E+3	-1.064765E+4	7.767385E+3	-1.730825E+4
8.157000E+1	3.873067E+0	2.839205E+0	3.873495E+0	2.938262E-1	2.344143E+3	-1.849037E+3	4.605660E+3	-2.983510E+3	6.587253E+3	-1.064731E+4	7.769167E+3	-1.730791E+4
8.158000E+1	3.863256E+0	3.007927E+0	3.863684E+0	2.937260E-1	2.343787E+3	-1.849393E+3	4.605660E+3	-2.983510E+3	6.587967E+3	-1.064696E+4	7.770949E+3	-1.730756E+4
8.159000E+1	3.853442E+0	2.959449E+0	3.853870E+0	2.936259E-1	2.343520E+3	-1.849325E+3	4.605827E+3	-2.983175E+3	6.588667E+3	-1.064720E+4	7.772280E+3	-1.730730E+4
8.160000E+1	3.844025E+0	2.873059E+0	3.844453E+0	2.935298E-1	2.343520E+3	-1.848000E+3	4.606490E+3	-2.981850E+3	6.589330E+3	-1.064917E+4	7.772280E+3	-1.730730E+4
8.161000E+1	3.834539E+0	2.776884E+0	3.834967E+0	2.934330E-1	2.343520E+3	-1.846675E+3	4.607152E+3	-2.980525E+3	6.589992E+3	-1.065114E+4	7.772280E+3	-1.730730E+4
8.162000E+1	3.823547E+0	2.930875E+0	3.823975E+0	2.933209E-1	2.343520E+3	-1.845960E+3	4.607510E+3	-2.979636E+3	6.590350E+3	-1.065203E+4	7.772628E+3	-1.730747E+4
8.163000E+1	3.812385E+0	3.044348E+0	3.812813E+0	2.932069E-1	2.343520E+3	-1.845960E+3	4.607510E+3	-2.979257E+3	6.590350E+3	-1.065166E+4	7.773386E+3	-1.730784E+4
8.164000E+1	3.800888E+0	2.909155E+0	3.801316E+0	2.930896E-1	2.343520E+3	-1.845960E+3	4.607510E+3	-2.978879E+3	6.590350E+3	-1.065129E+4	7.774143E+3	-1.730821E+4
8.165000E+1	3.789564E+0	2.827716E+0	3.789992E+0	2.929741E-1	2.343520E+3	-1.845960E+3	4.607510E+3	-2.978500E+3	6.590350E+3	-1.065093E+4	7.774900E+3	-1.730857E+4
8.166000E+1	3.778313E+0	2.883261E+0	3.778741E+0	2.928593E-1	2.343520E+3	-1.845960E+3	4.607510E+3	-2.978122E+3	6.590350E+3	-1.065056E+4	7.775657E+3	-1.730894E+4
8.167000E+1	3.767109E+0	2.853311E+0	3.767537E+0	2.927449E-1	2.343863E+3	-1.845960E+3	4.607510E+3	-2.978303E+3	6.590350E+3	-1.065040E+4	7.775637E+3	-1.730910E+4
8.168000E+1	3.756985E+0	2.845104E+0	3.757414E+0	2.926416E-1	2.344461E+3	-1.845960E+3	4.607510E+3	-2.978901E+3	6.590350E+3	-1.065040E+4	7.775039E+3	-1.730910E+4
8.169000E+1	3.747446E+0	2.820045E+0	3.747874E+0	2.925443E-1	2.345060E+3	-1.845960E+3	4.607510E+3	-2.979500E+3	6.590350E+3	-1.065040E+4	7.774440E+3	-1.730910E+4
8.170000E+1	3.737946E+0	2.864449E+0	3.738374E+0	2.924474E-1	2.345480E+3	-1.846181E+3	4.607510E+3	-2.979810E+3	6.590571E+3	-1.065040E+4	7.774020E+3	-1.730899E+4
8.171000E+1	3.729249E+0	2.950375E+0	3.729677E+0	2.923586E-1	2.345709E+3	-1.846639E+3	4.607510E+3	-2.979810E+3	6.591029E+3	-1.065040E+4	7.773791E+3	-1.730877E+4
8.172000E+1	3.720447E+0	2.931696E+0	3.720875E+0	2.922688E-1	2.345938E+3	-1.847097E+3	4.607510E+3	-2.979810E+3	6.591487E+3	-1.065040E+4	7.773562E+3	-1.730855E+4
8.173000E+1	3.711894E+0	2.940024E+0	3.712322E+0	2.921815E-1	2.346167E+3	-1.847555E+3	4.607510E+3	-2.979810E+3	6.591945E+3	-1.065040E+4	7.773333E+3	-1.730832E+4
8.174000E+1	3.702687E+0	2.772632E+0	3.703115E+0	2.920876E-1	2.346396E+3	-1.848013E+3	4.607510E+3	-2.979810E+3	6.592403E+3	-1.065040E+4	7.773104E+3	-1.730810E+4
8.175000E+1	3.694042E+0	2.888152E+0	3.694470E+0	2.919994E-1	2.346625E+3	-1.848471E+3	4.607510E+3	-2.979810E+3	6.592861E+3	-1.065040E+4	7.772875E+3	-1.730788E+4
8.176000E+1	3.685394E+0	2.948370E+0	3.685822E+0	2.919111E-1	2.346854E+3	-1.848929E+3	4.607510E+3	-2.979810E+3	6.593319E+3	-1.065040E+4	7.772646E+3	-1.730766E+4
8.177000E+1	3.675904E+0	2.906466E+0	3.676332E+0	2.918143E-1	2.347083E+3	-1.849387E+3	4.607510E+3	-2.979810E+3	6.593777E+3	-1.065040E+4	7.772417E+3	-1.730743E+4
8.178000E+1	3.666759E+0	2.789050E+0	3.667187E+0	2.917210E-1	2.347220E+3	-1.849660E+3	4.607597E+3	-2.979810E+3	6.594137E+3	-1.065031E+4	7.772454E+3	-1.730730E+4
8.179000E+1	3.657521E+0	2.947078E+0	3.657949E+0	2.916267E-1	2.347220E+3	-1.849660E+3	4.607813E+3	-2.979810E+3	6.594353E+3	-1.065009E+4	7.772885E+3	-1.730730E+4
8.180000E+1	3.647998E+0	2.976907E+0	3.648426E+0	2.915295E-1	2.347220E+3	-1.849660E+3	4.608028E+3	-2.979810E+3	6.594568E+3	-1.064987E+4	7.773317E+3	-1.730730E+4
8.181000E+1	3.638285E+0	2.895587E+0	3.638713E+0	2.914304E-1	2.347220E+3	-1.849660E+3	4.608244E+3	-2.979810E+3	6.594784E+3	-1.064965E+4	7.773748E+3	-1.730730E+4
8.182000E+1	3.627479E+0	2.790985E+0	3.627908E+0	2.913202E-1	2.347220E+3	-1.849660E+3	4.608460E+3	-2.979810E+3	6.595000E+3	-1.064942E+4	7.774179E+3	-1.730730E+4
8.183000E+1	3.617493E+0	2.821557E+0	3.617921E+0	2.912183E-1	2.347220E+3	-1.849660E+3	4.608675E+3	-2.979810E+3	6.595215E+3	-1.064920E+4	7.774611E+3	-1.730730E+4
8.184000E+1	3.606988E+0	2.817573E+0	3.607416E+0	2.911111E-1	2.347220E+3	-1.849660E+3	4.608891E+3	-2.979810E+3	6.595431E+3	-1.064898E+4	7.775042E+3	-1.730730E+4
8.185000E+1	3.597094E+0	2.904520E+0	3.597522E+0	2.910101E-1	2.347220E+3	-1.849660E+3	4.609107E+3	-2.979810E+3	6.595647E+3	-1.064876E+4	7.775474E+3	-1.730730E+4
8.186000E+1	3.587901E+0	2.856399E+0	3.588329E+0	2.909163E-1	2.347220E+3	-1.849660E+3	4.609322E+3	-2.979810E+3	6.595862E+3	-1.064854E+4	7.775905E+3	-1.730730E+4
8.187000E+1	3.579180E+0	2.783777E+0	3.579608E+0	2.908273E-1	2.347436E+3	-1.849876E+3	4.609144E+3	-2.979810E+3	6.596116E+3	-1.064872E+4	7.776627E+3	-1.730730E+4
8.188000E+1	3.570375E+0	2.889373E+0	3.570803E+0	2.907375E-1	2.347697E+3	-1.850137E+3	4.608883E+3	-2.979810E+3	6.596377E+3	-1.064899E+4	7.777411E+3	-1.730730E+4
8.189000E+1	3.560674E+0	2.856776E+0	3.561102E+0	2.906385E-1	2.347958E+3	-1.850398E+3	4.608622E+3	-2.979810E+3	6.596638E+3	-1.064926E+4	7.778195E+3	-1.730730E+4
8.190000E+1	3.550530E+0	2.789700E+0	3.550958E+0	2.905350E-1	2.348220E+3	-1.850660E+3	4.608360E+3	-2.979810E+3	6.596900E+3	-1.064953E+4	7.778979E+3	-1.730730E+4
8.191000E+1	3.540860E+0	2.779194E+0	3.541288E+0	2.904363E-1	2.348481E+3	-1.850921E+3	4.608099E+3	-2.979810E+3	6.597161E+3	-1.064979E+4	7.779762E+3	-1.730730E+4
8.192000E+1	3.531157E+0	2.934103E+0	3.531585E+0	2.903373E-1	2.348742E+3	-1.851182E+3	4.607838E+3	-2.979810E+3	6.597422E+3	-1.065006E+4	7.780546E+3	-1.730730E+4
8.193000E+1	3.522018E+0	2.994969E+0	3.522447E+0	2.902440E-1	2.349003E+3	-1.851443E+3	4.607577E+3	-2.979810E+3	6.597683E+3	-1.065033E+4	7.781330E+3	-1.730730E+4
8.194000E+1	3.513031E+0	2.915489E+0	3.513459E+0	2.901523E-1	2.348624E+3	-1.849728E+3	4.607510E+3	-2.979364E+3	6.597750E+3	-1.065129E+4	7.781084E+3	-1.730730E+4
8.195000E+1	3.503382E+0	2.789097E+0	3.503810E+0	2.900539E-1	2.348026E+3	-1.847334E+3	4.607510E+3	-2.978766E+3	6.597750E+3	-1.065249E+4	7.780486E+3	-1.730730E+4
8.196000E+1	3.493423E+0	2.778386E+0	3.493851E+0	2.899522E-1	2.347428E+3	-1.844940E+3	4.607510E+3	-2.978168E+3	6.597750E+3	-1.065368E+4	7.779888E+3	-1.730730E+4
8.197000E+1	3.483327E+0	2.816853E+0	3.483755E+0	2.898492E-1	2.343711E+3	-1.846151E+3	4.607605E+3	-2.976301E+3	6.597845E+3	-1.065211E+4	7.783475E+3	-1.730901E+4
8.198000E+1	3.473404E+0	2.874862E+0	3.473832E+0	2.897480E-1	2.344003E+3	-1.846443E+3	4.607751E+3	-2.976593E+3	6.597991E+3	-1.065197E+4	7.783621E+3	-1.730887E+4
8.199000E+1	3.463494E+0	2.761837E+0	3.463922E+0	2.896468E-1	2.344295E+3	-1.846735E+3	4.607898E+3	-2.976885E+3	6.598138E+3	-1.065182E+4	7.783768E+3	-1.730872E+4
8.200000E+1	3.454031E+0	2.912846E+0	3.454459E+0	2.895503E-1	2.344587E+3	-1.847027E+3	4.608044E+3	-2.977177E+3	6.598284E+3	-1.065168E+4	7.783914E+3	-1.730858E+4
8.201000E+1	3.444524E+0	2.969654E+0	3.444952E+0	2.894533E-1	2.344879E+3	-1.847319E+3	4.608190E+3	-2.977469E+3	6.598430E+3	-1.065154E+4	7.784060E+3	-1.730844E+4
8.202000E+1	3.434802E+0	2.849925E+0	3.435230E+0	2.893541E-1	2.345171E+3	-1.847611E+3	4.608336E+3	-2.977761E+3	6.598576E+3	-1.065140E+4	7.784206E+3	-1.730830E+4
8.203000E+1	3.425200E+0	2.772596E+0	3.425628E+0	2.892561E-1	2.345464E+3	-1.847904E+3	4.608482E+3	-2.978054E+3	6.598722E+3	-1.065125E+4	7.784352E+3	-1.730815E+4
8.204000E+1	3.415852E+0	2.746225E+0	3.416280E+0	2.891607E-1	2.345756E+3	-1.848196E+3	4.608628E+3	-2.978346E+3	6.598868E+3	-1.065111E+4	7.784498E+3	-1.730801E+4
8.205000E+1	3.406754E+0	2.890297E+0	3.407182E+0	2.890679E-1	2.346048E+3	-1.848488E+3	4.608774E+3	-2.978638E+3	6.599014E+3	-1.065097E+4	7.784644E+3	-1.730787E+4
8.206000E+1	3.397222E+0	2.907750E+0	3.397650E+0	2.889706E-1	2.346340E+3	-1.848780E+3	4.608920E+3	-2.978930E+3	6.599160E+3	-1.065083E+4	7.784790E+3	-1.730773E+4
8.207000E+1	3.386982E+0	2.836027E+0	3.387410E+0	2.888661E-1	2.346632E+3	-1.849072E+3	4.609066E+3	-2.979222E+3	6.599306E+3	-1.065069E+4	7.784936E+3	-1.730759E+4
8.208000E+1	3.376643E+0	2.803137E+0	3.377071E+0	2.887606E-1	2.346924E+3	-1.849364E+3	4.609212E+3	-2.979514E+3	6.599452E+3	-1.065054E+4	7.785082E+3	-1.730744E+4
8.209000E+1	3.366438E+0	2.790227E+0	3.366866E+0	2.886565E-1	2.347216E+3	-1.849656E+3	4.609358E+3	-2.979806E+3	6.599598E+3	-1.065040E+4	7.785228E+3	-1.730730E+4
8.210000E+1	3.356678E+0	2.840051E+0	3.357106E+0	2.885569E-1	2.349070E+3	-1.851035E+3	4.611210E+3	-2.974102E+3	6.610700E+3	-1.064898E+4	7.796172E+3	-1.730186E+4
8.211000E+1	3.346672E+0	2.790269E+0	3.347100E+0	2.884548E-1	2.349070E+3	-1.850500E+3	4.611210E+3	-2.973923E+3	6.610700E+3	-1.064952E+4	7.795993E+3	-1.730205E+4
8.212000E+1	3.336965E+0	2.673092E+0	3.337393E+0	2.883557E-1	2.349070E+3	-1.849965E+3	4.611210E+3	-2.973745E+3	6.610700E+3	-1.065006E+4	7.795815E+3	-1.730223E+4
8.213000E+1	3.327239E+0	2.905661E+0	3.327667E+0	2.882565E-1	2.349070E+3	-1.849430E+3	4.611210E+3	-2.973567E+3	6.610700E+3	-1.065060E+4	7.795637E+3	-1.730241E+4
8.214000E+1	3.317860E+0	2.919341E+0	3.318288E+0	2.881608E-1	2.349070E+3	-1.848895E+3	4.611210E+3	-2.973388E+3	6.610700E+3	-1.065114E+4	7.795458E+3	-1.730260E+4
8.215000E+1	3.308521E+0	2.867383E+0	3.308949E+0	2.880655E-1	2.349070E+3	-1.848360E+3	4.611210E+3	-2.973210E+3	6.610700E+3	-1.065168E+4	7.795280E+3	-1.730278E+4
8.216000E+1	3.298632E+0	2.722084E+0	3.299060E+0	2.879646E-1	2.349070E+3	-1.847825E+3	4.611210E+3	-2.973032E+3	6.610700E+3	-1.065222E+4	7.795102E+3	-1.730296E+4
8.217000E+1	3.288151E+0	2.713321E+0	3.288579E+0	2.878576E-1	2.349070E+3	-1.847290E+3	4.611210E+3	-2.972853E+3	6.610700E+3	-1.065276E+4	7.794923E+3	-1.730314E+4
8.218000E+1	3.278224E+0	2.844945E+0	3.278652E+0	2.877563E-1	2.349070E+3	-1.846754E+3	4.611210E+3	-2.972675E+3	6.610700E+3	-1.065330E+4	7.794745E+3	-1.730333E+4
8.219000E+1	3.267610E+0	2.842385E+0	3.268038E+0	2.876480E-1	2.349070E+3	-1.846219E+3	4.611210E+3	-2.972496E+3	6.610700E+3	-1.065384E+4	7.794566E+3	-1.730351E+4
8.220000E+1	3.257055E+0	2.874561E+0	3.257483E+0	2.875403E-1	2.347419E+3	-1.847810E+3	4.611011E+3	-2.974459E+3	6.612947E+3	-1.065220E+4	7.798180E+3	-1.730340E+4
8.221000E+1	3.246813E+0	2.820266E+0	3.247241E+0	2.874358E-1	2.347806E+3	-1.847810E+3	4.610624E+3	-2.974846E+3	6.613718E+3	-1.065220E+4	7.798180E+3	-1.730300E+4
8.222000E+1	3.236198E+0	2.884233E+0	3.236626E+0	2.873275E-1	2.348192E+3	-1.847810E+3	4.610238E+3	-2.975232E+3	6.614489E+3	-1.065220E+4	7.798180E+3	-1.730260E+4
8.223000E+1	3.225627E+0	2.823210E+0	3.226055E+0	2.872196E-1	2.348578E+3	-1.847810E+3	4.609852E+3	-2.975618E+3	6.615260E+3	-1.065220E+4	7.798180E+3	-1.730220E+4
8.224000E+1	3.215163E+0	2.753405E+0	3.215591E+0	2.871128E-1	2.348965E+3	-1.847810E+3	4.609465E+3	-2.976005E+3	6.616030E+3	-1.065220E+4	7.798180E+3	-1.730181E+4
8.225000E+1	3.204991E+0	2.758167E+0	3.205419E+0	2.870091E-1	2.350001E+3	-1.848276E+3	4.609826E+3	-2.975179E+3	6.617637E+3	-1.065127E+4	7.800043E+3	-1.730077E+4
8.226000E+1	3.195710E+0	2.946005E+0	3.196138E+0	2.869143E-1	2.351281E+3	-1.848915E+3	4.610465E+3	-2.973899E+3	6.619556E+3	-1.064999E+4	7.802601E+3	-1.729949E+4
8.227000E+1	3.187039E+0	2.915745E+0	3.187467E+0	2.868259E-1	2.352560E+3	-1.849555E+3	4.611105E+3	-2.972620E+3	6.621475E+3	-1.064871E+4	7.805160E+3	-1.729821E+4
8.228000E+1	3.178404E+0	2.856528E+0	3.178832E+0	2.867378E-1	2.353093E+3	-1.850306E+3	4.611533E+3	-2.972410E+3	6.622113E+3	-1.064915E+4	7.806549E+3	-1.729769E+4
8.229000E+1	3.169511E+0	2.699472E+0	3.169939E+0	2.866470E-1	2.353480E+3	-1.851080E+3	4.611920E+3	-2.972410E+3	6.622500E+3	-1.064992E+4	7.807709E+3	-1.729731E+4
8.230000E+1	3.160083E+0	2.792615E+0	3.160511E+0	2.865508E-1	2.353866E+3	-1.851853E+3	4.612306E+3	-2.972410E+3	6.622886E+3	-1.065069E+4	7.808869E+3	-1.729693E+4
8.231000E+1	3.150875E+0	2.968120E+0	3.151303E+0	2.864568E-1	2.354253E+3	-1.852626E+3	4.612693E+3	-2.972410E+3	6.623273E+3	-1.065147E+4	7.810029E+3	-1.729656E+4
8.232000E+1	3.141579E+0	2.903018E+0	3.142007E+0	2.863620E-1	2.354562E+3	-1.853302E+3	4.613060E+3	-2.972381E+3	6.623669E+3	-1.065223E+4	7.811130E+3	-1.729623E+4
8.233000E+1	3.132316E+0	2.836215E+0	3.132744E+0	2.862675E-1	2.353438E+3	-1.852178E+3	4.613060E+3	-2.971819E+3	6.624231E+3	-1.065281E+4	7.811130E+3	-1.729677E+4
8.234000E+1	3.122649E+0	2.707205E+0	3.123077E+0	2.861688E-1	2.352314E+3	-1.851054E+3	4.613060E+3	-2.971257E+3	6.624793E+3	-1.065338E+4	7.811130E+3	-1.729732E+4
8.235000E+1	3.113036E+0	2.848518E+0	3.113464E+0	2.860707E-1	2.351190E+3	-1.849930E+3	4.613060E+3	-2.970695E+3	6.625355E+3	-1.065396E+4	7.811130E+3	-1.729787E+4
8.236000E+1	3.102802E+0	2.839524E+0	3.103230E+0	2.859663E-1	2.350620E+3	-1.849960E+3	4.613660E+3	-2.970860E+3	6.625490E+3	-1.065379E+4	7.811430E+3	-1.729860E+4
8.237000E+1	3.092163E+0	2.753134E+0	3.092591E+0	2.858578E-1	2.350225E+3	-1.850355E+3	4.614449E+3	-2.971255E+3	6.625490E+3	-1.065339E+4	7.811825E+3	-1.729939E+4
8.238000E+1	3.081071E+0	2.700737E+0	3.081499E+0	2.857446E-1	2.349831E+3	-1.850749E+3	4.615239E+3	-2.971649E+3	6.625490E+3	-1.065298E+4	7.812219E+3	-1.730018E+4
8.239000E+1	3.070253E+0	2.802809E+0	3.070681E+0	2.856342E-1	2.349436E+3	-1.851144E+3	4.616028E+3	-2.972044E+3	6.625490E+3	-1.065258E+4	7.812614E+3	-1.730097E+4
8.240000E+1	3.060563E+0	2.870740E+0	3.060991E+0	2.855353E-1	2.349087E+3	-1.851518E+3	4.616760E+3	-2.972418E+3	6.625498E+3	-1.065220E+4	7.812972E+3	-1.730168E+4
8.241000E+1	3.050735E+0	2.763142E+0	3.051163E+0	2.854350E-1	2.349314E+3	-1.851632E+3	4.616760E+3	-2.972532E+3	6.625612E+3	-1.065220E+4	7.812858E+3	-1.730146E+4
8.242000E+1	3.040852E+0	2.635804E+0	3.041280E+0	2.853342E-1	2.349542E+3	-1.851746E+3	4.616760E+3	-2.972646E+3	6.625726E+3	-1.065220E+4	7.812744E+3	-1.730123E+4
8.243000E+1	3.031340E+0	2.901672E+0	3.031768E+0	2.852371E-1	2.349769E+3	-1.851860E+3	4.616760E+3	-2.972760E+3	6.625840E+3	-1.065220E+4	7.812630E+3	-1.730100E+4
8.244000E+1	3.021805E+0	2.914492E+0	3.022233E+0	2.851398E-1	2.349997E+3	-1.851973E+3	4.616760E+3	-2.972873E+3	6.625953E+3	-1.065220E+4	7.812517E+3	-1.730077E+4
8.245000E+1	3.011947E+0	2.938563E+0	3.012375E+0	2.850392E-1	2.350225E+3	-1.852087E+3	4.616760E+3	-2.972987E+3	6.626067E+3	-1.065220E+4	7.812403E+3	-1.730055E+4
8.246000E+1	3.001982E+0	2.721590E+0	3.002410E+0	2.849375E-1	2.350452E+3	-1.852201E+3	4.616760E+3	-2.973101E+3	6.626181E+3	-1.065220E+4	7.812289E+3	-1.730032E+4
8.247000E+1	2.992174E+0	2.693285E+0	2.992602E+0	2.848374E-1	2.350680E+3	-1.852315E+3	4.616760E+3	-2.973215E+3	6.626295E+3	-1.065220E+4	7.812175E+3	-1.730009E+4
8.248000E+1	2.982372E+0	2.842598E+0	2.982800E+0	2.847374E-1	2.350907E+3	-1.852429E+3	4.616760E+3	-2.973329E+3	6.626409E+3	-1.065220E+4	7.812061E+3	-1.729986E+4
8.249000E+1	2.972717E+0	2.845797E+0	2.973145E+0	2.846389E-1	2.351135E+3	-1.852542E+3	4.616760E+3	-2.973442E+3	6.626522E+3	-1.065220E+4	7.811948E+3	-1.729964E+4
8.250000E+1	2.962659E+0	2.816983E+0	2.963087E+0	2.845363E-1	2.351363E+3	-1.852656E+3	4.616760E+3	-2.973556E+3	6.626636E+3	-1.065220E+4	7.811834E+3	-1.729941E+4
8.251000E+1	2.952372E+0	2.786016E+0	2.952800E+0	2.844313E-1	2.351590E+3	-1.852770E+3	4.616760E+3	-2.973670E+3	6.626750E+3	-1.065220E+4	7.811720E+3	-1.729918E+4
8.252000E+1	2.943020E+0	2.809446E+0	2.943448E+0	2.843359E-1	2.351818E+3	-1.852884E+3	4.616760E+3	-2.973784E+3	6.626864E+3	-1.065220E+4	7.811606E+3	-1.729895E+4
8.253000E+1	2.934399E+0	2.826908E+0	2.934827E+0	2.842479E-1	2.352045E+3	-1.852998E+3	4.616760E+3	-2.973898E+3	6.626978E+3	-1.065220E+4	7.811492E+3	-1.729872E+4
8.254000E+1	2.925422E+0	2.791020E+0	2.925850E+0	2.841563E-1	2.352273E+3	-1.853111E+3	4.616760E+3	-2.974011E+3	6.627091E+3	-1.065220E+4	7.811379E+3	-1.729850E+4
8.255000E+1	2.915420E+0	2.752789E+0	2.915848E+0	2.840542E-1	2.352501E+3	-1.853225E+3	4.616760E+3	-2.974125E+3	6.627205E+3	-1.065220E+4	7.811265E+3	-1.729827E+4
8.256000E+1	2.906107E+0	2.780601E+0	2.906535E+0	2.839592E-1	2.352728E+3	-1.853339E+3	4.616760E+3	-2.974239E+3	6.627319E+3	-1.065220E+4	7.811151E+3	-1.729804E+4
8.257000E+1	2.896397E+0	2.862265E+0	2.896825E+0	2.838601E-1	2.350920E+3	-1.851966E+3	4.613829E+3	-2.972097E+3	6.633971E+3	-1.065066E+4	7.822537E+3	-1.729620E+4
8.258000E+1	2.885743E+0	2.891399E+0	2.886171E+0	2.837514E-1	2.350758E+3	-1.849660E+3	4.613222E+3	-2.970398E+3	6.634740E+3	-1.065252E+4	7.823909E+3	-1.729620E+4
8.259000E+1	2.875009E+0	2.730300E+0	2.875437E+0	2.836419E-1	2.350371E+3	-1.849660E+3	4.613609E+3	-2.970011E+3	6.634740E+3	-1.065330E+4	7.823524E+3	-1.729620E+4
8.260000E+1	2.864153E+0	2.827878E+0	2.864581E+0	2.835311E-1	2.349985E+3	-1.849660E+3	4.613995E+3	-2.969625E+3	6.634740E+3	-1.065407E+4	7.823140E+3	-1.729620E+4
8.261000E+1	2.854481E+0	2.920934E+0	2.854909E+0	2.834324E-1	2.349598E+3	-1.849660E+3	4.614382E+3	-2.969238E+3	6.634740E+3	-1.065484E+4	7.822756E+3	-1.729620E+4
8.262000E+1	2.844654E+0	2.863610E+0	2.845082E+0	2.833321E-1	2.349212E+3	-1.849660E+3	4.614768E+3	-2.968852E+3	6.634740E+3	-1.065562E+4	7.822371E+3	-1.729620E+4
8.263000E+1	2.834814E+0	2.700980E+0	2.835242E+0	2.832317E-1	2.349363E+3	-1.850247E+3	4.614910E+3	-2.968710E+3	6.634740E+3	-1.065531E+4	7.822522E+3	-1.729649E+4
8.264000E+1	2.825340E+0	2.752383E+0	2.825768E+0	2.831351E-1	2.349827E+3	-1.851174E+3	4.614910E+3	-2.968710E+3	6.634740E+3	-1.065439E+4	7.822983E+3	-1.729694E+4
8.265000E+1	2.815317E+0	2.838677E+0	2.815746E+0	2.830328E-1	2.350291E+3	-1.852102E+3	4.614910E+3	-2.968710E+3	6.634740E+3	-1.065346E+4	7.823444E+3	-1.729739E+4
8.266000E+1	2.805021E+0	2.808767E+0	2.805449E+0	2.829277E-1	2.350755E+3	-1.853029E+3	4.614910E+3	-2.968710E+3	6.634740E+3	-1.065253E+4	7.823906E+3	-1.729784E+4
8.267000E+1	2.794837E+0	2.801016E+0	2.795265E+0	2.828238E-1	2.351159E+3	-1.853121E+3	4.615149E+3	-2.969187E+3	6.634979E+3	-1.065220E+4	7.824070E+3	-1.729752E+4
8.268000E+1	2.785047E+0	2.789025E+0	2.785475E+0	2.827239E-1	2.351530E+3	-1.852750E+3	4.615520E+3	-2.969929E+3	6.635350E+3	-1.065220E+4	7.824070E+3	-1.729678E+4
8.269000E+1	2.775414E+0	2.861088E+0	2.775842E+0	2.826256E-1	2.351901E+3	-1.852379E+3	4.615891E+3	-2.970671E+3	6.635721E+3	-1.065220E+4	7.824070E+3	-1.729604E+4
8.270000E+1	2.765437E+0	2.867586E+0	2.765865E+0	2.825238E-1	2.352272E+3	-1.852008E+3	4.616262E+3	-2.971413E+3	6.636092E+3	-1.065220E+4	7.824070E+3	-1.729530E+4
8.271000E+1	2.755487E+0	2.733493E+0	2.755915E+0	2.824223E-1	2.352643E+3	-1.851637E+3	4.616633E+3	-2.972155E+3	6.636463E+3	-1.065220E+4	7.824070E+3	-1.729455E+4
8.272000E+1	2.744613E+0	2.661376E+0	2.745041E+0	2.823113E-1	2.352770E+3	-1.851510E+3	4.616645E+3	-2.972410E+3	6.636935E+3	-1.065232E+4	7.824185E+3	-1.729430E+4
8.273000E+1	2.733898E+0	2.808155E+0	2.734326E+0	2.822020E-1	2.352770E+3	-1.851510E+3	4.616470E+3	-2.972410E+3	6.637459E+3	-1.065250E+4	7.824360E+3	-1.729430E+4
8.274000E+1	2.723508E+0	2.805935E+0	2.723936E+0	2.820960E-1	2.352770E+3	-1.851510E+3	4.616295E+3	-2.972410E+3	6.637984E+3	-1.065268E+4	7.824535E+3	-1.729430E+4
8.275000E+1	2.713767E+0	2.764885E+0	2.714195E+0	2.819966E-1	2.352770E+3	-1.851510E+3	4.616120E+3	-2.972410E+3	6.638509E+3	-1.065286E+4	7.824710E+3	-1.729430E+4
8.276000E+1	2.704174E+0	2.756708E+0	2.704602E+0	2.818987E-1	2.352770E+3	-1.851510E+3	4.615945E+3	-2.972410E+3	6.639034E+3	-1.065304E+4	7.824885E+3	-1.729430E+4
8.277000E+1	2.694881E+0	2.868630E+0	2.695309E+0	2.818038E-1	2.352770E+3	-1.851510E+3	4.615770E+3	-2.972410E+3	6.639559E+3	-1.065322E+4	7.825060E+3	-1.729430E+4
8.278000E+1	2.684576E+0	2.854504E+0	2.685004E+0	2.816987E-1	2.352770E+3	-1.851510E+3	4.615595E+3	-2.972410E+3	6.640084E+3	-1.065340E+4	7.825235E+3	-1.729430E+4
8.279000E+1	2.674220E+0	2.792364E+0	2.674648E+0	2.815930E-1	2.352770E+3	-1.851510E+3	4.615421E+3	-2.972410E+3	6.640608E+3	-1.065358E+4	7.825409E+3	-1.729430E+4
8.280000E+1	2.663947E+0	2.715433E+0	2.664375E+0	2.814882E-1	2.352770E+3	-1.851510E+3	4.615246E+3	-2.972410E+3	6.641133E+3	-1.065376E+4	7.825584E+3	-1.729430E+4
8.281000E+1	2.653194E+0	2.806609E+0	2.653622E+0	2.813785E-1	2.352770E+3	-1.851510E+3	4.615071E+3	-2.972410E+3	6.641658E+3	-1.065394E+4	7.825759E+3	-1.729430E+4
8.282000E+1	2.641388E+0	2.768385E+0	2.641816E+0	2.812580E-1	2.352756E+3	-1.851510E+3	4.616760E+3	-2.968696E+3	6.645840E+3	-1.065590E+4	7.833334E+3	-1.729431E+4
8.283000E+1	2.630205E+0	2.690819E+0	2.630633E+0	2.811439E-1	2.352127E+3	-1.851510E+3	4.616760E+3	-2.968067E+3	6.645840E+3	-1.065590E+4	7.833963E+3	-1.729496E+4
8.284000E+1	2.620074E+0	2.743306E+0	2.620502E+0	2.810405E-1	2.351498E+3	-1.851510E+3	4.616760E+3	-2.967438E+3	6.645840E+3	-1.065590E+4	7.834592E+3	-1.729561E+4
8.285000E+1	2.610925E+0	2.773910E+0	2.611353E+0	2.809472E-1	2.350920E+3	-1.851571E+3	4.616790E+3	-2.966860E+3	6.645901E+3	-1.065587E+4	7.835231E+3	-1.729617E+4
8.286000E+1	2.601391E+0	2.887409E+0	2.601819E+0	2.808499E-1	2.350920E+3	-1.852313E+3	4.617161E+3	-2.966860E+3	6.646643E+3	-1.065551E+4	7.835973E+3	-1.729579E+4
8.287000E+1	2.592003E+0	2.812725E+0	2.592431E+0	2.807541E-1	2.350920E+3	-1.853055E+3	4.617532E+3	-2.966860E+3	6.647385E+3	-1.065515E+4	7.836715E+3	-1.729541E+4
8.288000E+1	2.582842E+0	2.773272E+0	2.583270E+0	2.806606E-1	2.350920E+3	-1.853797E+3	4.617903E+3	-2.966860E+3	6.648127E+3	-1.065479E+4	7.837457E+3	-1.729503E+4
8.289000E+1	2.573822E+0	2.587373E+0	2.574250E+0	2.805686E-1	2.350920E+3	-1.854539E+3	4.618274E+3	-2.966860E+3	6.648869E+3	-1.065443E+4	7.838199E+3	-1.729464E+4
8.290000E+1	2.564420E+0	2.822027E+0	2.564848E+0	2.804726E-1	2.351046E+3	-1.855147E+3	4.618610E+3	-2.966986E+3	6.649540E+3	-1.065410E+4	7.838807E+3	-1.729424E+4
8.291000E+1	2.554598E+0	2.862942E+0	2.555026E+0	2.803724E-1	2.352371E+3	-1.854484E+3	4.618610E+3	-2.968311E+3	6.649540E+3	-1.065410E+4	7.838144E+3	-1.729359E+4
8.292000E+1	2.544788E+0	2.764168E+0	2.545216E+0	2.802723E-1	2.353696E+3	-1.853822E+3	4.618610E+3	-2.969636E+3	6.649540E+3	-1.065410E+4	7.837482E+3	-1.729295E+4
8.293000E+1	2.535054E+0	2.644138E+0	2.535482E+0	2.801730E-1	2.354503E+3	-1.853477E+3	4.618493E+3	-2.970560E+3	6.649891E+3	-1.065398E+4	7.837254E+3	-1.729239E+4
8.294000E+1	2.525636E+0	2.789954E+0	2.526064E+0	2.800769E-1	2.354117E+3	-1.853863E+3	4.618107E+3	-2.970560E+3	6.651050E+3	-1.065358E+4	7.838027E+3	-1.729201E+4
8.295000E+1	2.516160E+0	2.928828E+0	2.516588E+0	2.799802E-1	2.353730E+3	-1.854250E+3	4.617720E+3	-2.970560E+3	6.652210E+3	-1.065319E+4	7.838800E+3	-1.729163E+4
8.296000E+1	2.507417E+0	2.875711E+0	2.507845E+0	2.798910E-1	2.353344E+3	-1.854636E+3	4.617334E+3	-2.970560E+3	6.653369E+3	-1.065279E+4	7.839573E+3	-1.729126E+4
8.297000E+1	2.497829E+0	2.786230E+0	2.498257E+0	2.797931E-1	2.352957E+3	-1.855023E+3	4.616947E+3	-2.970560E+3	6.654529E+3	-1.065239E+4	7.840346E+3	-1.729088E+4
8.298000E+1	2.487813E+0	2.894704E+0	2.488241E+0	2.796909E-1	2.353169E+3	-1.854811E+3	4.616959E+3	-2.970361E+3	6.655090E+3	-1.065201E+4	7.841517E+3	-1.729070E+4
8.299000E+1	2.478215E+0	2.789726E+0	2.478643E+0	2.795930E-1	2.353941E+3	-1.854039E+3	4.617346E+3	-2.969974E+3	6.655090E+3	-1.065163E+4	7.843063E+3	-1.729070E+4
8.300000E+1	2.469176E+0	2.804162E+0	2.469604E+0	2.795007E-1	2.354714E+3	-1.853266E+3	4.617732E+3	-2.969588E+3	6.655090E+3	-1.065125E+4	7.844609E+3	-1.729070E+4
8.301000E+1	2.459210E+0	2.789556E+0	2.459638E+0	2.793990E-1	2.355487E+3	-1.852493E+3	4.618119E+3	-2.969201E+3	6.655090E+3	-1.065088E+4	7.846154E+3	-1.729070E+4
8.302000E+1	2.449147E+0	2.700143E+0	2.449575E+0	2.792964E-1	2.356260E+3	-1.851720E+3	4.618505E+3	-2.968815E+3	6.655090E+3	-1.065050E+4	7.847700E+3	-1.729070E+4
8.303000E+1	2.439476E+0	2.919169E+0	2.439904E+0	2.791977E-1	2.356666E+3	-1.851118E+3	4.618610E+3	-2.968514E+3	6.654894E+3	-1.065118E+4	7.847533E+3	-1.729089E+4
8.304000E+1	2.429605E+0	2.899856E+0	2.430033E+0	2.790969E-1	2.356935E+3	-1.850581E+3	4.618610E+3	-2.968245E+3	6.654625E+3	-1.065226E+4	7.846726E+3	-1.729115E+4
8.305000E+1	2.419292E+0	2.775326E+0	2.419720E+0	2.789917E-1	2.357203E+3	-1.850043E+3	4.618610E+3	-2.967977E+3	6.654357E+3	-1.065333E+4	7.845920E+3	-1.729141E+4
8.306000E+1	2.408832E+0	2.707301E+0	2.409260E+0	2.788850E-1	2.357472E+3	-1.849505E+3	4.618610E+3	-2.967708E+3	6.654088E+3	-1.065441E+4	7.845113E+3	-1.729168E+4
8.307000E+1	2.398475E+0	2.825741E+0	2.398903E+0	2.787793E-1	2.357741E+3	-1.848968E+3	4.618610E+3	-2.967439E+3	6.653819E+3	-1.065548E+4	7.844306E+3	-1.729194E+4
8.308000E+1	2.388365E+0	2.833914E+0	2.388793E+0	2.786761E-1	2.358010E+3	-1.848430E+3	4.618610E+3	-2.967170E+3	6.653550E+3	-1.065656E+4	7.843500E+3	-1.729220E+4
8.309000E+1	2.378178E+0	2.708449E+0	2.378606E+0	2.785722E-1	2.358279E+3	-1.847892E+3	4.618610E+3	-2.966901E+3	6.653281E+3	-1.065764E+4	7.842693E+3	-1.729246E+4
8.310000E+1	2.368233E+0	2.664494E+0	2.368661E+0	2.784707E-1	2.357927E+3	-1.848203E+3	4.618414E+3	-2.966860E+3	6.653240E+3	-1.065780E+4	7.842963E+3	-1.729250E+4
8.311000E+1	2.358615E+0	2.811238E+0	2.359043E+0	2.783726E-1	2.357464E+3	-1.848666E+3	4.618182E+3	-2.966860E+3	6.653240E+3	-1.065780E+4	7.843426E+3	-1.729250E+4
8.312000E+1	2.348591E+0	2.917936E+0	2.349019E+0	2.782703E-1	2.357000E+3	-1.849130E+3	4.617950E+3	-2.966860E+3	6.653240E+3	-1.065780E+4	7.843890E+3	-1.729250E+4
8.313000E+1	2.338256E+0	2.933009E+0	2.338684E+0	2.781648E-1	2.356536E+3	-1.849594E+3	4.617718E+3	-2.966860E+3	6.653240E+3	-1.065780E+4	7.844354E+3	-1.729250E+4
8.314000E+1	2.327720E+0	2.758338E+0	2.328148E+0	2.780573E-1	2.356072E+3	-1.850058E+3	4.617486E+3	-2.966860E+3	6.653240E+3	-1.065780E+4	7.844818E+3	-1.729250E+4
8.315000E+1	2.316900E+0	2.796558E+0	2.317328E+0	2.779469E-1	2.355609E+3	-1.850521E+3	4.617254E+3	-2.966860E+3	6.653240E+3	-1.065780E+4	7.845281E+3	-1.729250E+4
8.316000E+1	2.306092E+0	2.885995E+0	2.306520E+0	2.778366E-1	2.355145E+3	-1.850985E+3	4.617022E+3	-2.966860E+3	6.653240E+3	-1.065780E+4	7.845745E+3	-1.729250E+4
8.317000E+1	2.295713E+0	2.836257E+0	2.296141E+0	2.777307E-1	2.354681E+3	-1.851449E+3	4.616791E+3	-2.966860E+3	6.653240E+3	-1.065780E+4	7.846209E+3	-1.729250E+4
8.318000E+1	2.284840E+0	2.740199E+0	2.285268E+0	2.776198E-1	2.354620E+3	-1.852560E+3	4.616760E+3	-2.967210E+3	6.653240E+3	-1.065710E+4	7.845920E+3	-1.729284E+4
8.319000E+1	2.274679E+0	2.627617E+0	2.275107E+0	2.775161E-1	2.354620E+3	-1.853770E+3	4.616760E+3	-2.967613E+3	6.653240E+3	-1.065629E+4	7.845517E+3	-1.729323E+4
8.320000E+1	2.265041E+0	2.810691E+0	2.265469E+0	2.774177E-1	2.354620E+3	-1.854980E+3	4.616760E+3	-2.968017E+3	6.653240E+3	-1.065549E+4	7.845113E+3	-1.729363E+4
8.321000E+1	2.254769E+0	2.857823E+0	2.255197E+0	2.773129E-1	2.354620E+3	-1.856189E+3	4.616760E+3	-2.968420E+3	6.653240E+3	-1.065468E+4	7.844710E+3	-1.729402E+4
8.322000E+1	2.244560E+0	2.782292E+0	2.244988E+0	2.772087E-1	2.354100E+3	-1.856540E+3	4.617280E+3	-2.969230E+3	6.654280E+3	-1.065461E+4	7.843900E+3	-1.729329E+4
8.323000E+1	2.234782E+0	2.769097E+0	2.235210E+0	2.771090E-1	2.356502E+3	-1.856965E+3	4.618610E+3	-2.968710E+3	6.660703E+3	-1.065220E+4	7.850097E+3	-1.728877E+4
8.324000E+1	2.225191E+0	2.894882E+0	2.225619E+0	2.770111E-1	2.356613E+3	-1.856630E+3	4.618610E+3	-2.968710E+3	6.660927E+3	-1.065220E+4	7.850544E+3	-1.728866E+4
8.325000E+1	2.215729E+0	2.925138E+0	2.216157E+0	2.769145E-1	2.356725E+3	-1.856295E+3	4.618610E+3	-2.968710E+3	6.661150E+3	-1.065220E+4	7.850990E+3	-1.728855E+4
8.326000E+1	2.206213E+0	2.825006E+0	2.206641E+0	2.768174E-1	2.356837E+3	-1.855959E+3	4.618610E+3	-2.968710E+3	6.661374E+3	-1.065220E+4	7.851437E+3	-1.728844E+4
8.327000E+1	2.197059E+0	2.606513E+0	2.197487E+0	2.767240E-1	2.356949E+3	-1.855624E+3	4.618610E+3	-2.968710E+3	6.661597E+3	-1.065220E+4	7.851884E+3	-1.728833E+4
8.328000E+1	2.187839E+0	2.752143E+0	2.188267E+0	2.766299E-1	2.357060E+3	-1.855289E+3	4.618610E+3	-2.968710E+3	6.661821E+3	-1.065220E+4	7.852331E+3	-1.728823E+4
8.329000E+1	2.178553E+0	2.838111E+0	2.178982E+0	2.765352E-1	2.357172E+3	-1.854954E+3	4.618610E+3	-2.968710E+3	6.662044E+3	-1.065220E+4	7.852778E+3	-1.728812E+4
8.330000E+1	2.169107E+0	2.818838E+0	2.169535E+0	2.764388E-1	2.357284E+3	-1.854618E+3	4.618610E+3	-2.968710E+3	6.662268E+3	-1.065220E+4	7.853225E+3	-1.728801E+4
8.331000E+1	2.159575E+0	2.775724E+0	2.160003E+0	2.763415E-1	2.357396E+3	-1.854283E+3	4.618610E+3	-2.968710E+3	6.662491E+3	-1.065220E+4	7.853672E+3	-1.728790E+4
8.332000E+1	2.150164E+0	2.758551E+0	2.150592E+0	2.762455E-1	2.357507E+3	-1.853948E+3	4.618610E+3	-2.968710E+3	6.662715E+3	-1.065220E+4	7.854119E+3	-1.728779E+4
8.333000E+1	2.140837E+0	2.897662E+0	2.141265E+0	2.761503E-1	2.357619E+3	-1.853613E+3	4.618610E+3	-2.968710E+3	6.662938E+3	-1.065220E+4	7.854566E+3	-1.728768E+4
8.334000E+1	2.130882E+0	2.883639E+0	2.131310E+0	2.760488E-1	2.357731E+3	-1.853278E+3	4.618610E+3	-2.968710E+3	6.663162E+3	-1.065220E+4	7.855013E+3	-1.728757E+4
8.335000E+1	2.121097E+0	2.755554E+0	2.121526E+0	2.759489E-1	2.357843E+3	-1.852942E+3	4.618610E+3	-2.968710E+3	6.663385E+3	-1.065220E+4	7.855460E+3	-1.728746E+4
8.336000E+1	2.111326E+0	2.663263E+0	2.111755E+0	2.758492E-1	2.357954E+3	-1.852607E+3	4.618610E+3	-2.968710E+3	6.663609E+3	-1.065220E+4	7.855907E+3	-1.728736E+4
8.337000E+1	2.101462E+0	2.772728E+0	2.101890E+0	2.757486E-1	2.358066E+3	-1.852272E+3	4.618610E+3	-2.968710E+3	6.663832E+3	-1.065220E+4	7.856354E+3	-1.728725E+4
8.338000E+1	2.090914E+0	2.842903E+0	2.091342E+0	2.756409E-1	2.358178E+3	-1.851937E+3	4.618610E+3	-2.968710E+3	6.664056E+3	-1.065220E+4	7.856801E+3	-1.728714E+4
8.339000E+1	2.080582E+0	2.816798E+0	2.081010E+0	2.755355E-1	2.358290E+3	-1.851601E+3	4.618610E+3	-2.968710E+3	6.664279E+3	-1.065220E+4	7.857248E+3	-1.728703E+4
8.340000E+1	2.069946E+0	2.799752E+0	2.070374E+0	2.754270E-1	2.354620E+3	-1.853769E+3	4.621901E+3	-2.967064E+3	6.664544E+3	-1.065611E+4	7.855316E+3	-1.729049E+4
8.341000E+1	2.059936E+0	2.885981E+0	2.060364E+0	2.753248E-1	2.354620E+3	-1.854331E+3	4.621339E+3	-2.967345E+3	6.664825E+3	-1.065640E+4	7.855035E+3	-1.729020E+4
8.342000E+1	2.049894E+0	2.857157E+0	2.050322E+0	2.752223E-1	2.354620E+3	-1.854893E+3	4.620777E+3	-2.967627E+3	6.665107E+3	-1.065669E+4	7.854753E+3	-1.728991E+4
8.343000E+1	2.040284E+0	2.795735E+0	2.040712E+0	2.751243E-1	2.354620E+3	-1.855455E+3	4.620215E+3	-2.967908E+3	6.665388E+3	-1.065698E+4	7.854472E+3	-1.728962E+4
8.344000E+1	2.030477E+0	2.632568E+0	2.030905E+0	2.750242E-1	2.354620E+3	-1.856017E+3	4.619653E+3	-2.968189E+3	6.665669E+3	-1.065726E+4	7.854191E+3	-1.728934E+4
8.345000E+1	2.020679E+0	2.660277E+0	2.021107E+0	2.749242E-1	2.354620E+3	-1.856579E+3	4.619091E+3	-2.968470E+3	6.665950E+3	-1.065755E+4	7.853910E+3	-1.728905E+4
8.346000E+1	2.010872E+0	2.756981E+0	2.011300E+0	2.748242E-1	2.354620E+3	-1.857007E+3	4.618715E+3	-2.968710E+3	6.666348E+3	-1.065775E+4	7.853881E+3	-1.728875E+4
8.347000E+1	2.000803E+0	2.752147E+0	2.001231E+0	2.747214E-1	2.354620E+3	-1.856644E+3	4.619443E+3	-2.968710E+3	6.667437E+3	-1.065737E+4	7.855336E+3	-1.728839E+4
8.348000E+1	1.990541E+0	2.658152E+0	1.990969E+0	2.746167E-1	2.354620E+3	-1.856280E+3	4.620170E+3	-2.968710E+3	6.668526E+3	-1.065700E+4	7.856791E+3	-1.728804E+4
8.349000E+1	1.980916E+0	2.663448E+0	1.981344E+0	2.745185E-1	2.354620E+3	-1.855916E+3	4.620898E+3	-2.968710E+3	6.669615E+3	-1.065663E+4	7.858245E+3	-1.728769E+4
8.350000E+1	1.971817E+0	2.897236E+0	1.972245E+0	2.744256E-1	2.354620E+3	-1.855552E+3	4.621625E+3	-2.968710E+3	6.670705E+3	-1.065625E+4	7.859700E+3	-1.728733E+4
8.351000E+1	1.962698E+0	2.866353E+0	1.963126E+0	2.743326E-1	2.356791E+3	-1.855210E+3	4.621224E+3	-2.967624E+3	6.671730E+3	-1.065701E+4	7.863241E+3	-1.728700E+4
8.352000E+1	1.953841E+0	2.695777E+0	1.954269E+0	2.742422E-1	2.357473E+3	-1.854363E+3	4.620460E+3	-2.966437E+3	6.671309E+3	-1.065865E+4	7.863923E+3	-1.728741E+4
8.353000E+1	1.944545E+0	2.650981E+0	1.944973E+0	2.741474E-1	2.356590E+3	-1.853480E+3	4.620460E+3	-2.965995E+3	6.670870E+3	-1.065953E+4	7.863040E+3	-1.728784E+4
8.354000E+1	1.935383E+0	2.782271E+0	1.935811E+0	2.740539E-1	2.355706E+3	-1.852596E+3	4.620460E+3	-2.965553E+3	6.670430E+3	-1.066041E+4	7.862156E+3	-1.728827E+4
8.355000E+1	1.926351E+0	2.882218E+0	1.926779E+0	2.739617E-1	2.354823E+3	-1.851713E+3	4.620460E+3	-2.965112E+3	6.669991E+3	-1.066130E+4	7.861273E+3	-1.728870E+4
8.356000E+1	1.917195E+0	2.861675E+0	1.917623E+0	2.738683E-1	2.354620E+3	-1.852118E+3	4.620156E+3	-2.964706E+3	6.669890E+3	-1.066089E+4	7.861982E+3	-1.728911E+4
8.357000E+1	1.907486E+0	2.744951E+0	1.907914E+0	2.737692E-1	2.354620E+3	-1.852907E+3	4.619761E+3	-2.964311E+3	6.669890E+3	-1.066010E+4	7.863166E+3	-1.728952E+4
8.358000E+1	1.897347E+0	2.844293E+0	1.897775E+0	2.736658E-1	2.354620E+3	-1.853696E+3	4.619367E+3	-2.963917E+3	6.669890E+3	-1.065931E+4	7.864350E+3	-1.728992E+4
8.359000E+1	1.887794E+0	2.774236E+0	1.888223E+0	2.735683E-1	2.354620E+3	-1.854486E+3	4.618972E+3	-2.963522E+3	6.669890E+3	-1.065852E+4	7.865534E+3	-1.729033E+4
8.360000E+1	1.877530E+0	2.804037E+0	1.877958E+0	2.734635E-1	2.354716E+3	-1.855210E+3	4.618610E+3	-2.963256E+3	6.669938E+3	-1.065775E+4	7.866572E+3	-1.729060E+4
8.361000E+1	1.867755E+0	2.676724E+0	1.868183E+0	2.733638E-1	2.355875E+3	-1.855210E+3	4.618610E+3	-2.964415E+3	6.670514E+3	-1.065716E+4	7.865992E+3	-1.728944E+4
8.362000E+1	1.858319E+0	2.727544E+0	1.858747E+0	2.732675E-1	2.357034E+3	-1.855210E+3	4.618610E+3	-2.965574E+3	6.671091E+3	-1.065656E+4	7.865413E+3	-1.728829E+4
8.363000E+1	1.848674E+0	2.936413E+0	1.849102E+0	2.731691E-1	2.358194E+3	-1.855210E+3	4.618610E+3	-2.966734E+3	6.671667E+3	-1.065596E+4	7.864833E+3	-1.728713E+4
8.364000E+1	1.838795E+0	2.839405E+0	1.839223E+0	2.730683E-1	2.358320E+3	-1.854866E+3	4.618954E+3	-2.966860E+3	6.672419E+3	-1.065625E+4	7.864426E+3	-1.728700E+4
8.365000E+1	1.828936E+0	2.718030E+0	1.829364E+0	2.729677E-1	2.358320E+3	-1.854479E+3	4.619341E+3	-2.966860E+3	6.673192E+3	-1.065665E+4	7.864039E+3	-1.728700E+4
8.366000E+1	1.818694E+0	2.738197E+0	1.819122E+0	2.728632E-1	2.358320E+3	-1.854093E+3	4.619727E+3	-2.966860E+3	6.673965E+3	-1.065705E+4	7.863653E+3	-1.728700E+4
8.367000E+1	1.808352E+0	2.865491E+0	1.808780E+0	2.727576E-1	2.358320E+3	-1.853706E+3	4.620114E+3	-2.966860E+3	6.674737E+3	-1.065744E+4	7.863266E+3	-1.728700E+4
8.368000E+1	1.797977E+0	2.810515E+0	1.798405E+0	2.726518E-1	2.358260E+3	-1.853480E+3	4.620520E+3	-2.966860E+3	6.675550E+3	-1.065774E+4	7.863221E+3	-1.728694E+4
8.369000E+1	1.787052E+0	2.720059E+0	1.787480E+0	2.725403E-1	2.357680E+3	-1.854640E+3	4.621100E+3	-2.966860E+3	6.676710E+3	-1.065714E+4	7.866120E+3	-1.728634E+4
8.370000E+1	1.775927E+0	2.613260E+0	1.776355E+0	2.724268E-1	2.357100E+3	-1.855799E+3	4.621680E+3	-2.966860E+3	6.677869E+3	-1.065655E+4	7.869018E+3	-1.728575E+4
8.371000E+1	1.765222E+0	2.766739E+0	1.765650E+0	2.723175E-1	2.356521E+3	-1.856959E+3	4.622259E+3	-2.966860E+3	6.679029E+3	-1.065595E+4	7.871916E+3	-1.728515E+4
8.372000E+1	1.754134E+0	2.835508E+0	1.754562E+0	2.722044E-1	2.356470E+3	-1.856833E+3	4.622310E+3	-2.966633E+3	6.679244E+3	-1.065602E+4	7.872284E+3	-1.728510E+4
8.373000E+1	1.743263E+0	2.924105E+0	1.743691E+0	2.720935E-1	2.356470E+3	-1.856584E+3	4.622310E+3	-2.966384E+3	6.679368E+3	-1.065614E+4	7.872408E+3	-1.728510E+4
8.374000E+1	1.733026E+0	2.791443E+0	1.733454E+0	2.719890E-1	2.356470E+3	-1.856335E+3	4.622310E+3	-2.966135E+3	6.679493E+3	-1.065627E+4	7.872533E+3	-1.728510E+4
8.375000E+1	1.723315E+0	2.812168E+0	1.723743E+0	2.718899E-1	2.356470E+3	-1.856086E+3	4.622310E+3	-2.965886E+3	6.679617E+3	-1.065640E+4	7.872657E+3	-1.728510E+4
8.376000E+1	1.713578E+0	2.736286E+0	1.714006E+0	2.717906E-1	2.356470E+3	-1.855837E+3	4.622310E+3	-2.965637E+3	6.679742E+3	-1.065653E+4	7.872782E+3	-1.728510E+4
8.377000E+1	1.704569E+0	2.685932E+0	1.704997E+0	2.716986E-1	2.356470E+3	-1.855588E+3	4.622310E+3	-2.965388E+3	6.679866E+3	-1.065666E+4	7.872906E+3	-1.728510E+4
8.378000E+1	1.694727E+0	2.627583E+0	1.695155E+0	2.715982E-1	2.356470E+3	-1.855339E+3	4.622310E+3	-2.965139E+3	6.679991E+3	-1.065678E+4	7.873031E+3	-1.728510E+4
8.379000E+1	1.685417E+0	2.671752E+0	1.685846E+0	2.715032E-1	2.356470E+3	-1.855090E+3	4.622310E+3	-2.964890E+3	6.680115E+3	-1.065691E+4	7.873155E+3	-1.728510E+4
8.380000E+1	1.676821E+0	2.769470E+0	1.677249E+0	2.714155E-1	2.356470E+3	-1.854841E+3	4.622310E+3	-2.964641E+3	6.680240E+3	-1.065704E+4	7.873280E+3	-1.728510E+4
8.381000E+1	1.667849E+0	2.742265E+0	1.668277E+0	2.713239E-1	2.356470E+3	-1.854592E+3	4.622310E+3	-2.964392E+3	6.680364E+3	-1.065717E+4	7.873404E+3	-1.728510E+4
8.382000E+1	1.658089E+0	2.677476E+0	1.658517E+0	2.712243E-1	2.356470E+3	-1.854343E+3	4.622310E+3	-2.964143E+3	6.680489E+3	-1.065730E+4	7.873529E+3	-1.728510E+4
8.383000E+1	1.648253E+0	2.700623E+0	1.648681E+0	2.711240E-1	2.356470E+3	-1.854094E+3	4.622310E+3	-2.963894E+3	6.680613E+3	-1.065742E+4	7.873653E+3	-1.728510E+4
8.384000E+1	1.637954E+0	2.847236E+0	1.638382E+0	2.710189E-1	2.356470E+3	-1.853845E+3	4.622310E+3	-2.963645E+3	6.680738E+3	-1.065755E+4	7.873778E+3	-1.728510E+4
8.385000E+1	1.628340E+0	2.929177E+0	1.628768E+0	2.709208E-1	2.356470E+3	-1.853596E+3	4.622310E+3	-2.963396E+3	6.680862E+3	-1.065768E+4	7.873902E+3	-1.728510E+4
8.386000E+1	1.618130E+0	2.807073E+0	1.618558E+0	2.708166E-1	2.356470E+3	-1.853231E+3	4.622310E+3	-2.963160E+3	6.680980E+3	-1.065793E+4	7.874020E+3	-1.728517E+4
8.387000E+1	1.607295E+0	2.655645E+0	1.607723E+0	2.707060E-1	2.356470E+3	-1.850758E+3	4.622310E+3	-2.963160E+3	6.680980E+3	-1.066040E+4	7.874020E+3	-1.728644E+4
8.388000E+1	1.597335E+0	2.756368E+0	1.597763E+0	2.706044E-1	2.354689E+3	-1.853498E+3	4.622241E+3	-2.964941E+3	6.681118E+3	-1.065780E+4	7.877720E+3	-1.728693E+4
8.389000E+1	1.587396E+0	2.758236E+0	1.587824E+0	2.705030E-1	2.354814E+3	-1.853747E+3	4.622116E+3	-2.964816E+3	6.681367E+3	-1.065780E+4	7.877720E+3	-1.728680E+4
8.390000E+1	1.577716E+0	2.767255E+0	1.578144E+0	2.704042E-1	2.354938E+3	-1.853996E+3	4.621992E+3	-2.964692E+3	6.681616E+3	-1.065780E+4	7.877720E+3	-1.728667E+4
8.391000E+1	1.567692E+0	2.738332E+0	1.568120E+0	2.703019E-1	2.355063E+3	-1.854245E+3	4.621867E+3	-2.964567E+3	6.681865E+3	-1.065780E+4	7.877720E+3	-1.728655E+4
8.392000E+1	1.558270E+0	2.755865E+0	1.558698E+0	2.702058E-1	2.355187E+3	-1.854494E+3	4.621743E+3	-2.964443E+3	6.682114E+3	-1.065780E+4	7.877720E+3	-1.728642E+4
8.393000E+1	1.548874E+0	2.854636E+0	1.549302E+0	2.701099E-1	2.355312E+3	-1.854743E+3	4.621618E+3	-2.964318E+3	6.682363E+3	-1.065780E+4	7.877720E+3	-1.728629E+4
8.394000E+1	1.539830E+0	2.807246E+0	1.540258E+0	2.700176E-1	2.355436E+3	-1.854992E+3	4.621494E+3	-2.964194E+3	6.682612E+3	-1.065780E+4	7.877720E+3	-1.728616E+4
8.395000E+1	1.531316E+0	2.759639E+0	1.531744E+0	2.699307E-1	2.355561E+3	-1.855241E+3	4.621369E+3	-2.964069E+3	6.682861E+3	-1.065780E+4	7.877720E+3	-1.728603E+4
8.396000E+1	1.522530E+0	2.787282E+0	1.522958E+0	2.698411E-1	2.355685E+3	-1.855490E+3	4.621245E+3	-2.963945E+3	6.683110E+3	-1.065780E+4	7.877720E+3	-1.728591E+4
8.397000E+1	1.513223E+0	2.830938E+0	1.513651E+0	2.697461E-1	2.355809E+3	-1.855739E+3	4.621121E+3	-2.963821E+3	6.683359E+3	-1.065780E+4	7.877720E+3	-1.728578E+4
8.398000E+1	1.504013E+0	2.747757E+0	1.504441E+0	2.696521E-1	2.355934E+3	-1.855988E+3	4.620996E+3	-2.963696E+3	6.683608E+3	-1.065780E+4	7.877720E+3	-1.728565E+4
8.399000E+1	1.494212E+0	2.628100E+0	1.494640E+0	2.695521E-1	2.356058E+3	-1.856237E+3	4.620872E+3	-2.963572E+3	6.683857E+3	-1.065780E+4	7.877720E+3	-1.728552E+4
8.400000E+1	1.484527E+0	2.703494E+0	1.484955E+0	2.694533E-1	2.356183E+3	-1.856486E+3	4.620747E+3	-2.963447E+3	6.684106E+3	-1.065780E+4	7.877720E+3	-1.728539E+4
8.401000E+1	1.474581E+0	2.858099E+0	1.475009E+0	2.693518E-1	2.356307E+3	-1.856735E+3	4.620623E+3	-2.963323E+3	6.684355E+3	-1.065780E+4	7.877720E+3	-1.728527E+4
8.402000E+1	1.465418E+0	2.751826E+0	1.465846E+0	2.692583E-1	2.356432E+3	-1.856984E+3	4.620498E+3	-2.963198E+3	6.684604E+3	-1.065780E+4	7.877720E+3	-1.728514E+4
8.403000E+1	1.455324E+0	2.701357E+0	1.455752E+0	2.691553E-1	2.356470E+3	-1.857703E+3	4.621745E+3	-2.963160E+3	6.685965E+3	-1.065780E+4	7.878359E+3	-1.728447E+4
8.404000E+1	1.445644E+0	2.563964E+0	1.446072E+0	2.690565E-1	2.356470E+3	-1.858630E+3	4.623599E+3	-2.963160E+3	6.687819E+3	-1.065780E+4	7.879281E+3	-1.728357E+4
8.405000E+1	1.435800E+0	2.750969E+0	1.436228E+0	2.689561E-1	2.359960E+3	-1.853360E+3	4.624160E+3	-2.961205E+3	6.688380E+3	-1.065960E+4	7.886855E+3	-1.728340E+4
8.406000E+1	1.425959E+0	2.861283E+0	1.426387E+0	2.688557E-1	2.359658E+3	-1.853360E+3	4.624160E+3	-2.961054E+3	6.688380E+3	-1.065960E+4	7.886704E+3	-1.728355E+4
8.407000E+1	1.416745E+0	2.779667E+0	1.417173E+0	2.687616E-1	2.359356E+3	-1.853360E+3	4.624160E+3	-2.960903E+3	6.688380E+3	-1.065960E+4	7.886553E+3	-1.728370E+4
8.408000E+1	1.407359E+0	2.679421E+0	1.407787E+0	2.686659E-1	2.359054E+3	-1.853360E+3	4.624160E+3	-2.960752E+3	6.688380E+3	-1.065960E+4	7.886402E+3	-1.728384E+4
8.409000E+1	1.398411E+0	2.743429E+0	1.398839E+0	2.685746E-1	2.358753E+3	-1.853360E+3	4.624160E+3	-2.960601E+3	6.688380E+3	-1.065960E+4	7.886251E+3	-1.728399E+4
8.410000E+1	1.389345E+0	2.732934E+0	1.389773E+0	2.684820E-1	2.358451E+3	-1.853360E+3	4.624160E+3	-2.960450E+3	6.688380E+3	-1.065960E+4	7.886100E+3	-1.728414E+4
8.411000E+1	1.379391E+0	2.678195E+0	1.379819E+0	2.683805E-1	2.358149E+3	-1.853360E+3	4.624160E+3	-2.960300E+3	6.688380E+3	-1.065960E+4	7.885950E+3	-1.728428E+4
8.412000E+1	1.369998E+0	2.640199E+0	1.370426E+0	2.682846E-1	2.357848E+3	-1.853360E+3	4.624160E+3	-2.960149E+3	6.688380E+3	-1.065960E+4	7.885799E+3	-1.728443E+4
8.413000E+1	1.360031E+0	2.794156E+0	1.360459E+0	2.681829E-1	2.357546E+3	-1.853360E+3	4.624160E+3	-2.959998E+3	6.688380E+3	-1.065960E+4	7.885648E+3	-1.728458E+4
8.414000E+1	1.349777E+0	2.844392E+0	1.350205E+0	2.680783E-1	2.357244E+3	-1.853360E+3	4.624160E+3	-2.959847E+3	6.688380E+3	-1.065960E+4	7.885497E+3	-1.728472E+4
8.415000E+1	1.339345E+0	2.732501E+0	1.339773E+0	2.679718E-1	2.356942E+3	-1.853360E+3	4.624160E+3	-2.959696E+3	6.688380E+3	-1.065960E+4	7.885346E+3	-1.728487E+4
8.416000E+1	1.328965E+0	2.700333E+0	1.329393E+0	2.678659E-1	2.356641E+3	-1.853360E+3	4.624160E+3	-2.959545E+3	6.688380E+3	-1.065960E+4	7.885195E+3	-1.728502E+4
8.417000E+1	1.318716E+0	2.553812E+0	1.319144E+0	2.677613E-1	2.354620E+3	-1.856552E+3	4.622981E+3	-2.963160E+3	6.691572E+3	-1.065895E+4	7.884602E+3	-1.728445E+4
8.418000E+1	1.308780E+0	2.799283E+0	1.309208E+0	2.676600E-1	2.354846E+3	-1.859023E+3	4.624273E+3	-2.963047E+3	6.694269E+3	-1.065768E+4	7.887524E+3	-1.728318E+4
8.419000E+1	1.299338E+0	2.857237E+0	1.299766E+0	2.675636E-1	2.355797E+3	-1.859498E+3	4.624748E+3	-2.962572E+3	6.695695E+3	-1.065720E+4	7.889902E+3	-1.728270E+4
8.420000E+1	1.290392E+0	2.749501E+0	1.290820E+0	2.674723E-1	2.356748E+3	-1.859974E+3	4.625224E+3	-2.962096E+3	6.697122E+3	-1.065671E+4	7.892280E+3	-1.728221E+4
8.421000E+1	1.281164E+0	2.580301E+0	1.281592E+0	2.673782E-1	2.357699E+3	-1.860450E+3	4.625700E+3	-2.961620E+3	6.698549E+3	-1.065622E+4	7.894659E+3	-1.728172E+4
8.422000E+1	1.271370E+0	2.651637E+0	1.271798E+0	2.672782E-1	2.358770E+3	-1.860160E+3	4.626160E+3	-2.961160E+3	6.699630E+3	-1.065635E+4	7.896360E+3	-1.728140E+4
8.423000E+1	1.261125E+0	2.801348E+0	1.261553E+0	2.671737E-1	2.360064E+3	-1.858435E+3	4.626591E+3	-2.960729E+3	6.700061E+3	-1.065766E+4	7.896791E+3	-1.728140E+4
8.424000E+1	1.251305E+0	2.739790E+0	1.251733E+0	2.670735E-1	2.361358E+3	-1.856709E+3	4.627023E+3	-2.960297E+3	6.700493E+3	-1.065897E+4	7.897223E+3	-1.728140E+4
8.425000E+1	1.241052E+0	2.719800E+0	1.241480E+0	2.669689E-1	2.362652E+3	-1.854983E+3	4.627454E+3	-2.959866E+3	6.700924E+3	-1.066027E+4	7.897654E+3	-1.728140E+4
8.426000E+1	1.230627E+0	2.728104E+0	1.231055E+0	2.668625E-1	2.363831E+3	-1.853360E+3	4.627860E+3	-2.959421E+3	6.701369E+3	-1.066146E+4	7.898138E+3	-1.728140E+4
8.427000E+1	1.219481E+0	2.847138E+0	1.219909E+0	2.667487E-1	2.363168E+3	-1.853360E+3	4.627860E+3	-2.958758E+3	6.702032E+3	-1.066078E+4	7.899463E+3	-1.728140E+4
8.428000E+1	1.207842E+0	2.737415E+0	1.208270E+0	2.666300E-1	2.362506E+3	-1.853360E+3	4.627860E+3	-2.958096E+3	6.702694E+3	-1.066010E+4	7.900788E+3	-1.728140E+4
8.429000E+1	1.198055E+0	2.614750E+0	1.198483E+0	2.665301E-1	2.361917E+3	-1.853463E+3	4.627860E+3	-2.957610E+3	6.703283E+3	-1.065950E+4	7.901966E+3	-1.728130E+4
8.430000E+1	1.188135E+0	2.644459E+0	1.188563E+0	2.664289E-1	2.361531E+3	-1.853849E+3	4.627860E+3	-2.957610E+3	6.703669E+3	-1.065912E+4	7.902739E+3	-1.728092E+4
8.431000E+1	1.176933E+0	2.838417E+0	1.177361E+0	2.663146E-1	2.361144E+3	-1.854236E+3	4.627860E+3	-2.957610E+3	6.704056E+3	-1.065875E+4	7.903512E+3	-1.728055E+4
8.432000E+1	1.166226E+0	2.867494E+0	1.166654E+0	2.662053E-1	2.360758E+3	-1.854622E+3	4.627860E+3	-2.957610E+3	6.704442E+3	-1.065837E+4	7.904285E+3	-1.728017E+4
8.433000E+1	1.156107E+0	2.787823E+0	1.156535E+0	2.661021E-1	2.360371E+3	-1.855009E+3	4.627860E+3	-2.957610E+3	6.704829E+3	-1.065800E+4	7.905058E+3	-1.727980E+4
8.434000E+1	1.146442E+0	2.685050E+0	1.146870E+0	2.660035E-1	2.360170E+3	-1.855395E+3	4.628045E+3	-2.957795E+3	6.705401E+3	-1.065780E+4	7.905460E+3	-1.727941E+4
8.435000E+1	1.137124E+0	2.766279E+0	1.137552E+0	2.659084E-1	2.360170E+3	-1.855782E+3	4.628432E+3	-2.958182E+3	6.706173E+3	-1.065780E+4	7.905460E+3	-1.727901E+4
8.436000E+1	1.127925E+0	2.785941E+0	1.128353E+0	2.658145E-1	2.360170E+3	-1.856168E+3	4.628818E+3	-2.958568E+3	6.706946E+3	-1.065780E+4	7.905460E+3	-1.727862E+4
8.437000E+1	1.118244E+0	2.706318E+0	1.118672E+0	2.657157E-1	2.360170E+3	-1.856555E+3	4.629205E+3	-2.958955E+3	6.707719E+3	-1.065780E+4	7.905460E+3	-1.727822E+4
8.438000E+1	1.109038E+0	2.613433E+0	1.109466E+0	2.656218E-1	2.360170E+3	-1.856941E+3	4.629591E+3	-2.959341E+3	6.708492E+3	-1.065780E+4	7.905460E+3	-1.727782E+4
8.439000E+1	1.099357E+0	2.784987E+0	1.099785E+0	2.655230E-1	2.360170E+3	-1.857427E+3	4.629343E+3	-2.959460E+3	6.709097E+3	-1.065780E+4	7.905827E+3	-1.727770E+4
8.440000E+1	1.089678E+0	2.909549E+0	1.090106E+0	2.654242E-1	2.360170E+3	-1.857957E+3	4.628813E+3	-2.959460E+3	6.709627E+3	-1.065780E+4	7.906357E+3	-1.727770E+4
8.441000E+1	1.080693E+0	2.829612E+0	1.081121E+0	2.653325E-1	2.360170E+3	-1.858487E+3	4.628283E+3	-2.959460E+3	6.710157E+3	-1.065780E+4	7.906887E+3	-1.727770E+4
8.442000E+1	1.072198E+0	2.643923E+0	1.072626E+0	2.652459E-1	2.360181E+3	-1.858899E+3	4.627860E+3	-2.959460E+3	6.710580E+3	-1.065779E+4	7.907344E+3	-1.727770E+4
8.443000E+1	1.063789E+0	2.635371E+0	1.064217E+0	2.651600E-1	2.360237E+3	-1.858843E+3	4.627860E+3	-2.959460E+3	6.710580E+3	-1.065773E+4	7.907510E+3	-1.727770E+4
8.444000E+1	1.053781E+0	2.657605E+0	1.054210E+0	2.650579E-1	2.360292E+3	-1.858788E+3	4.627860E+3	-2.959460E+3	6.710580E+3	-1.065767E+4	7.907676E+3	-1.727770E+4
8.445000E+1	1.044243E+0	2.741431E+0	1.044671E+0	2.649606E-1	2.360347E+3	-1.858733E+3	4.627860E+3	-2.959460E+3	6.710580E+3	-1.065762E+4	7.907842E+3	-1.727770E+4
8.446000E+1	1.034142E+0	2.713661E+0	1.034570E+0	2.648575E-1	2.360403E+3	-1.858677E+3	4.627860E+3	-2.959460E+3	6.710580E+3	-1.065756E+4	7.908008E+3	-1.727770E+4
8.447000E+1	1.023828E+0	2.675136E+0	1.024256E+0	2.647523E-1	2.360458E+3	-1.858622E+3	4.627860E+3	-2.959460E+3	6.710580E+3	-1.065750E+4	7.908174E+3	-1.727770E+4
8.448000E+1	1.013765E+0	2.839493E+0	1.014193E+0	2.646496E-1	2.360513E+3	-1.858567E+3	4.627860E+3	-2.959460E+3	6.710580E+3	-1.065745E+4	7.908340E+3	-1.727770E+4
8.449000E+1	1.004322E+0	2.746360E+0	1.004751E+0	2.645533E-1	2.360569E+3	-1.858511E+3	4.627860E+3	-2.959460E+3	6.710580E+3	-1.065739E+4	7.908506E+3	-1.727770E+4
8.450000E+1	9.948642E-1	2.644444E+0	9.952923E-1	2.644567E-1	2.360624E+3	-1.858456E+3	4.627860E+3	-2.959460E+3	6.710580E+3	-1.065733E+4	7.908672E+3	-1.727770E+4
8.451000E+1	9.857089E-1	2.662322E+0	9.861369E-1	2.643633E-1	2.360680E+3	-1.858400E+3	4.627860E+3	-2.959460E+3	6.710580E+3	-1.065728E+4	7.908839E+3	-1.727770E+4
8.452000E+1	9.768838E-1	2.782514E+0	9.773118E-1	2.642733E-1	2.360735E+3	-1.858345E+3	4.627860E+3	-2.959460E+3	6.710580E+3	-1.065722E+4	7.909005E+3	-1.727770E+4
8.453000E+1	9.684292E-1	2.898440E+0	9.688572E-1	2.641870E-1	2.360790E+3	-1.858290E+3	4.627860E+3	-2.959460E+3	6.710580E+3	-1.065716E+4	7.909171E+3	-1.727770E+4
8.454000E+1	9.599269E-1	2.705796E+0	9.603550E-1	2.641002E-1	2.360846E+3	-1.858234E+3	4.627860E+3	-2.959460E+3	6.710580E+3	-1.065711E+4	7.909337E+3	-1.727770E+4
8.455000E+1	9.510307E-1	2.591095E+0	9.514588E-1	2.640095E-1	2.360901E+3	-1.858179E+3	4.627860E+3	-2.959460E+3	6.710580E+3	-1.065705E+4	7.909503E+3	-1.727770E+4
8.456000E+1	9.416072E-1	2.720108E+0	9.420353E-1	2.639133E-1	2.360956E+3	-1.858124E+3	4.627860E+3	-2.959460E+3	6.710580E+3	-1.065699E+4	7.909669E+3	-1.727770E+4
8.457000E+1	9.321515E-1	2.854380E+0	9.325796E-1	2.638168E-1	2.361012E+3	-1.858068E+3	4.627860E+3	-2.959460E+3	6.710580E+3	-1.065694E+4	7.909835E+3	-1.727770E+4
8.458000E+1	9.223567E-1	2.780159E+0	9.227848E-1	2.637169E-1	2.361067E+3	-1.858013E+3	4.627860E+3	-2.959460E+3	6.710580E+3	-1.065688E+4	7.910001E+3	-1.727770E+4
8.459000E+1	9.124163E-1	2.642842E+0	9.128444E-1	2.636154E-1	2.361122E+3	-1.857958E+3	4.627860E+3	-2.959460E+3	6.710580E+3	-1.065682E+4	7.910167E+3	-1.727770E+4
8.460000E+1	9.026793E-1	2.682081E+0	9.031073E-1	2.635161E-1	2.361178E+3	-1.857902E+3	4.627860E+3	-2.959460E+3	6.710580E+3	-1.065676E+4	7.910334E+3	-1.727770E+4
8.461000E+1	8.918412E-1	2.832965E+0	8.922692E-1	2.634055E-1	2.361233E+3	-1.857847E+3	4.627860E+3	-2.959460E+3	6.710580E+3	-1.065671E+4	7.910500E+3	-1.727770E+4
8.462000E+1	8.812292E-1	2.819778E+0	8.816572E-1	2.632972E-1	2.361289E+3	-1.857791E+3	4.627860E+3	-2.959460E+3	6.710580E+3	-1.065665E+4	7.910666E+3	-1.727770E+4
8.463000E+1	8.707756E-1	2.654392E+0	8.712037E-1	2.631905E-1	2.361344E+3	-1.857736E+3	4.627860E+3	-2.959460E+3	6.710580E+3	-1.065659E+4	7.910832E+3	-1.727770E+4
8.464000E+1	8.612351E-1	2.471995E+0	8.616632E-1	2.630932E-1	2.361399E+3	-1.857681E+3	4.627860E+3	-2.959460E+3	6.710580E+3	-1.065654E+4	7.910998E+3	-1.727770E+4
8.465000E+1	8.511935E-1	2.660743E+0	8.516215E-1	2.629907E-1	2.361455E+3	-1.857625E+3	4.627860E+3	-2.959460E+3	6.710580E+3	-1.065648E+4	7.911164E+3	-1.727770E+4
8.466000E+1	8.415109E-1	2.749509E+0	8.419389E-1	2.628919E-1	2.361510E+3	-1.857570E+3	4.627860E+3	-2.959460E+3	6.710580E+3	-1.065642E+4	7.911330E+3	-1.727770E+4
8.467000E+1	8.327236E-1	2.750805E+0	8.331517E-1	2.628022E-1	2.361565E+3	-1.857515E+3	4.627860E+3	-2.959460E+3	6.710580E+3	-1.065637E+4	7.911496E+3	-1.727770E+4
8.468000E+1	8.240073E-1	2.668218E+0	8.244353E-1	2.627133E-1	2.361621E+3	-1.857459E+3	4.627860E+3	-2.959460E+3	6.710580E+3	-1.065631E+4	7.911662E+3	-1.727770E+4
8.469000E+1	8.141706E-1	2.655115E+0	8.145987E-1	2.626129E-1	2.361676E+3	-1.857404E+3	4.627860E+3	-2.959460E+3	6.710580E+3	-1.065625E+4	7.911829E+3	-1.727770E+4
8.470000E+1	8.044519E-1	2.667664E+0	8.048799E-1	2.625138E-1	2.361732E+3	-1.857348E+3	4.627860E+3	-2.959460E+3	6.710580E+3	-1.065620E+4	7.911995E+3	-1.727770E+4
8.471000E+1	7.947483E-1	2.747545E+0	7.951764E-1	2.624147E-1	2.361787E+3	-1.857293E+3	4.627860E+3	-2.959460E+3	6.710580E+3	-1.065614E+4	7.912161E+3	-1.727770E+4
8.472000E+1	7.851661E-1	2.723275E+0	7.855941E-1	2.623170E-1	2.361842E+3	-1.857238E+3	4.627860E+3	-2.959460E+3	6.710580E+3	-1.065608E+4	7.912327E+3	-1.727770E+4
8.473000E+1	7.758422E-1	2.746760E+0	7.762702E-1	2.622218E-1	2.361898E+3	-1.857182E+3	4.627860E+3	-2.959460E+3	6.710580E+3	-1.065603E+4	7.912493E+3	-1.727770E+4
8.474000E+1	7.662165E-1	2.801896E+0	7.666445E-1	2.621236E-1	2.361953E+3	-1.857127E+3	4.627860E+3	-2.959460E+3	6.710580E+3	-1.065597E+4	7.912659E+3	-1.727770E+4
8.475000E+1	7.553796E-1	2.877879E+0	7.558076E-1	2.620130E-1	2.362008E+3	-1.857072E+3	4.627860E+3	-2.959460E+3	6.710580E+3	-1.065591E+4	7.912825E+3	-1.727770E+4
8.476000E+1	7.446236E-1	2.815440E+0	7.450516E-1	2.619033E-1	2.363822E+3	-1.855305E+3	4.631560E+3	-2.955665E+3	6.723530E+3	-1.066320E+4	7.924055E+3	-1.727595E+4
8.477000E+1	7.339436E-1	2.658922E+0	7.343717E-1	2.617943E-1	2.363572E+3	-1.855807E+3	4.631560E+3	-2.955163E+3	6.723530E+3	-1.066270E+4	7.924557E+3	-1.727619E+4
8.478000E+1	7.236490E-1	2.684521E+0	7.240771E-1	2.616892E-1	2.363321E+3	-1.856308E+3	4.631560E+3	-2.954662E+3	6.723530E+3	-1.066220E+4	7.925058E+3	-1.727643E+4
8.479000E+1	7.146849E-1	2.678180E+0	7.151130E-1	2.615978E-1	2.363070E+3	-1.856810E+3	4.631560E+3	-2.954160E+3	6.723530E+3	-1.066170E+4	7.925560E+3	-1.727668E+4
8.480000E+1	7.050143E-1	2.679036E+0	7.054423E-1	2.614991E-1	2.362819E+3	-1.857311E+3	4.631560E+3	-2.953659E+3	6.723530E+3	-1.066120E+4	7.926061E+3	-1.727692E+4
8.481000E+1	6.944882E-1	2.694398E+0	6.949163E-1	2.613917E-1	2.362569E+3	-1.857813E+3	4.631560E+3	-2.953157E+3	6.723530E+3	-1.066070E+4	7.926563E+3	-1.727717E+4
8.482000E+1	6.842097E-1	2.794139E+0	6.846378E-1	2.612868E-1	2.362318E+3	-1.858314E+3	4.631560E+3	-2.952656E+3	6.723530E+3	-1.066020E+4	7.927064E+3	-1.727741E+4
8.483000E+1	6.741051E-1	2.779145E+0	6.745331E-1	2.611837E-1	2.362067E+3	-1.858816E+3	4.631560E+3	-2.952154E+3	6.723530E+3	-1.065969E+4	7.927566E+3	-1.727765E+4
8.484000E+1	6.641401E-1	2.585615E+0	6.645681E-1	2.610820E-1	2.363413E+3	-1.857060E+3	4.631560E+3	-2.956217E+3	6.726740E+3	-1.065960E+4	7.927660E+3	-1.727543E+4
8.485000E+1	6.546861E-1	2.508983E+0	6.551141E-1	2.609855E-1	2.362851E+3	-1.857060E+3	4.631560E+3	-2.956779E+3	6.728426E+3	-1.065960E+4	7.927660E+3	-1.727485E+4
8.486000E+1	6.454713E-1	2.720376E+0	6.458994E-1	2.608915E-1	2.362289E+3	-1.857060E+3	4.631560E+3	-2.957341E+3	6.730112E+3	-1.065960E+4	7.927660E+3	-1.727428E+4
8.487000E+1	6.363654E-1	2.830597E+0	6.367934E-1	2.607986E-1	2.362650E+3	-1.857901E+3	4.631560E+3	-2.957400E+3	6.731340E+3	-1.065940E+4	7.928289E+3	-1.727380E+4
8.488000E+1	6.269450E-1	2.767643E+0	6.273730E-1	2.607025E-1	2.363860E+3	-1.859514E+3	4.631560E+3	-2.956997E+3	6.732147E+3	-1.065900E+4	7.929497E+3	-1.727340E+4
8.489000E+1	6.177172E-1	2.555705E+0	6.181452E-1	2.606083E-1	2.365070E+3	-1.861127E+3	4.631560E+3	-2.956593E+3	6.732953E+3	-1.065861E+4	7.930704E+3	-1.727301E+4
8.490000E+1	6.090260E-1	2.592343E+0	6.094541E-1	2.605196E-1	2.366280E+3	-1.862740E+3	4.631560E+3	-2.956190E+3	6.733760E+3	-1.065822E+4	7.931912E+3	-1.727262E+4
8.491000E+1	5.988548E-1	2.706784E+0	5.992828E-1	2.604158E-1	2.367489E+3	-1.864353E+3	4.631560E+3	-2.955787E+3	6.734566E+3	-1.065783E+4	7.933120E+3	-1.727223E+4
8.492000E+1	5.886871E-1	2.764054E+0	5.891151E-1	2.603121E-1	2.367045E+3	-1.862361E+3	4.631560E+3	-2.954711E+3	6.734620E+3	-1.065885E+4	7.934249E+3	-1.727220E+4
8.493000E+1	5.794209E-1	2.799539E+0	5.798490E-1	2.602175E-1	2.366483E+3	-1.860113E+3	4.631560E+3	-2.953586E+3	6.734620E+3	-1.065997E+4	7.935374E+3	-1.727220E+4
8.494000E+1	5.695969E-1	2.659196E+0	5.700249E-1	2.601173E-1	2.365921E+3	-1.857864E+3	4.631560E+3	-2.952462E+3	6.734620E+3	-1.066110E+4	7.936498E+3	-1.727220E+4
8.495000E+1	5.599717E-1	2.639479E+0	5.603998E-1	2.600191E-1	2.365472E+3	-1.856812E+3	4.631808E+3	-2.951812E+3	6.734620E+3	-1.066200E+4	7.937148E+3	-1.727220E+4
8.496000E+1	5.504405E-1	2.737513E+0	5.508685E-1	2.599218E-1	2.365085E+3	-1.856425E+3	4.632195E+3	-2.951425E+3	6.734620E+3	-1.066277E+4	7.937535E+3	-1.727220E+4
8.497000E+1	5.402647E-1	2.696512E+0	5.406927E-1	2.598180E-1	2.364699E+3	-1.856039E+3	4.632581E+3	-2.951039E+3	6.734620E+3	-1.066354E+4	7.937921E+3	-1.727220E+4
8.498000E+1	5.295577E-1	2.649585E+0	5.299857E-1	2.597087E-1	2.364312E+3	-1.855652E+3	4.632968E+3	-2.950652E+3	6.734620E+3	-1.066432E+4	7.938308E+3	-1.727220E+4
8.499000E+1	5.186974E-1	2.760959E+0	5.191254E-1	2.595979E-1	2.363926E+3	-1.855266E+3	4.633354E+3	-2.950266E+3	6.734620E+3	-1.066509E+4	7.938694E+3	-1.727220E+4
8.500000E+1	5.089221E-1	2.701933E+0	5.093501E-1	2.594981E-1	2.363870E+3	-1.855683E+3	4.633173E+3	-2.950447E+3	6.734620E+3	-1.066448E+4	7.938987E+3	-1.727243E+4
8.501000E+1	4.986717E-1	2.629708E+0	4.990997E-1	2.593935E-1	2.363870E+3	-1.856237E+3	4.632896E+3	-2.950724E+3	6.734620E+3	-1.066365E+4	7.939264E+3	-1.727270E+4
8.502000E+1	4.888543E-1	2.581330E+0	4.892823E-1	2.592934E-1	2.363870E+3	-1.856791E+3	4.632620E+3	-2.951000E+3	6.734620E+3	-1.066281E+4	7.939540E+3	-1.727297E+4
8.503000E+1	4.792344E-1	2.777231E+0	4.796625E-1	2.591952E-1	2.363870E+3	-1.857345E+3	4.632343E+3	-2.951277E+3	6.734620E+3	-1.066197E+4	7.939817E+3	-1.727324E+4
8.504000E+1	4.701571E-1	2.805748E+0	4.705851E-1	2.591026E-1	2.363870E+3	-1.857898E+3	4.632066E+3	-2.951554E+3	6.734620E+3	-1.066113E+4	7.940094E+3	-1.727351E+4
8.505000E+1	4.614539E-1	2.650402E+0	4.618819E-1	2.590138E-1	2.363870E+3	-1.858452E+3	4.631789E+3	-2.951831E+3	6.734620E+3	-1.066029E+4	7.940371E+3	-1.727378E+4
8.506000E+1	4.523896E-1	2.550536E+0	4.528176E-1	2.589213E-1	2.363912E+3	-1.858994E+3	4.631560E+3	-2.952102E+3	6.734704E+3	-1.065960E+4	7.940558E+3	-1.727396E+4
8.507000E+1	4.429826E-1	2.652119E+0	4.434106E-1	2.588253E-1	2.364156E+3	-1.859483E+3	4.631560E+3	-2.952346E+3	6.735193E+3	-1.065960E+4	7.940314E+3	-1.727372E+4
8.508000E+1	4.328457E-1	2.825602E+0	4.332738E-1	2.587219E-1	2.364400E+3	-1.859971E+3	4.631560E+3	-2.952590E+3	6.735681E+3	-1.065960E+4	7.940070E+3	-1.727348E+4
8.509000E+1	4.238513E-1	2.763754E+0	4.242794E-1	2.586301E-1	2.364644E+3	-1.860459E+3	4.631560E+3	-2.952834E+3	6.736169E+3	-1.065960E+4	7.939826E+3	-1.727325E+4
8.510000E+1	4.151429E-1	2.717184E+0	4.155709E-1	2.585412E-1	2.364888E+3	-1.860947E+3	4.631560E+3	-2.953078E+3	6.736657E+3	-1.065960E+4	7.939582E+3	-1.727301E+4
8.511000E+1	4.057113E-1	2.550241E+0	4.061393E-1	2.584450E-1	2.365133E+3	-1.861435E+3	4.631560E+3	-2.953323E+3	6.737145E+3	-1.065960E+4	7.939337E+3	-1.727277E+4
8.512000E+1	3.961946E-1	2.644680E+0	3.966226E-1	2.583479E-1	2.365377E+3	-1.861923E+3	4.631560E+3	-2.953567E+3	6.737633E+3	-1.065960E+4	7.939093E+3	-1.727253E+4
8.513000E+1	3.862199E-1	2.793293E+0	3.866479E-1	2.582461E-1	2.365621E+3	-1.862411E+3	4.631560E+3	-2.953811E+3	6.738121E+3	-1.065960E+4	7.938849E+3	-1.727230E+4
8.514000E+1	3.760468E-1	2.702534E+0	3.764749E-1	2.581423E-1	2.365720E+3	-1.862800E+3	4.633410E+3	-2.953910E+3	6.740360E+3	-1.066112E+4	7.937849E+3	-1.727201E+4
8.515000E+1	3.656553E-1	2.660696E+0	3.660834E-1	2.580362E-1	2.365720E+3	-1.863120E+3	4.633410E+3	-2.953910E+3	6.740680E+3	-1.066048E+4	7.939448E+3	-1.727168E+4
8.516000E+1	3.548219E-1	2.757731E+0	3.552499E-1	2.579257E-1	2.365720E+3	-1.863439E+3	4.633410E+3	-2.953910E+3	6.740999E+3	-1.065984E+4	7.941047E+3	-1.727135E+4
8.517000E+1	3.441911E-1	2.659368E+0	3.446192E-1	2.578172E-1	2.365720E+3	-1.863759E+3	4.633410E+3	-2.953910E+3	6.741319E+3	-1.065920E+4	7.942646E+3	-1.727102E+4
8.518000E+1	3.343321E-1	2.646064E+0	3.347601E-1	2.577166E-1	2.365720E+3	-1.864079E+3	4.633410E+3	-2.953910E+3	6.741639E+3	-1.065856E+4	7.944245E+3	-1.727069E+4
8.519000E+1	3.244125E-1	2.612920E+0	3.248405E-1	2.576154E-1	2.365720E+3	-1.864399E+3	4.633410E+3	-2.953910E+3	6.741959E+3	-1.065792E+4	7.945844E+3	-1.727036E+4
8.520000E+1	3.148024E-1	2.802775E+0	3.152304E-1	2.575173E-1	2.365894E+3	-1.863937E+3	4.633584E+3	-2.953910E+3	6.742020E+3	-1.065832E+4	7.946150E+3	-1.727030E+4
8.521000E+1	3.049570E-1	2.849887E+0	3.053851E-1	2.574169E-1	2.366110E+3	-1.863290E+3	4.633800E+3	-2.953910E+3	6.742020E+3	-1.065896E+4	7.946150E+3	-1.727030E+4
8.522000E+1	2.949985E-1	2.697718E+0	2.954265E-1	2.573153E-1	2.366326E+3	-1.862643E+3	4.634016E+3	-2.953910E+3	6.742020E+3	-1.065960E+4	7.946150E+3	-1.727030E+4
8.523000E+1	2.849767E-1	2.602440E+0	2.854047E-1	2.572130E-1	2.366541E+3	-1.861996E+3	4.634231E+3	-2.953910E+3	6.742020E+3	-1.066024E+4	7.946150E+3	-1.727030E+4
8.524000E+1	2.746877E-1	2.542825E+0	2.751157E-1	2.571080E-1	2.366757E+3	-1.861348E+3	4.634447E+3	-2.953910E+3	6.742020E+3	-1.066088E+4	7.946150E+3	-1.727030E+4
8.525000E+1	2.642030E-1	2.634550E+0	2.646310E-1	2.570010E-1	2.366973E+3	-1.860701E+3	4.634663E+3	-2.953910E+3	6.742020E+3	-1.066152E+4	7.946150E+3	-1.727030E+4
8.526000E+1	2.540571E-1	2.709571E+0	2.544851E-1	2.568975E-1	2.367189E+3	-1.860054E+3	4.634879E+3	-2.953910E+3	6.742020E+3	-1.066217E+4	7.946150E+3	-1.727030E+4
8.527000E+1	2.431716E-1	2.773489E+0	2.435996E-1	2.567864E-1	2.367404E+3	-1.859407E+3	4.635094E+3	-2.953910E+3	6.742020E+3	-1.066281E+4	7.946150E+3	-1.727030E+4
8.528000E+1	2.327634E-1	2.708784E+0	2.331915E-1	2.566802E-1	2.365537E+3	-1.860851E+3	4.635260E+3	-2.952060E+3	6.740353E+3	-1.066502E+4	7.944666E+3	-1.727211E+4
8.529000E+1	2.229756E-1	2.754323E+0	2.234037E-1	2.565803E-1	2.364748E+3	-1.861246E+3	4.635260E+3	-2.952060E+3	6.741142E+3	-1.066423E+4	7.946244E+3	-1.727170E+4
8.530000E+1	2.130300E-1	2.742981E+0	2.134581E-1	2.564788E-1	2.363959E+3	-1.861641E+3	4.635260E+3	-2.952060E+3	6.741931E+3	-1.066344E+4	7.947823E+3	-1.727130E+4
8.531000E+1	2.029500E-1	2.627622E+0	2.033780E-1	2.563760E-1	2.363169E+3	-1.862035E+3	4.635260E+3	-2.952060E+3	6.742721E+3	-1.066265E+4	7.949401E+3	-1.727089E+4
8.532000E+1	1.932351E-1	2.553045E+0	1.936632E-1	2.562768E-1	2.362380E+3	-1.862430E+3	4.635260E+3	-2.952060E+3	6.743510E+3	-1.066186E+4	7.950980E+3	-1.727048E+4
8.533000E+1	1.835895E-1	2.785486E+0	1.840175E-1	2.561784E-1	2.362937E+3	-1.862151E+3	4.634801E+3	-2.952060E+3	6.744787E+3	-1.066150E+4	7.951700E+3	-1.726938E+4
8.534000E+1	1.739727E-1	2.790072E+0	1.744007E-1	2.560803E-1	2.364624E+3	-1.861308E+3	4.633958E+3	-2.952060E+3	6.746474E+3	-1.066150E+4	7.951700E+3	-1.726770E+4
8.535000E+1	1.645274E-1	2.734994E+0	1.649554E-1	2.559839E-1	2.365287E+3	-1.861193E+3	4.633410E+3	-2.951627E+3	6.748868E+3	-1.066106E+4	7.951700E+3	-1.726618E+4
8.536000E+1	1.550678E-1	2.631746E+0	1.554958E-1	2.558874E-1	2.364051E+3	-1.862429E+3	4.633410E+3	-2.950391E+3	6.752578E+3	-1.065979E+4	7.951700E+3	-1.726498E+4
8.537000E+1	1.457481E-1	2.656415E+0	1.461761E-1	2.557923E-1	2.364530E+3	-1.862940E+3	4.633740E+3	-2.949880E+3	6.753120E+3	-1.065928E+4	7.953350E+3	-1.726512E+4
8.538000E+1	1.361864E-1	2.791823E+0	1.366145E-1	2.556947E-1	2.365303E+3	-1.863326E+3	4.634126E+3	-2.949494E+3	6.753120E+3	-1.065890E+4	7.955282E+3	-1.726550E+4
8.539000E+1	1.262173E-1	2.676066E+0	1.266454E-1	2.555930E-1	2.366076E+3	-1.863713E+3	4.634513E+3	-2.949107E+3	6.753120E+3	-1.065853E+4	7.957215E+3	-1.726587E+4
8.540000E+1	1.166640E-1	2.528200E+0	1.170921E-1	2.554955E-1	2.366849E+3	-1.864099E+3	4.634899E+3	-2.948721E+3	6.753120E+3	-1.065815E+4	7.959147E+3	-1.726625E+4
8.541000E+1	1.076553E-1	2.585877E+0	1.080833E-1	2.554036E-1	2.367570E+3	-1.864425E+3	4.635278E+3	-2.948360E+3	6.753120E+3	-1.065785E+4	7.960932E+3	-1.726662E+4
8.542000E+1	9.789773E-2	2.657336E+0	9.832578E-2	2.553040E-1	2.367570E+3	-1.863895E+3	4.635543E+3	-2.948360E+3	6.753120E+3	-1.065864E+4	7.960667E+3	-1.726689E+4
8.543000E+1	8.740972E-2	2.786940E+0	8.783775E-2	2.551970E-1	2.367570E+3	-1.863365E+3	4.635808E+3	-2.948360E+3	6.753120E+3	-1.065943E+4	7.960402E+3	-1.726716E+4
8.544000E+1	7.650135E-2	2.733017E+0	7.692936E-2	2.550857E-1	2.367570E+3	-1.862835E+3	4.636073E+3	-2.948360E+3	6.753120E+3	-1.066022E+4	7.960137E+3	-1.726743E+4
8.545000E+1	6.576631E-2	2.647348E+0	6.619432E-2	2.549761E-1	2.367570E+3	-1.862305E+3	4.636338E+3	-2.948360E+3	6.753120E+3	-1.066100E+4	7.959872E+3	-1.726771E+4
8.546000E+1	5.607029E-2	2.730516E+0	5.649834E-2	2.548772E-1	2.367570E+3	-1.861775E+3	4.636603E+3	-2.948360E+3	6.753120E+3	-1.066179E+4	7.959607E+3	-1.726798E+4
8.547000E+1	4.556228E-2	2.645559E+0	4.599034E-2	2.547700E-1	2.367570E+3	-1.861245E+3	4.636868E+3	-2.948360E+3	6.753120E+3	-1.066258E+4	7.959342E+3	-1.726825E+4
8.548000E+1	3.512692E-2	2.599068E+0	3.555497E-2	2.546635E-1	2.367394E+3	-1.860584E+3	4.637110E+3	-2.948536E+3	6.753296E+3	-1.066330E+4	7.959452E+3	-1.726850E+4
8.549000E+1	2.502926E-2	2.453159E+0	2.545729E-2	2.545605E-1	2.365720E+3	-1.859135E+3	4.637110E+3	-2.949985E+3	6.755195E+3	-1.066308E+4	7.962912E+3	-1.726850E+4
8.550000E+1	1.429050E-2	2.701850E+0	1.471854E-2	2.544509E-1	2.365720E+3	-1.860332E+3	4.637110E+3	-2.948788E+3	6.756392E+3	-1.066188E+4	7.963511E+3	-1.726850E+4
8.551000E+1	4.296703E-3	2.765957E+0	4.724739E-3	2.543489E-1	2.365720E+3	-1.861528E+3	4.637110E+3	-2.947592E+3	6.757588E+3	-1.066068E+4	7.964109E+3	-1.726850E+4
8.552000E+1	-5.286450E-3	2.737923E+0	-4.858414E-3	2.542511E-1	2.365683E+3	-1.862610E+3	4.637110E+3	-2.946547E+3	6.758744E+3	-1.065964E+4	7.964613E+3	-1.726843E+4
8.553000E+1	-1.405197E-2	2.700535E+0	-1.362392E-2	2.541617E-1	2.365296E+3	-1.862610E+3	4.637110E+3	-2.946934E+3	6.759517E+3	-1.066004E+4	7.964226E+3	-1.726765E+4
8.554000E+1	-2.248645E-2	2.688396E+0	-2.205839E-2	2.540756E-1	2.364910E+3	-1.862610E+3	4.637110E+3	-2.947320E+3	6.760290E+3	-1.066043E+4	7.963840E+3	-1.726688E+4
8.555000E+1	-3.068666E-2	2.826186E+0	-3.025859E-2	2.539919E-1	2.364523E+3	-1.862610E+3	4.637110E+3	-2.947707E+3	6.761063E+3	-1.066083E+4	7.963453E+3	-1.726611E+4
8.556000E+1	-3.909156E-2	2.774349E+0	-3.866352E-2	2.539062E-1	2.364137E+3	-1.862610E+3	4.637110E+3	-2.948093E+3	6.761836E+3	-1.066123E+4	7.963067E+3	-1.726533E+4
8.557000E+1	-4.866972E-2	2.585933E+0	-4.824165E-2	2.538084E-1	2.364039E+3	-1.862610E+3	4.637279E+3	-2.948529E+3	6.762539E+3	-1.066150E+4	7.962969E+3	-1.726480E+4
8.558000E+1	-5.812190E-2	2.570096E+0	-5.769385E-2	2.537120E-1	2.364584E+3	-1.862610E+3	4.637824E+3	-2.949074E+3	6.763084E+3	-1.066150E+4	7.963514E+3	-1.726480E+4
8.559000E+1	-6.737317E-2	2.655452E+0	-6.694514E-2	2.536176E-1	2.365130E+3	-1.862610E+3	4.638370E+3	-2.949620E+3	6.763630E+3	-1.066150E+4	7.964060E+3	-1.726480E+4
8.560000E+1	-7.636092E-2	2.665731E+0	-7.593286E-2	2.535259E-1	2.365675E+3	-1.862610E+3	4.638915E+3	-2.950165E+3	6.764175E+3	-1.066150E+4	7.964605E+3	-1.726480E+4
8.561000E+1	-8.508790E-2	2.749634E+0	-8.465984E-2	2.534368E-1	2.366090E+3	-1.862425E+3	4.638960E+3	-2.950025E+3	6.764220E+3	-1.066131E+4	7.965390E+3	-1.726461E+4
8.562000E+1	-9.359341E-2	2.677993E+0	-9.316536E-2	2.533500E-1	2.366493E+3	-1.862223E+3	4.638960E+3	-2.949823E+3	6.764220E+3	-1.066110E+4	7.966197E+3	-1.726440E+4
8.563000E+1	-1.030431E-1	2.826972E+0	-1.026150E-1	2.532536E-1	2.366897E+3	-1.862022E+3	4.638960E+3	-2.949622E+3	6.764220E+3	-1.066090E+4	7.967003E+3	-1.726420E+4
8.564000E+1	-1.128552E-1	2.816472E+0	-1.124271E-1	2.531535E-1	2.367300E+3	-1.861820E+3	4.638960E+3	-2.949420E+3	6.764220E+3	-1.066069E+4	7.967810E+3	-1.726399E+4
8.565000E+1	-1.226218E-1	2.702111E+0	-1.221937E-1	2.530538E-1	2.367703E+3	-1.861618E+3	4.638960E+3	-2.949218E+3	6.764220E+3	-1.066048E+4	7.968616E+3	-1.726378E+4
8.566000E+1	-1.324512E-1	2.539998E+0	-1.320232E-1	2.529535E-1	2.368106E+3	-1.861417E+3	4.638960E+3	-2.949017E+3	6.764220E+3	-1.066027E+4	7.969423E+3	-1.726357E+4
8.567000E+1	-1.421813E-1	2.680502E+0	-1.417532E-1	2.528542E-1	2.368510E+3	-1.861215E+3	4.638960E+3	-2.948815E+3	6.764220E+3	-1.066007E+4	7.970229E+3	-1.726337E+4
8.568000E+1	-1.516379E-1	2.821968E+0	-1.512098E-1	2.527577E-1	2.368913E+3	-1.861014E+3	4.638960E+3	-2.948614E+3	6.764220E+3	-1.065986E+4	7.971036E+3	-1.726316E+4
8.569000E+1	-1.603314E-1	2.671987E+0	-1.599033E-1	2.526690E-1	2.369316E+3	-1.860812E+3	4.638960E+3	-2.948412E+3	6.764220E+3	-1.065965E+4	7.971842E+3	-1.726295E+4
8.570000E+1	-1.698927E-1	2.594066E+0	-1.694646E-1	2.525715E-1	2.368910E+3	-1.861270E+3	4.638960E+3	-2.947850E+3	6.764730E+3	-1.066062E+4	7.972560E+3	-1.726342E+4
8.571000E+1	-1.792251E-1	2.558814E+0	-1.787970E-1	2.524762E-1	2.368223E+3	-1.861957E+3	4.638960E+3	-2.947163E+3	6.765417E+3	-1.066199E+4	7.973247E+3	-1.726413E+4
8.572000E+1	-1.888117E-1	2.723204E+0	-1.883837E-1	2.523784E-1	2.367512E+3	-1.862552E+3	4.638902E+3	-2.946510E+3	6.766070E+3	-1.066330E+4	7.973958E+3	-1.726480E+4
8.573000E+1	-1.986745E-1	2.744890E+0	-1.982464E-1	2.522778E-1	2.366353E+3	-1.861393E+3	4.637743E+3	-2.946510E+3	6.766070E+3	-1.066330E+4	7.975117E+3	-1.726480E+4
8.574000E+1	-2.081959E-1	2.689186E+0	-2.077679E-1	2.521806E-1	2.365842E+3	-1.860760E+3	4.637110E+3	-2.946632E+3	6.766070E+3	-1.066318E+4	7.975750E+3	-1.726480E+4
8.575000E+1	-2.175201E-1	2.625354E+0	-2.170920E-1	2.520855E-1	2.366111E+3	-1.860760E+3	4.637110E+3	-2.946901E+3	6.766070E+3	-1.066292E+4	7.975750E+3	-1.726480E+4
8.576000E+1	-2.274909E-1	2.787527E+0	-2.270628E-1	2.519837E-1	2.366380E+3	-1.860760E+3	4.637110E+3	-2.947170E+3	6.766070E+3	-1.066266E+4	7.975750E+3	-1.726480E+4
8.577000E+1	-2.372541E-1	2.682997E+0	-2.368261E-1	2.518841E-1	2.366649E+3	-1.860760E+3	4.637110E+3	-2.947439E+3	6.766070E+3	-1.066240E+4	7.975750E+3	-1.726480E+4
8.578000E+1	-2.471741E-1	2.672115E+0	-2.467460E-1	2.517829E-1	2.366917E+3	-1.860760E+3	4.637110E+3	-2.947707E+3	6.766070E+3	-1.066213E+4	7.975750E+3	-1.726480E+4
8.579000E+1	-2.572128E-1	2.589336E+0	-2.567847E-1	2.516804E-1	2.367186E+3	-1.860760E+3	4.637110E+3	-2.947976E+3	6.766070E+3	-1.066187E+4	7.975750E+3	-1.726480E+4
8.580000E+1	-2.673636E-1	2.803741E+0	-2.669355E-1	2.515769E-1	2.367455E+3	-1.860760E+3	4.637110E+3	-2.948245E+3	6.766070E+3	-1.066161E+4	7.975750E+3	-1.726480E+4
8.581000E+1	-2.770202E-1	2.872961E+0	-2.765921E-1	2.514783E-1	2.368455E+3	-1.860760E+3	4.637110E+3	-2.948360E+3	6.766955E+3	-1.066236E+4	7.973096E+3	-1.726389E+4
8.582000E+1	-2.868758E-1	2.726703E+0	-2.864478E-1	2.513778E-1	2.369420E+3	-1.860846E+3	4.637110E+3	-2.948446E+3	6.768006E+3	-1.066322E+4	7.970372E+3	-1.726290E+4
8.583000E+1	-2.974164E-1	2.548471E+0	-2.969883E-1	2.512702E-1	2.369420E+3	-1.861075E+3	4.637110E+3	-2.948675E+3	6.768235E+3	-1.066299E+4	7.970830E+3	-1.726290E+4
8.584000E+1	-3.078952E-1	2.614466E+0	-3.074671E-1	2.511633E-1	2.369420E+3	-1.861304E+3	4.637110E+3	-2.948904E+3	6.768464E+3	-1.066277E+4	7.971288E+3	-1.726290E+4
8.585000E+1	-3.189342E-1	2.722374E+0	-3.185061E-1	2.510506E-1	2.369420E+3	-1.861533E+3	4.637110E+3	-2.949133E+3	6.768693E+3	-1.066255E+4	7.971746E+3	-1.726290E+4
8.586000E+1	-3.287704E-1	2.749750E+0	-3.283423E-1	2.509503E-1	2.369420E+3	-1.861762E+3	4.637110E+3	-2.949362E+3	6.768922E+3	-1.066233E+4	7.972204E+3	-1.726290E+4
8.587000E+1	-3.386750E-1	2.660045E+0	-3.382469E-1	2.508492E-1	2.369420E+3	-1.861991E+3	4.637110E+3	-2.949591E+3	6.769151E+3	-1.066210E+4	7.972662E+3	-1.726290E+4
8.588000E+1	-3.491708E-1	2.652356E+0	-3.487427E-1	2.507421E-1	2.369420E+3	-1.862220E+3	4.637110E+3	-2.949820E+3	6.769380E+3	-1.066188E+4	7.973120E+3	-1.726290E+4
8.589000E+1	-3.597687E-1	2.740955E+0	-3.593406E-1	2.506340E-1	2.369420E+3	-1.862449E+3	4.637110E+3	-2.950049E+3	6.769609E+3	-1.066166E+4	7.973578E+3	-1.726290E+4
8.590000E+1	-3.705388E-1	2.688461E+0	-3.701107E-1	2.505241E-1	2.367680E+3	-1.860429E+3	4.637110E+3	-2.948250E+3	6.771620E+3	-1.066183E+4	7.981300E+3	-1.726290E+4
8.591000E+1	-3.820912E-1	2.561264E+0	-3.816631E-1	2.504062E-1	2.368051E+3	-1.859316E+3	4.637110E+3	-2.947879E+3	6.771620E+3	-1.066293E+4	7.981300E+3	-1.726290E+4
8.592000E+1	-3.925300E-1	2.501993E+0	-3.921020E-1	2.502997E-1	2.368422E+3	-1.858203E+3	4.637110E+3	-2.947508E+3	6.771620E+3	-1.066403E+4	7.981300E+3	-1.726290E+4
8.593000E+1	-4.023450E-1	2.830745E+0	-4.019170E-1	2.501995E-1	2.368793E+3	-1.857090E+3	4.637110E+3	-2.947137E+3	6.771620E+3	-1.066514E+4	7.981300E+3	-1.726290E+4
8.594000E+1	-4.122621E-1	2.829900E+0	-4.118341E-1	2.500983E-1	2.369164E+3	-1.855977E+3	4.637110E+3	-2.946766E+3	6.771620E+3	-1.066624E+4	7.981300E+3	-1.726290E+4
8.595000E+1	-4.217515E-1	2.637675E+0	-4.213234E-1	2.500015E-1	2.369369E+3	-1.855414E+3	4.637161E+3	-2.946459E+3	6.771671E+3	-1.066695E+4	7.981351E+3	-1.726295E+4
8.596000E+1	-4.302832E-1	2.556288E+0	-4.298551E-1	2.499144E-1	2.369205E+3	-1.856071E+3	4.637325E+3	-2.946295E+3	6.771835E+3	-1.066679E+4	7.981515E+3	-1.726312E+4
8.597000E+1	-4.395530E-1	2.737033E+0	-4.391249E-1	2.498198E-1	2.369041E+3	-1.856727E+3	4.637489E+3	-2.946131E+3	6.771999E+3	-1.066663E+4	7.981679E+3	-1.726329E+4
8.598000E+1	-4.487496E-1	2.784137E+0	-4.483215E-1	2.497260E-1	2.368877E+3	-1.857384E+3	4.637653E+3	-2.945967E+3	6.772163E+3	-1.066647E+4	7.981843E+3	-1.726346E+4
8.599000E+1	-4.582218E-1	2.700698E+0	-4.577937E-1	2.496293E-1	2.368712E+3	-1.858040E+3	4.637818E+3	-2.945802E+3	6.772328E+3	-1.066631E+4	7.982008E+3	-1.726363E+4
8.600000E+1	-4.676149E-1	2.552302E+0	-4.671868E-1	2.495335E-1	2.368548E+3	-1.858697E+3	4.637982E+3	-2.945638E+3	6.772492E+3	-1.066615E+4	7.982172E+3	-1.726380E+4
8.601000E+1	-4.773373E-1	2.561899E+0	-4.769092E-1	2.494343E-1	2.368384E+3	-1.859354E+3	4.638146E+3	-2.945474E+3	6.772656E+3	-1.066599E+4	7.982336E+3	-1.726396E+4
8.602000E+1	-4.869035E-1	2.643729E+0	-4.864755E-1	2.493367E-1	2.368220E+3	-1.860010E+3	4.638310E+3	-2.945310E+3	6.772820E+3	-1.066583E+4	7.982500E+3	-1.726413E+4
8.603000E+1	-4.965246E-1	2.702031E+0	-4.960966E-1	2.492385E-1	2.368056E+3	-1.860667E+3	4.638474E+3	-2.945146E+3	6.772984E+3	-1.066567E+4	7.982664E+3	-1.726430E+4
8.604000E+1	-5.063082E-1	2.657719E+0	-5.058801E-1	2.491387E-1	2.367892E+3	-1.861323E+3	4.638638E+3	-2.944982E+3	6.773148E+3	-1.066551E+4	7.982828E+3	-1.726447E+4
8.605000E+1	-5.163117E-1	2.548255E+0	-5.158836E-1	2.490366E-1	2.367727E+3	-1.861980E+3	4.638803E+3	-2.944817E+3	6.773313E+3	-1.066535E+4	7.982993E+3	-1.726464E+4
8.606000E+1	-5.265335E-1	2.605477E+0	-5.261054E-1	2.489323E-1	2.367604E+3	-1.862644E+3	4.638960E+3	-2.944694E+3	6.773504E+3	-1.066516E+4	7.983184E+3	-1.726476E+4
8.607000E+1	-5.364078E-1	2.664208E+0	-5.359798E-1	2.488315E-1	2.368447E+3	-1.863487E+3	4.638960E+3	-2.945537E+3	6.774347E+3	-1.066430E+4	7.984027E+3	-1.726390E+4
8.608000E+1	-5.465898E-1	2.620875E+0	-5.461617E-1	2.487276E-1	2.369291E+3	-1.864331E+3	4.638960E+3	-2.946381E+3	6.775191E+3	-1.066343E+4	7.984871E+3	-1.726303E+4
8.609000E+1	-5.569260E-1	2.572265E+0	-5.564979E-1	2.486221E-1	2.369420E+3	-1.863563E+3	4.638960E+3	-2.946959E+3	6.776217E+3	-1.066376E+4	7.984551E+3	-1.726246E+4
8.610000E+1	-5.664083E-1	2.727809E+0	-5.659802E-1	2.485254E-1	2.369420E+3	-1.862503E+3	4.638960E+3	-2.947489E+3	6.777277E+3	-1.066431E+4	7.984021E+3	-1.726195E+4
8.611000E+1	-5.759260E-1	2.774139E+0	-5.754979E-1	2.484283E-1	2.369420E+3	-1.861443E+3	4.638960E+3	-2.948019E+3	6.778337E+3	-1.066485E+4	7.983491E+3	-1.726143E+4
8.612000E+1	-5.861021E-1	2.553405E+0	-5.856740E-1	2.483244E-1	2.369420E+3	-1.860879E+3	4.638960E+3	-2.948360E+3	6.779020E+3	-1.066514E+4	7.983269E+3	-1.726110E+4
8.613000E+1	-5.958306E-1	2.558448E+0	-5.954026E-1	2.482252E-1	2.369420E+3	-1.861213E+3	4.638960E+3	-2.948360E+3	6.779020E+3	-1.066497E+4	7.983603E+3	-1.726110E+4
8.614000E+1	-6.048529E-1	2.648890E+0	-6.044248E-1	2.481331E-1	2.369420E+3	-1.861547E+3	4.638960E+3	-2.948360E+3	6.779020E+3	-1.066480E+4	7.983937E+3	-1.726110E+4
8.615000E+1	-6.140903E-1	2.785271E+0	-6.136623E-1	2.480388E-1	2.369420E+3	-1.861882E+3	4.638960E+3	-2.948360E+3	6.779020E+3	-1.066462E+4	7.984272E+3	-1.726110E+4
8.616000E+1	-6.246273E-1	2.744299E+0	-6.241992E-1	2.479313E-1	2.369420E+3	-1.862216E+3	4.638960E+3	-2.948360E+3	6.779020E+3	-1.066445E+4	7.984606E+3	-1.726110E+4
8.617000E+1	-6.356265E-1	2.652449E+0	-6.351985E-1	2.478191E-1	2.369420E+3	-1.862550E+3	4.638960E+3	-2.948360E+3	6.779020E+3	-1.066428E+4	7.984940E+3	-1.726110E+4
8.618000E+1	-6.459182E-1	2.554622E+0	-6.454902E-1	2.477141E-1	2.369420E+3	-1.862884E+3	4.638960E+3	-2.948360E+3	6.779020E+3	-1.066411E+4	7.985274E+3	-1.726110E+4
8.619000E+1	-6.563636E-1	2.589213E+0	-6.559355E-1	2.476075E-1	2.369420E+3	-1.863219E+3	4.638960E+3	-2.948360E+3	6.779020E+3	-1.066394E+4	7.985609E+3	-1.726110E+4
8.620000E+1	-6.669608E-1	2.724885E+0	-6.665328E-1	2.474993E-1	2.369420E+3	-1.863553E+3	4.638960E+3	-2.948360E+3	6.779020E+3	-1.066377E+4	7.985943E+3	-1.726110E+4
8.621000E+1	-6.775037E-1	2.723465E+0	-6.770756E-1	2.473918E-1	2.369420E+3	-1.863887E+3	4.638960E+3	-2.948360E+3	6.779020E+3	-1.066359E+4	7.986277E+3	-1.726110E+4
8.622000E+1	-6.876728E-1	2.632477E+0	-6.872448E-1	2.472880E-1	2.369420E+3	-1.864221E+3	4.638960E+3	-2.948360E+3	6.779020E+3	-1.066342E+4	7.986611E+3	-1.726110E+4
8.623000E+1	-6.980250E-1	2.686289E+0	-6.975970E-1	2.471824E-1	2.371081E+3	-1.862799E+3	4.640706E+3	-2.944660E+3	6.782710E+3	-1.066520E+4	7.994051E+3	-1.726281E+4
8.624000E+1	-7.076868E-1	2.640963E+0	-7.072588E-1	2.470838E-1	2.370418E+3	-1.863462E+3	4.640377E+3	-2.944660E+3	6.782710E+3	-1.066520E+4	7.993388E+3	-1.726249E+4
8.625000E+1	-7.172435E-1	2.586888E+0	-7.168154E-1	2.469863E-1	2.369756E+3	-1.864124E+3	4.640047E+3	-2.944660E+3	6.782710E+3	-1.066520E+4	7.992726E+3	-1.726216E+4
8.626000E+1	-7.278185E-1	2.608042E+0	-7.273904E-1	2.468783E-1	2.369093E+3	-1.864787E+3	4.639718E+3	-2.944660E+3	6.782710E+3	-1.066520E+4	7.992063E+3	-1.726184E+4
8.627000E+1	-7.384706E-1	2.759358E+0	-7.380426E-1	2.467696E-1	2.368431E+3	-1.865449E+3	4.639388E+3	-2.944660E+3	6.782710E+3	-1.066520E+4	7.991401E+3	-1.726152E+4
8.628000E+1	-7.490389E-1	2.795100E+0	-7.486108E-1	2.466618E-1	2.367768E+3	-1.866112E+3	4.639059E+3	-2.944660E+3	6.782710E+3	-1.066520E+4	7.990738E+3	-1.726120E+4
8.629000E+1	-7.592866E-1	2.632492E+0	-7.588586E-1	2.465572E-1	2.367570E+3	-1.866875E+3	4.639522E+3	-2.945225E+3	6.783840E+3	-1.066520E+4	7.991105E+3	-1.726052E+4
8.630000E+1	-7.694787E-1	2.554358E+0	-7.690506E-1	2.464532E-1	2.367570E+3	-1.867681E+3	4.640324E+3	-2.946031E+3	6.785453E+3	-1.066520E+4	7.991911E+3	-1.725969E+4
8.631000E+1	-7.799664E-1	2.604478E+0	-7.795384E-1	2.463462E-1	2.367734E+3	-1.868160E+3	4.640800E+3	-2.946510E+3	6.786902E+3	-1.066503E+4	7.993210E+3	-1.725887E+4
8.632000E+1	-7.908679E-1	2.754799E+0	-7.904398E-1	2.462350E-1	2.368137E+3	-1.868160E+3	4.640800E+3	-2.946510E+3	6.788112E+3	-1.066462E+4	7.995226E+3	-1.725807E+4
8.633000E+1	-8.017951E-1	2.754830E+0	-8.013671E-1	2.461235E-1	2.368540E+3	-1.868160E+3	4.640800E+3	-2.946510E+3	6.789321E+3	-1.066420E+4	7.997242E+3	-1.725726E+4
8.634000E+1	-8.121536E-1	2.642496E+0	-8.117255E-1	2.460178E-1	2.368944E+3	-1.868160E+3	4.640800E+3	-2.946510E+3	6.790531E+3	-1.066379E+4	7.999259E+3	-1.725645E+4
8.635000E+1	-8.240607E-1	2.498451E+0	-8.236326E-1	2.458963E-1	2.369347E+3	-1.868160E+3	4.640800E+3	-2.946510E+3	6.791741E+3	-1.066338E+4	8.001275E+3	-1.725565E+4
8.636000E+1	-8.352858E-1	2.606438E+0	-8.348577E-1	2.457817E-1	2.370400E+3	-1.867180E+3	4.640800E+3	-2.945530E+3	6.792450E+3	-1.066428E+4	8.002620E+3	-1.725550E+4
8.637000E+1	-8.457013E-1	2.629619E+0	-8.452732E-1	2.456755E-1	2.371597E+3	-1.865983E+3	4.640800E+3	-2.944333E+3	6.793048E+3	-1.066548E+4	8.003817E+3	-1.725550E+4
8.638000E+1	-8.560306E-1	2.642858E+0	-8.556025E-1	2.455701E-1	2.372794E+3	-1.864786E+3	4.640800E+3	-2.943136E+3	6.793647E+3	-1.066667E+4	8.005014E+3	-1.725550E+4
8.639000E+1	-8.657872E-1	2.590805E+0	-8.653592E-1	2.454705E-1	2.372845E+3	-1.864185E+3	4.641075E+3	-2.942535E+3	6.793535E+3	-1.066728E+4	8.005065E+3	-1.725605E+4
8.640000E+1	-8.743312E-1	2.649060E+0	-8.739032E-1	2.453833E-1	2.372466E+3	-1.863806E+3	4.641454E+3	-2.942156E+3	6.793156E+3	-1.066767E+4	8.004686E+3	-1.725681E+4
8.641000E+1	-8.820399E-1	2.624164E+0	-8.816119E-1	2.453047E-1	2.372088E+3	-1.863428E+3	4.641832E+3	-2.941778E+3	6.792778E+3	-1.066806E+4	8.004308E+3	-1.725756E+4
8.642000E+1	-8.903601E-1	2.581113E+0	-8.899320E-1	2.452198E-1	2.371709E+3	-1.863049E+3	4.642211E+3	-2.941399E+3	6.792399E+3	-1.066845E+4	8.003929E+3	-1.725832E+4
8.643000E+1	-8.992746E-1	2.537096E+0	-8.988466E-1	2.451288E-1	2.371330E+3	-1.862670E+3	4.642590E+3	-2.941020E+3	6.792020E+3	-1.066884E+4	8.003550E+3	-1.725908E+4
8.644000E+1	-9.075135E-1	2.724525E+0	-9.070855E-1	2.450447E-1	2.371270E+3	-1.863097E+3	4.642163E+3	-2.941447E+3	6.790986E+3	-1.066840E+4	8.003003E+3	-1.726017E+4
8.645000E+1	-9.153116E-1	2.765009E+0	-9.148836E-1	2.449651E-1	2.371270E+3	-1.863677E+3	4.641583E+3	-2.942027E+3	6.789827E+3	-1.066780E+4	8.002423E+3	-1.726133E+4
8.646000E+1	-9.246824E-1	2.633997E+0	-9.242543E-1	2.448695E-1	2.371270E+3	-1.864256E+3	4.641004E+3	-2.942606E+3	6.788667E+3	-1.066721E+4	8.001844E+3	-1.726249E+4
8.647000E+1	-9.344080E-1	2.516615E+0	-9.339800E-1	2.447703E-1	2.371270E+3	-1.864460E+3	4.640800E+3	-2.942982E+3	6.788346E+3	-1.066700E+4	8.001554E+3	-1.726282E+4
8.648000E+1	-9.445108E-1	2.593203E+0	-9.440827E-1	2.446672E-1	2.371270E+3	-1.864460E+3	4.640800E+3	-2.943247E+3	6.788478E+3	-1.066700E+4	8.001422E+3	-1.726269E+4
8.649000E+1	-9.547603E-1	2.767680E+0	-9.543322E-1	2.445626E-1	2.371270E+3	-1.864460E+3	4.640800E+3	-2.943512E+3	6.788611E+3	-1.066700E+4	8.001289E+3	-1.726256E+4
8.650000E+1	-9.656414E-1	2.752972E+0	-9.652133E-1	2.444516E-1	2.371270E+3	-1.864460E+3	4.640800E+3	-2.943777E+3	6.788743E+3	-1.066700E+4	8.001157E+3	-1.726243E+4
8.651000E+1	-9.776142E-1	2.530948E+0	-9.771861E-1	2.443294E-1	2.371270E+3	-1.864460E+3	4.640800E+3	-2.944042E+3	6.788876E+3	-1.066700E+4	8.001024E+3	-1.726230E+4
8.652000E+1	-9.887665E-1	2.443980E+0	-9.883384E-1	2.442156E-1	2.371270E+3	-1.864460E+3	4.640800E+3	-2.944307E+3	6.789008E+3	-1.066700E+4	8.000892E+3	-1.726217E+4
8.653000E+1	-9.991175E-1	2.703989E+0	-9.986894E-1	2.441100E-1	2.371270E+3	-1.864460E+3	4.640800E+3	-2.944572E+3	6.789141E+3	-1.066700E+4	8.000759E+3	-1.726204E+4
8.654000E+1	-1.008940E+0	2.728157E+0	-1.008512E+0	2.440098E-1	2.371270E+3	-1.864460E+3	4.640800E+3	-2.944837E+3	6.789273E+3	-1.066700E+4	8.000627E+3	-1.726191E+4
8.655000E+1	-1.018340E+0	2.605256E+0	-1.017912E+0	2.439138E-1	2.371270E+3	-1.864460E+3	4.640800E+3	-2.945102E+3	6.789406E+3	-1.066700E+4	8.000494E+3	-1.726179E+4
8.656000E+1	-1.027640E+0	2.504923E+0	-1.027212E+0	2.438189E-1	2.371270E+3	-1.864460E+3	4.640800E+3	-2.945367E+3	6.789538E+3	-1.066700E+4	8.000362E+3	-1.726166E+4
8.657000E+1	-1.037226E+0	2.649845E+0	-1.036798E+0	2.437211E-1	2.371270E+3	-1.864460E+3	4.640800E+3	-2.945632E+3	6.789671E+3	-1.066700E+4	8.000229E+3	-1.726153E+4
8.658000E+1	-1.046606E+0	2.695061E+0	-1.046177E+0	2.436254E-1	2.371270E+3	-1.864460E+3	4.640800E+3	-2.945897E+3	6.789803E+3	-1.066700E+4	8.000097E+3	-1.726140E+4
8.659000E+1	-1.055911E+0	2.617056E+0	-1.055483E+0	2.435305E-1	2.371270E+3	-1.864460E+3	4.640800E+3	-2.946162E+3	6.789936E+3	-1.066700E+4	7.999964E+3	-1.726127E+4
8.660000E+1	-1.065135E+0	2.521655E+0	-1.064706E+0	2.434363E-1	2.371270E+3	-1.864460E+3	4.640800E+3	-2.946427E+3	6.790068E+3	-1.066700E+4	7.999832E+3	-1.726114E+4
8.661000E+1	-1.075183E+0	2.615620E+0	-1.074755E+0	2.433338E-1	2.369420E+3	-1.862365E+3	4.641045E+3	-2.944415E+3	6.795905E+3	-1.066404E+4	8.009285E+3	-1.725740E+4
8.662000E+1	-1.085629E+0	2.566386E+0	-1.085201E+0	2.432272E-1	2.369420E+3	-1.862009E+3	4.641401E+3	-2.944059E+3	6.796261E+3	-1.066512E+4	8.009641E+3	-1.725740E+4
8.663000E+1	-1.096249E+0	2.541646E+0	-1.095821E+0	2.431188E-1	2.369420E+3	-1.861652E+3	4.641758E+3	-2.943702E+3	6.796618E+3	-1.066620E+4	8.009998E+3	-1.725740E+4
8.664000E+1	-1.106860E+0	2.493869E+0	-1.106432E+0	2.430106E-1	2.369420E+3	-1.861295E+3	4.642115E+3	-2.943345E+3	6.796975E+3	-1.066728E+4	8.010355E+3	-1.725740E+4
8.665000E+1	-1.117079E+0	2.572718E+0	-1.116651E+0	2.429063E-1	2.369420E+3	-1.860938E+3	4.642472E+3	-2.942988E+3	6.797332E+3	-1.066836E+4	8.010712E+3	-1.725740E+4
8.666000E+1	-1.127598E+0	2.764070E+0	-1.127170E+0	2.427990E-1	2.369551E+3	-1.860891E+3	4.642650E+3	-2.942549E+3	6.797771E+3	-1.066890E+4	8.011151E+3	-1.725740E+4
8.667000E+1	-1.139500E+0	2.728939E+0	-1.139072E+0	2.426775E-1	2.369812E+3	-1.861152E+3	4.642650E+3	-2.942026E+3	6.798294E+3	-1.066890E+4	8.011674E+3	-1.725740E+4
8.668000E+1	-1.151091E+0	2.604490E+0	-1.150662E+0	2.425592E-1	2.370073E+3	-1.861413E+3	4.642650E+3	-2.941504E+3	6.798816E+3	-1.066890E+4	8.012196E+3	-1.725740E+4
8.669000E+1	-1.162100E+0	2.531661E+0	-1.161672E+0	2.424469E-1	2.370334E+3	-1.861674E+3	4.642650E+3	-2.940981E+3	6.799339E+3	-1.066890E+4	8.012719E+3	-1.725740E+4
8.670000E+1	-1.172501E+0	2.610023E+0	-1.172072E+0	2.423408E-1	2.370596E+3	-1.861936E+3	4.642650E+3	-2.940459E+3	6.799861E+3	-1.066890E+4	8.013241E+3	-1.725740E+4
8.671000E+1	-1.182244E+0	2.619154E+0	-1.181816E+0	2.422414E-1	2.370857E+3	-1.862197E+3	4.642650E+3	-2.939936E+3	6.800384E+3	-1.066890E+4	8.013764E+3	-1.725740E+4
8.672000E+1	-1.191443E+0	2.585168E+0	-1.191014E+0	2.421475E-1	2.371118E+3	-1.862458E+3	4.642650E+3	-2.939414E+3	6.800906E+3	-1.066890E+4	8.014286E+3	-1.725740E+4
8.673000E+1	-1.200602E+0	2.603959E+0	-1.200174E+0	2.420540E-1	2.370917E+3	-1.864637E+3	4.642827E+3	-2.942987E+3	6.801210E+3	-1.066718E+4	8.015910E+3	-1.725740E+4
8.674000E+1	-1.209741E+0	2.737042E+0	-1.209313E+0	2.419608E-1	2.370074E+3	-1.865058E+3	4.643248E+3	-2.943408E+3	6.801210E+3	-1.066761E+4	8.014646E+3	-1.725740E+4
8.675000E+1	-1.219391E+0	2.729292E+0	-1.218963E+0	2.418623E-1	2.369231E+3	-1.865480E+3	4.643670E+3	-2.943830E+3	6.801210E+3	-1.066805E+4	8.013381E+3	-1.725740E+4
8.676000E+1	-1.228381E+0	2.651496E+0	-1.227953E+0	2.417706E-1	2.368387E+3	-1.865901E+3	4.644091E+3	-2.944251E+3	6.801210E+3	-1.066848E+4	8.012116E+3	-1.725740E+4
8.677000E+1	-1.236748E+0	2.560456E+0	-1.236320E+0	2.416852E-1	2.367574E+3	-1.866310E+3	4.644496E+3	-2.944660E+3	6.801214E+3	-1.066890E+4	8.010890E+3	-1.725740E+4
8.678000E+1	-1.246084E+0	2.650229E+0	-1.245656E+0	2.415899E-1	2.367691E+3	-1.866310E+3	4.644379E+3	-2.944660E+3	6.801331E+3	-1.066890E+4	8.010890E+3	-1.725740E+4
8.679000E+1	-1.255005E+0	2.622670E+0	-1.254577E+0	2.414989E-1	2.367808E+3	-1.866310E+3	4.644262E+3	-2.944660E+3	6.801448E+3	-1.066890E+4	8.010890E+3	-1.725740E+4
8.680000E+1	-1.263323E+0	2.591426E+0	-1.262895E+0	2.414140E-1	2.367926E+3	-1.866310E+3	4.644144E+3	-2.944660E+3	6.801566E+3	-1.066890E+4	8.010890E+3	-1.725740E+4
8.681000E+1	-1.271510E+0	2.522549E+0	-1.271082E+0	2.413305E-1	2.368043E+3	-1.866310E+3	4.644027E+3	-2.944660E+3	6.801683E+3	-1.066890E+4	8.010890E+3	-1.725740E+4
8.682000E+1	-1.280336E+0	2.557096E+0	-1.279908E+0	2.412404E-1	2.368161E+3	-1.866310E+3	4.643909E+3	-2.944660E+3	6.801801E+3	-1.066890E+4	8.010890E+3	-1.725740E+4
8.683000E+1	-1.290402E+0	2.759032E+0	-1.289974E+0	2.411377E-1	2.368278E+3	-1.866310E+3	4.643792E+3	-2.944660E+3	6.801918E+3	-1.066890E+4	8.010890E+3	-1.725740E+4
8.684000E+1	-1.301582E+0	2.673075E+0	-1.301154E+0	2.410236E-1	2.368395E+3	-1.866310E+3	4.643675E+3	-2.944660E+3	6.802035E+3	-1.066890E+4	8.010890E+3	-1.725740E+4
8.685000E+1	-1.312926E+0	2.548475E+0	-1.312498E+0	2.409079E-1	2.368513E+3	-1.866310E+3	4.643557E+3	-2.944660E+3	6.802153E+3	-1.066890E+4	8.010890E+3	-1.725740E+4
8.686000E+1	-1.323981E+0	2.497528E+0	-1.323553E+0	2.407951E-1	2.368630E+3	-1.866310E+3	4.643440E+3	-2.944660E+3	6.802270E+3	-1.066890E+4	8.010890E+3	-1.725740E+4
8.687000E+1	-1.334425E+0	2.672605E+0	-1.333996E+0	2.406885E-1	2.368748E+3	-1.866310E+3	4.643322E+3	-2.944660E+3	6.802388E+3	-1.066890E+4	8.010890E+3	-1.725740E+4
8.688000E+1	-1.344237E+0	2.678907E+0	-1.343809E+0	2.405884E-1	2.368865E+3	-1.866310E+3	4.643205E+3	-2.944660E+3	6.802505E+3	-1.066890E+4	8.010890E+3	-1.725740E+4
8.689000E+1	-1.353510E+0	2.674846E+0	-1.353082E+0	2.404937E-1	2.368982E+3	-1.866310E+3	4.643088E+3	-2.944660E+3	6.802622E+3	-1.066890E+4	8.010890E+3	-1.725740E+4
8.690000E+1	-1.362544E+0	2.517986E+0	-1.362116E+0	2.404016E-1	2.369100E+3	-1.866310E+3	4.642970E+3	-2.944660E+3	6.802740E+3	-1.066890E+4	8.010890E+3	-1.725740E+4
8.691000E+1	-1.371532E+0	2.625281E+0	-1.371104E+0	2.403098E-1	2.369217E+3	-1.866310E+3	4.642853E+3	-2.944660E+3	6.802857E+3	-1.066890E+4	8.010890E+3	-1.725740E+4
8.692000E+1	-1.380723E+0	2.563173E+0	-1.380294E+0	2.402161E-1	2.369335E+3	-1.866310E+3	4.642735E+3	-2.944660E+3	6.802975E+3	-1.066890E+4	8.010890E+3	-1.725740E+4
8.693000E+1	-1.389916E+0	2.518143E+0	-1.389488E+0	2.401222E-1	2.372971E+3	-1.862759E+3	4.642650E+3	-2.939259E+3	6.806760E+3	-1.066875E+4	8.020438E+3	-1.725906E+4
8.694000E+1	-1.398581E+0	2.508989E+0	-1.398153E+0	2.400338E-1	2.372426E+3	-1.863304E+3	4.642650E+3	-2.939804E+3	6.806760E+3	-1.066819E+4	8.021529E+3	-1.725852E+4
8.695000E+1	-1.407443E+0	2.678132E+0	-1.407015E+0	2.399434E-1	2.371880E+3	-1.863850E+3	4.642650E+3	-2.940350E+3	6.806760E+3	-1.066763E+4	8.022620E+3	-1.725799E+4
8.696000E+1	-1.417098E+0	2.679085E+0	-1.416670E+0	2.398449E-1	2.371334E+3	-1.864396E+3	4.642650E+3	-2.940896E+3	6.806760E+3	-1.066707E+4	8.023711E+3	-1.725746E+4
8.697000E+1	-1.426787E+0	2.567429E+0	-1.426359E+0	2.397460E-1	2.371270E+3	-1.864460E+3	4.642977E+3	-2.941614E+3	6.807414E+3	-1.066734E+4	8.023513E+3	-1.725706E+4
8.698000E+1	-1.436519E+0	2.537798E+0	-1.436091E+0	2.396467E-1	2.371270E+3	-1.864460E+3	4.643348E+3	-2.942356E+3	6.808156E+3	-1.066772E+4	8.023142E+3	-1.725668E+4
8.699000E+1	-1.446215E+0	2.621069E+0	-1.445787E+0	2.395478E-1	2.371270E+3	-1.864460E+3	4.643719E+3	-2.943098E+3	6.808898E+3	-1.066810E+4	8.022771E+3	-1.725630E+4
8.700000E+1	-1.455767E+0	2.728445E+0	-1.455339E+0	2.394503E-1	2.371270E+3	-1.864460E+3	4.644090E+3	-2.943840E+3	6.809640E+3	-1.066848E+4	8.022400E+3	-1.725592E+4
8.701000E+1	-1.465050E+0	2.594779E+0	-1.464622E+0	2.393556E-1	2.371270E+3	-1.864460E+3	4.644461E+3	-2.944582E+3	6.810382E+3	-1.066886E+4	8.022029E+3	-1.725554E+4
8.702000E+1	-1.475097E+0	2.453996E+0	-1.474669E+0	2.392530E-1	2.372456E+3	-1.865053E+3	4.644500E+3	-2.944067E+3	6.812239E+3	-1.066771E+4	8.023769E+3	-1.725492E+4
8.703000E+1	-1.484604E+0	2.489658E+0	-1.484176E+0	2.391560E-1	2.373781E+3	-1.865716E+3	4.644500E+3	-2.943404E+3	6.814227E+3	-1.066639E+4	8.025757E+3	-1.725428E+4
8.704000E+1	-1.494088E+0	2.653011E+0	-1.493660E+0	2.390593E-1	2.374970E+3	-1.866310E+3	4.644500E+3	-2.942731E+3	6.816050E+3	-1.066520E+4	8.027738E+3	-1.725366E+4
8.705000E+1	-1.504144E+0	2.579830E+0	-1.503716E+0	2.389567E-1	2.374970E+3	-1.866310E+3	4.644500E+3	-2.941958E+3	6.816436E+3	-1.066520E+4	8.029671E+3	-1.725326E+4
8.706000E+1	-1.513588E+0	2.554539E+0	-1.513160E+0	2.388603E-1	2.374970E+3	-1.866310E+3	4.644500E+3	-2.941185E+3	6.816823E+3	-1.066520E+4	8.031603E+3	-1.725287E+4
8.707000E+1	-1.523450E+0	2.475013E+0	-1.523022E+0	2.387597E-1	2.374970E+3	-1.866310E+3	4.644500E+3	-2.940412E+3	6.817209E+3	-1.066520E+4	8.033535E+3	-1.725247E+4
8.708000E+1	-1.532980E+0	2.674785E+0	-1.532552E+0	2.386624E-1	2.374970E+3	-1.866310E+3	4.644500E+3	-2.939639E+3	6.817595E+3	-1.066520E+4	8.035467E+3	-1.725207E+4
8.709000E+1	-1.542061E+0	2.706926E+0	-1.541633E+0	2.385697E-1	2.374970E+3	-1.865991E+3	4.644500E+3	-2.939110E+3	6.817754E+3	-1.066552E+4	8.036471E+3	-1.725191E+4
8.710000E+1	-1.550421E+0	2.655247E+0	-1.549993E+0	2.384844E-1	2.374970E+3	-1.864979E+3	4.644500E+3	-2.939110E+3	6.817416E+3	-1.066652E+4	8.035459E+3	-1.725226E+4
8.711000E+1	-1.559348E+0	2.428441E+0	-1.558920E+0	2.383933E-1	2.374970E+3	-1.863967E+3	4.644500E+3	-2.939110E+3	6.817079E+3	-1.066752E+4	8.034447E+3	-1.725260E+4
8.712000E+1	-1.568417E+0	2.553510E+0	-1.567989E+0	2.383008E-1	2.374970E+3	-1.862955E+3	4.644500E+3	-2.939110E+3	6.816742E+3	-1.066852E+4	8.033435E+3	-1.725295E+4
8.713000E+1	-1.577534E+0	2.777409E+0	-1.577106E+0	2.382078E-1	2.374970E+3	-1.861944E+3	4.644500E+3	-2.939110E+3	6.816405E+3	-1.066953E+4	8.032424E+3	-1.725329E+4
8.714000E+1	-1.587567E+0	2.677898E+0	-1.587139E+0	2.381054E-1	2.374970E+3	-1.860932E+3	4.644500E+3	-2.939110E+3	6.816067E+3	-1.067053E+4	8.031412E+3	-1.725364E+4
8.715000E+1	-1.598353E+0	2.429281E+0	-1.597925E+0	2.379953E-1	2.374639E+3	-1.861091E+3	4.644666E+3	-2.939110E+3	6.816176E+3	-1.067054E+4	8.031571E+3	-1.725386E+4
8.716000E+1	-1.609360E+0	2.507985E+0	-1.608932E+0	2.378830E-1	2.374240E+3	-1.861490E+3	4.644865E+3	-2.939110E+3	6.816375E+3	-1.067034E+4	8.031970E+3	-1.725406E+4
8.717000E+1	-1.620805E+0	2.579298E+0	-1.620377E+0	2.377662E-1	2.373841E+3	-1.861889E+3	4.645064E+3	-2.939110E+3	6.816574E+3	-1.067015E+4	8.032369E+3	-1.725425E+4
8.718000E+1	-1.631538E+0	2.630183E+0	-1.631110E+0	2.376567E-1	2.373442E+3	-1.862288E+3	4.645264E+3	-2.939110E+3	6.816774E+3	-1.066996E+4	8.032768E+3	-1.725444E+4
8.719000E+1	-1.641526E+0	2.583109E+0	-1.641098E+0	2.375548E-1	2.373043E+3	-1.862687E+3	4.645463E+3	-2.939110E+3	6.816973E+3	-1.066976E+4	8.033167E+3	-1.725464E+4
8.720000E+1	-1.651448E+0	2.583783E+0	-1.651020E+0	2.374536E-1	2.372644E+3	-1.863086E+3	4.645663E+3	-2.939110E+3	6.817173E+3	-1.066957E+4	8.033566E+3	-1.725483E+4
8.721000E+1	-1.661149E+0	2.642404E+0	-1.660721E+0	2.373546E-1	2.372245E+3	-1.863485E+3	4.645862E+3	-2.939110E+3	6.817372E+3	-1.066937E+4	8.033965E+3	-1.725503E+4
8.722000E+1	-1.669845E+0	2.625312E+0	-1.669417E+0	2.372658E-1	2.371847E+3	-1.863883E+3	4.646062E+3	-2.939110E+3	6.817572E+3	-1.066918E+4	8.034363E+3	-1.725522E+4
8.723000E+1	-1.678357E+0	2.577701E+0	-1.677929E+0	2.371790E-1	2.371448E+3	-1.864282E+3	4.646261E+3	-2.939110E+3	6.817771E+3	-1.066899E+4	8.034762E+3	-1.725541E+4
8.724000E+1	-1.686925E+0	2.435705E+0	-1.686497E+0	2.370915E-1	2.374793E+3	-1.864371E+3	4.646350E+3	-2.939199E+3	6.821649E+3	-1.066709E+4	8.036613E+3	-1.725180E+4
8.725000E+1	-1.695887E+0	2.576261E+0	-1.695459E+0	2.370001E-1	2.374473E+3	-1.864211E+3	4.646350E+3	-2.939359E+3	6.821809E+3	-1.066726E+4	8.036293E+3	-1.725180E+4
8.726000E+1	-1.704491E+0	2.588617E+0	-1.704063E+0	2.369123E-1	2.374153E+3	-1.864051E+3	4.646350E+3	-2.939519E+3	6.821969E+3	-1.066742E+4	8.035973E+3	-1.725180E+4
8.727000E+1	-1.713240E+0	2.543981E+0	-1.712812E+0	2.368230E-1	2.373833E+3	-1.863892E+3	4.646350E+3	-2.939678E+3	6.822128E+3	-1.066758E+4	8.035653E+3	-1.725180E+4
8.728000E+1	-1.722693E+0	2.450373E+0	-1.722265E+0	2.367266E-1	2.373513E+3	-1.863732E+3	4.646350E+3	-2.939838E+3	6.822288E+3	-1.066775E+4	8.035333E+3	-1.725180E+4
8.729000E+1	-1.732654E+0	2.616340E+0	-1.732226E+0	2.366249E-1	2.373193E+3	-1.863572E+3	4.646350E+3	-2.939998E+3	6.822448E+3	-1.066791E+4	8.035013E+3	-1.725180E+4
8.730000E+1	-1.742458E+0	2.763364E+0	-1.742030E+0	2.365249E-1	2.372874E+3	-1.863412E+3	4.646350E+3	-2.940158E+3	6.822608E+3	-1.066808E+4	8.034694E+3	-1.725180E+4
8.731000E+1	-1.753036E+0	2.701356E+0	-1.752608E+0	2.364169E-1	2.372554E+3	-1.863252E+3	4.646350E+3	-2.940318E+3	6.822768E+3	-1.066824E+4	8.034374E+3	-1.725180E+4
8.732000E+1	-1.763670E+0	2.482415E+0	-1.763242E+0	2.363084E-1	2.372234E+3	-1.863092E+3	4.646350E+3	-2.940478E+3	6.822928E+3	-1.066840E+4	8.034054E+3	-1.725180E+4
8.733000E+1	-1.774435E+0	2.479315E+0	-1.774007E+0	2.361986E-1	2.371914E+3	-1.862932E+3	4.646350E+3	-2.940638E+3	6.823088E+3	-1.066857E+4	8.033734E+3	-1.725180E+4
8.734000E+1	-1.786194E+0	2.617879E+0	-1.785766E+0	2.360786E-1	2.371594E+3	-1.862772E+3	4.646350E+3	-2.940798E+3	6.823248E+3	-1.066873E+4	8.033414E+3	-1.725180E+4
8.735000E+1	-1.797104E+0	2.685505E+0	-1.796676E+0	2.359673E-1	2.371275E+3	-1.862612E+3	4.646350E+3	-2.940958E+3	6.823408E+3	-1.066890E+4	8.033095E+3	-1.725180E+4
8.736000E+1	-1.807073E+0	2.554067E+0	-1.806645E+0	2.358655E-1	2.374003E+3	-1.862127E+3	4.648200E+3	-2.936779E+3	6.828960E+3	-1.066846E+4	8.046030E+3	-1.725000E+4
8.737000E+1	-1.817648E+0	2.442115E+0	-1.817220E+0	2.357576E-1	2.372912E+3	-1.861581E+3	4.648200E+3	-2.936237E+3	6.828960E+3	-1.067011E+4	8.046030E+3	-1.725000E+4
8.738000E+1	-1.827780E+0	2.530499E+0	-1.827351E+0	2.356543E-1	2.371821E+3	-1.861035E+3	4.648200E+3	-2.935694E+3	6.828960E+3	-1.067177E+4	8.046030E+3	-1.725000E+4
8.739000E+1	-1.836473E+0	2.599391E+0	-1.836045E+0	2.355655E-1	2.371399E+3	-1.861019E+3	4.648200E+3	-2.935420E+3	6.828960E+3	-1.067234E+4	8.046159E+3	-1.725013E+4
8.740000E+1	-1.845269E+0	2.618624E+0	-1.844841E+0	2.354758E-1	2.371661E+3	-1.861541E+3	4.648200E+3	-2.935420E+3	6.828960E+3	-1.067182E+4	8.046421E+3	-1.725038E+4
8.741000E+1	-1.853690E+0	2.543840E+0	-1.853262E+0	2.353899E-1	2.371922E+3	-1.862064E+3	4.648200E+3	-2.935420E+3	6.828960E+3	-1.067130E+4	8.046682E+3	-1.725063E+4
8.742000E+1	-1.862422E+0	2.567940E+0	-1.861994E+0	2.353008E-1	2.372183E+3	-1.862586E+3	4.648200E+3	-2.935420E+3	6.828960E+3	-1.067077E+4	8.046943E+3	-1.725089E+4
8.743000E+1	-1.871280E+0	2.565216E+0	-1.870852E+0	2.352104E-1	2.372444E+3	-1.863109E+3	4.648200E+3	-2.935420E+3	6.828960E+3	-1.067025E+4	8.047204E+3	-1.725114E+4
8.744000E+1	-1.879802E+0	2.521607E+0	-1.879374E+0	2.351234E-1	2.372706E+3	-1.863631E+3	4.648200E+3	-2.935420E+3	6.828960E+3	-1.066973E+4	8.047466E+3	-1.725140E+4
8.745000E+1	-1.887618E+0	2.510746E+0	-1.887190E+0	2.350437E-1	2.372967E+3	-1.864154E+3	4.648200E+3	-2.935420E+3	6.828960E+3	-1.066921E+4	8.047727E+3	-1.725165E+4
8.746000E+1	-1.896949E+0	2.661720E+0	-1.896521E+0	2.349484E-1	2.376889E+3	-1.868229E+3	4.648269E+3	-2.937260E+3	6.832934E+3	-1.066700E+4	8.049799E+3	-1.724986E+4
8.747000E+1	-1.905703E+0	2.742433E+0	-1.905275E+0	2.348591E-1	2.377054E+3	-1.868394E+3	4.648434E+3	-2.937260E+3	6.833596E+3	-1.066700E+4	8.049964E+3	-1.724953E+4
8.748000E+1	-1.914847E+0	2.655507E+0	-1.914419E+0	2.347658E-1	2.377220E+3	-1.868560E+3	4.648600E+3	-2.937260E+3	6.834257E+3	-1.066700E+4	8.050130E+3	-1.724920E+4
8.749000E+1	-1.925510E+0	2.448199E+0	-1.925082E+0	2.346570E-1	2.377385E+3	-1.868725E+3	4.648765E+3	-2.937260E+3	6.834919E+3	-1.066700E+4	8.050295E+3	-1.724887E+4
8.750000E+1	-1.936015E+0	2.422394E+0	-1.935587E+0	2.345498E-1	2.377551E+3	-1.868891E+3	4.648931E+3	-2.937260E+3	6.835580E+3	-1.066700E+4	8.050461E+3	-1.724854E+4
8.751000E+1	-1.946272E+0	2.578104E+0	-1.945844E+0	2.344451E-1	2.377717E+3	-1.869057E+3	4.649097E+3	-2.937260E+3	6.836242E+3	-1.066700E+4	8.050627E+3	-1.724821E+4
8.752000E+1	-1.956572E+0	2.564099E+0	-1.956144E+0	2.343400E-1	2.377882E+3	-1.869222E+3	4.649262E+3	-2.937260E+3	6.836903E+3	-1.066700E+4	8.050792E+3	-1.724788E+4
8.753000E+1	-1.966220E+0	2.607478E+0	-1.965791E+0	2.342416E-1	2.378048E+3	-1.869388E+3	4.649428E+3	-2.937260E+3	6.837565E+3	-1.066700E+4	8.050958E+3	-1.724754E+4
8.754000E+1	-1.975746E+0	2.523983E+0	-1.975318E+0	2.341444E-1	2.378214E+3	-1.869554E+3	4.649594E+3	-2.937260E+3	6.838227E+3	-1.066700E+4	8.051124E+3	-1.724721E+4
8.755000E+1	-1.986057E+0	2.589476E+0	-1.985629E+0	2.340392E-1	2.378379E+3	-1.869719E+3	4.649759E+3	-2.937260E+3	6.838888E+3	-1.066700E+4	8.051289E+3	-1.724688E+4
8.756000E+1	-1.995211E+0	2.548750E+0	-1.994783E+0	2.339458E-1	2.378545E+3	-1.869885E+3	4.649925E+3	-2.937260E+3	6.839550E+3	-1.066700E+4	8.051455E+3	-1.724655E+4
8.757000E+1	-2.004602E+0	2.499372E+0	-2.004174E+0	2.338499E-1	2.378936E+3	-1.869478E+3	4.650316E+3	-2.934888E+3	6.844016E+3	-1.066546E+4	8.061362E+3	-1.724440E+4
8.758000E+1	-2.014994E+0	2.484735E+0	-2.014565E+0	2.337439E-1	2.380027E+3	-1.867295E+3	4.651407E+3	-2.932705E+3	6.845107E+3	-1.066652E+4	8.063545E+3	-1.724440E+4
8.759000E+1	-2.024851E+0	2.650101E+0	-2.024423E+0	2.336433E-1	2.379970E+3	-1.865760E+3	4.651625E+3	-2.931445E+3	6.845325E+3	-1.066755E+4	8.064255E+3	-1.724468E+4
8.760000E+1	-2.034907E+0	2.704259E+0	-2.034479E+0	2.335407E-1	2.378967E+3	-1.864757E+3	4.651124E+3	-2.930944E+3	6.844824E+3	-1.066855E+4	8.063754E+3	-1.724520E+4
8.761000E+1	-2.044611E+0	2.540949E+0	-2.044183E+0	2.334417E-1	2.377965E+3	-1.863755E+3	4.650622E+3	-2.930442E+3	6.844322E+3	-1.066956E+4	8.063252E+3	-1.724571E+4
8.762000E+1	-2.054068E+0	2.369151E+0	-2.053640E+0	2.333452E-1	2.376962E+3	-1.862752E+3	4.650121E+3	-2.929941E+3	6.843821E+3	-1.067056E+4	8.062751E+3	-1.724623E+4
8.763000E+1	-2.063780E+0	2.463122E+0	-2.063352E+0	2.332461E-1	2.376820E+3	-1.863747E+3	4.650050E+3	-2.930249E+3	6.843750E+3	-1.066994E+4	8.063059E+3	-1.724630E+4
8.764000E+1	-2.073916E+0	2.641553E+0	-2.073488E+0	2.331427E-1	2.376820E+3	-1.865072E+3	4.650050E+3	-2.930691E+3	6.843750E+3	-1.066906E+4	8.063501E+3	-1.724630E+4
8.765000E+1	-2.083561E+0	2.625297E+0	-2.083133E+0	2.330442E-1	2.376820E+3	-1.866397E+3	4.650050E+3	-2.931132E+3	6.843750E+3	-1.066818E+4	8.063942E+3	-1.724630E+4
8.766000E+1	-2.093535E+0	2.554491E+0	-2.093107E+0	2.329425E-1	2.376820E+3	-1.867722E+3	4.650050E+3	-2.931574E+3	6.843750E+3	-1.066729E+4	8.064384E+3	-1.724630E+4
8.767000E+1	-2.103710E+0	2.355390E+0	-2.103282E+0	2.328386E-1	2.377073E+3	-1.868413E+3	4.650050E+3	-2.931973E+3	6.843750E+3	-1.066726E+4	8.064277E+3	-1.724604E+4
8.768000E+1	-2.114592E+0	2.565375E+0	-2.114164E+0	2.327276E-1	2.377452E+3	-1.868792E+3	4.650050E+3	-2.932352E+3	6.843750E+3	-1.066765E+4	8.063898E+3	-1.724565E+4
8.769000E+1	-2.125181E+0	2.605484E+0	-2.124753E+0	2.326195E-1	2.377831E+3	-1.869171E+3	4.650050E+3	-2.932731E+3	6.843750E+3	-1.066804E+4	8.063519E+3	-1.724526E+4
8.770000E+1	-2.134328E+0	2.635658E+0	-2.133900E+0	2.325262E-1	2.378209E+3	-1.869549E+3	4.650050E+3	-2.933109E+3	6.843750E+3	-1.066843E+4	8.063141E+3	-1.724487E+4
8.771000E+1	-2.142774E+0	2.568247E+0	-2.142346E+0	2.324400E-1	2.378588E+3	-1.869928E+3	4.650050E+3	-2.933488E+3	6.843750E+3	-1.066882E+4	8.062762E+3	-1.724448E+4
8.772000E+1	-2.152715E+0	2.648606E+0	-2.152287E+0	2.323386E-1	2.378670E+3	-1.870478E+3	4.650050E+3	-2.934038E+3	6.844218E+3	-1.066890E+4	8.062212E+3	-1.724440E+4
8.773000E+1	-2.162567E+0	2.623403E+0	-2.162138E+0	2.322381E-1	2.378670E+3	-1.871077E+3	4.650050E+3	-2.934637E+3	6.844817E+3	-1.066890E+4	8.061613E+3	-1.724440E+4
8.774000E+1	-2.171724E+0	2.493452E+0	-2.171296E+0	2.321446E-1	2.378670E+3	-1.871675E+3	4.650050E+3	-2.935235E+3	6.845415E+3	-1.066890E+4	8.061015E+3	-1.724440E+4
8.775000E+1	-2.181988E+0	2.425279E+0	-2.181560E+0	2.320399E-1	2.378670E+3	-1.871687E+3	4.650223E+3	-2.935420E+3	6.845773E+3	-1.066872E+4	8.061350E+3	-1.724440E+4
8.776000E+1	-2.192249E+0	2.514109E+0	-2.191821E+0	2.319352E-1	2.378670E+3	-1.871436E+3	4.650474E+3	-2.935420E+3	6.846024E+3	-1.066846E+4	8.062102E+3	-1.724440E+4
8.777000E+1	-2.202332E+0	2.568299E+0	-2.201904E+0	2.318323E-1	2.378670E+3	-1.871185E+3	4.650725E+3	-2.935420E+3	6.846275E+3	-1.066821E+4	8.062854E+3	-1.724440E+4
8.778000E+1	-2.212869E+0	2.590503E+0	-2.212441E+0	2.317248E-1	2.378670E+3	-1.870935E+3	4.650975E+3	-2.935420E+3	6.846525E+3	-1.066795E+4	8.063606E+3	-1.724440E+4
8.779000E+1	-2.222755E+0	2.544499E+0	-2.222327E+0	2.316239E-1	2.378670E+3	-1.870684E+3	4.651226E+3	-2.935420E+3	6.846776E+3	-1.066769E+4	8.064358E+3	-1.724440E+4
8.780000E+1	-2.232611E+0	2.611587E+0	-2.232183E+0	2.315233E-1	2.378670E+3	-1.870433E+3	4.651477E+3	-2.935420E+3	6.847027E+3	-1.066743E+4	8.065110E+3	-1.724440E+4
8.781000E+1	-2.242662E+0	2.677551E+0	-2.242234E+0	2.314208E-1	2.378670E+3	-1.870183E+3	4.651727E+3	-2.935420E+3	6.847277E+3	-1.066718E+4	8.065862E+3	-1.724440E+4
8.782000E+1	-2.252801E+0	2.514067E+0	-2.252373E+0	2.313173E-1	2.378670E+3	-1.869731E+3	4.651900E+3	-2.935327E+3	6.847357E+3	-1.066719E+4	8.066380E+3	-1.724450E+4
8.783000E+1	-2.262798E+0	2.444998E+0	-2.262370E+0	2.312153E-1	2.378670E+3	-1.868833E+3	4.651900E+3	-2.935028E+3	6.847058E+3	-1.066778E+4	8.066380E+3	-1.724480E+4
8.784000E+1	-2.272916E+0	2.510743E+0	-2.272488E+0	2.311120E-1	2.378670E+3	-1.867936E+3	4.651900E+3	-2.934729E+3	6.846759E+3	-1.066838E+4	8.066380E+3	-1.724511E+4
8.785000E+1	-2.282477E+0	2.668429E+0	-2.282049E+0	2.310145E-1	2.378670E+3	-1.867038E+3	4.651900E+3	-2.934429E+3	6.846459E+3	-1.066898E+4	8.066380E+3	-1.724542E+4
8.786000E+1	-2.292105E+0	2.692685E+0	-2.291677E+0	2.309162E-1	2.378670E+3	-1.866141E+3	4.651900E+3	-2.934130E+3	6.846160E+3	-1.066958E+4	8.066380E+3	-1.724572E+4
8.787000E+1	-2.301538E+0	2.521193E+0	-2.301110E+0	2.308200E-1	2.378670E+3	-1.865243E+3	4.651900E+3	-2.933831E+3	6.845861E+3	-1.067018E+4	8.066380E+3	-1.724603E+4
8.788000E+1	-2.312369E+0	2.423612E+0	-2.311941E+0	2.307095E-1	2.378513E+3	-1.864303E+3	4.651900E+3	-2.933570E+3	6.845600E+3	-1.067101E+4	8.066223E+3	-1.724645E+4
8.789000E+1	-2.323019E+0	2.683556E+0	-2.322591E+0	2.306008E-1	2.377276E+3	-1.863066E+3	4.651900E+3	-2.933570E+3	6.845600E+3	-1.067349E+4	8.064986E+3	-1.724766E+4
8.790000E+1	-2.333583E+0	2.735288E+0	-2.333155E+0	2.304930E-1	2.376820E+3	-1.863299E+3	4.651211E+3	-2.933570E+3	6.845600E+3	-1.067373E+4	8.065219E+3	-1.724881E+4
8.791000E+1	-2.344024E+0	2.615265E+0	-2.343595E+0	2.303865E-1	2.376820E+3	-1.864390E+3	4.650120E+3	-2.933570E+3	6.845600E+3	-1.067267E+4	8.066310E+3	-1.724993E+4
8.792000E+1	-2.354234E+0	2.418666E+0	-2.353806E+0	2.302823E-1	2.377037E+3	-1.864894E+3	4.650050E+3	-2.933787E+3	6.846034E+3	-1.067238E+4	8.066380E+3	-1.724957E+4
8.793000E+1	-2.363703E+0	2.486214E+0	-2.363275E+0	2.301856E-1	2.377269E+3	-1.865357E+3	4.650050E+3	-2.934019E+3	6.846497E+3	-1.067214E+4	8.066380E+3	-1.724910E+4
8.794000E+1	-2.373574E+0	2.552235E+0	-2.373146E+0	2.300849E-1	2.377501E+3	-1.865821E+3	4.650050E+3	-2.934251E+3	6.846961E+3	-1.067190E+4	8.066380E+3	-1.724864E+4
8.795000E+1	-2.383582E+0	2.604160E+0	-2.383154E+0	2.299828E-1	2.377732E+3	-1.866285E+3	4.650050E+3	-2.934482E+3	6.847425E+3	-1.067166E+4	8.066380E+3	-1.724818E+4
8.796000E+1	-2.393179E+0	2.538707E+0	-2.392750E+0	2.298849E-1	2.377964E+3	-1.866748E+3	4.650050E+3	-2.934714E+3	6.847888E+3	-1.067142E+4	8.066380E+3	-1.724771E+4
8.797000E+1	-2.402717E+0	2.545004E+0	-2.402289E+0	2.297875E-1	2.378196E+3	-1.867212E+3	4.650050E+3	-2.934946E+3	6.848352E+3	-1.067119E+4	8.066380E+3	-1.724725E+4
8.798000E+1	-2.412512E+0	2.659147E+0	-2.412084E+0	2.296876E-1	2.378428E+3	-1.867675E+3	4.650050E+3	-2.935178E+3	6.848815E+3	-1.067095E+4	8.066380E+3	-1.724678E+4
8.799000E+1	-2.422505E+0	2.545656E+0	-2.422077E+0	2.295856E-1	2.378659E+3	-1.868139E+3	4.650050E+3	-2.935409E+3	6.849279E+3	-1.067071E+4	8.066380E+3	-1.724632E+4
8.800000E+1	-2.432210E+0	2.433870E+0	-2.431782E+0	2.294866E-1	2.379017E+3	-1.868160E+3	4.649703E+3	-2.935420E+3	6.849647E+3	-1.067070E+4	8.066380E+3	-1.724630E+4
8.801000E+1	-2.441825E+0	2.492375E+0	-2.441397E+0	2.293885E-1	2.379381E+3	-1.868160E+3	4.649339E+3	-2.935420E+3	6.850011E+3	-1.067070E+4	8.066380E+3	-1.724630E+4
8.802000E+1	-2.451370E+0	2.575293E+0	-2.450942E+0	2.292911E-1	2.379745E+3	-1.868160E+3	4.648975E+3	-2.935420E+3	6.850375E+3	-1.067070E+4	8.066380E+3	-1.724630E+4
8.803000E+1	-2.461413E+0	2.621917E+0	-2.460985E+0	2.291886E-1	2.380109E+3	-1.868160E+3	4.648611E+3	-2.935420E+3	6.850739E+3	-1.067070E+4	8.066380E+3	-1.724630E+4
8.804000E+1	-2.470549E+0	2.505817E+0	-2.470121E+0	2.290954E-1	2.380473E+3	-1.868160E+3	4.648247E+3	-2.935420E+3	6.851103E+3	-1.067070E+4	8.066380E+3	-1.724630E+4
8.805000E+1	-2.479282E+0	2.424280E+0	-2.478854E+0	2.290063E-1	2.380501E+3	-1.866291E+3	4.651881E+3	-2.935381E+3	6.853000E+3	-1.066896E+4	8.075630E+3	-1.724440E+4
8.806000E+1	-2.488239E+0	2.550563E+0	-2.487811E+0	2.289149E-1	2.380236E+3	-1.866026E+3	4.651616E+3	-2.934851E+3	6.853000E+3	-1.066975E+4	8.075630E+3	-1.724440E+4
8.807000E+1	-2.497276E+0	2.519092E+0	-2.496847E+0	2.288227E-1	2.379971E+3	-1.865761E+3	4.651351E+3	-2.934321E+3	6.853000E+3	-1.067053E+4	8.075630E+3	-1.724440E+4
8.808000E+1	-2.506260E+0	2.544539E+0	-2.505832E+0	2.287310E-1	2.379706E+3	-1.865496E+3	4.651086E+3	-2.933791E+3	6.853000E+3	-1.067132E+4	8.075630E+3	-1.724440E+4
8.809000E+1	-2.515501E+0	2.522045E+0	-2.515073E+0	2.286367E-1	2.379441E+3	-1.865231E+3	4.650821E+3	-2.933261E+3	6.853000E+3	-1.067211E+4	8.075630E+3	-1.724440E+4
8.810000E+1	-2.524645E+0	2.541483E+0	-2.524217E+0	2.285434E-1	2.379176E+3	-1.864966E+3	4.650556E+3	-2.932732E+3	6.853000E+3	-1.067290E+4	8.075630E+3	-1.724440E+4
8.811000E+1	-2.533867E+0	2.581339E+0	-2.533439E+0	2.284493E-1	2.378911E+3	-1.864701E+3	4.650291E+3	-2.932202E+3	6.853000E+3	-1.067368E+4	8.075630E+3	-1.724440E+4
8.812000E+1	-2.543805E+0	2.496780E+0	-2.543377E+0	2.283479E-1	2.376820E+3	-1.868160E+3	4.651900E+3	-2.931739E+3	6.853000E+3	-1.067438E+4	8.075630E+3	-1.724632E+4
8.813000E+1	-2.554084E+0	2.403052E+0	-2.553656E+0	2.282430E-1	2.376820E+3	-1.868160E+3	4.651900E+3	-2.931942E+3	6.853000E+3	-1.067418E+4	8.075630E+3	-1.724652E+4
8.814000E+1	-2.564127E+0	2.365895E+0	-2.563699E+0	2.281405E-1	2.376820E+3	-1.868160E+3	4.651900E+3	-2.932146E+3	6.853000E+3	-1.067399E+4	8.075630E+3	-1.724671E+4
8.815000E+1	-2.574199E+0	2.603169E+0	-2.573771E+0	2.280377E-1	2.376820E+3	-1.868160E+3	4.651900E+3	-2.932350E+3	6.853000E+3	-1.067379E+4	8.075630E+3	-1.724691E+4
8.816000E+1	-2.584624E+0	2.680207E+0	-2.584196E+0	2.279314E-1	2.376820E+3	-1.868160E+3	4.651900E+3	-2.932554E+3	6.853000E+3	-1.067359E+4	8.075630E+3	-1.724711E+4
8.817000E+1	-2.595307E+0	2.627653E+0	-2.594878E+0	2.278223E-1	2.376820E+3	-1.868160E+3	4.651900E+3	-2.932758E+3	6.853000E+3	-1.067339E+4	8.075630E+3	-1.724731E+4
8.818000E+1	-2.605672E+0	2.552437E+0	-2.605244E+0	2.277166E-1	2.376820E+3	-1.868160E+3	4.651900E+3	-2.932962E+3	6.853000E+3	-1.067319E+4	8.075630E+3	-1.724751E+4
8.819000E+1	-2.615708E+0	2.645377E+0	-2.615279E+0	2.276142E-1	2.376820E+3	-1.868160E+3	4.651900E+3	-2.933166E+3	6.853000E+3	-1.067299E+4	8.075630E+3	-1.724771E+4
8.820000E+1	-2.625496E+0	2.615284E+0	-2.625068E+0	2.275143E-1	2.376820E+3	-1.868160E+3	4.651900E+3	-2.933369E+3	6.853000E+3	-1.067280E+4	8.075630E+3	-1.724790E+4
8.821000E+1	-2.634902E+0	2.557983E+0	-2.634474E+0	2.274183E-1	2.376820E+3	-1.868178E+3	4.651900E+3	-2.933588E+3	6.853037E+3	-1.067260E+4	8.075612E+3	-1.724808E+4
8.822000E+1	-2.643670E+0	2.384953E+0	-2.643242E+0	2.273288E-1	2.376820E+3	-1.869338E+3	4.651900E+3	-2.934748E+3	6.855355E+3	-1.067260E+4	8.074452E+3	-1.724695E+4
8.823000E+1	-2.652883E+0	2.565457E+0	-2.652455E+0	2.272348E-1	2.376820E+3	-1.871209E+3	4.651900E+3	-2.934821E+3	6.857299E+3	-1.067260E+4	8.073780E+3	-1.724568E+4
8.824000E+1	-2.662751E+0	2.642377E+0	-2.662323E+0	2.271341E-1	2.376773E+3	-1.873663E+3	4.651900E+3	-2.933523E+3	6.858644E+3	-1.067255E+4	8.074061E+3	-1.724440E+4
8.825000E+1	-2.672600E+0	2.596461E+0	-2.672172E+0	2.270336E-1	2.376395E+3	-1.873285E+3	4.651900E+3	-2.933145E+3	6.859401E+3	-1.067216E+4	8.076332E+3	-1.724440E+4
8.826000E+1	-2.683177E+0	2.476769E+0	-2.682749E+0	2.269257E-1	2.376016E+3	-1.872906E+3	4.651900E+3	-2.932766E+3	6.860158E+3	-1.067177E+4	8.078603E+3	-1.724440E+4
8.827000E+1	-2.693208E+0	2.443148E+0	-2.692780E+0	2.268233E-1	2.375638E+3	-1.872528E+3	4.651900E+3	-2.932388E+3	6.860915E+3	-1.067139E+4	8.080875E+3	-1.724440E+4
8.828000E+1	-2.702774E+0	2.593117E+0	-2.702346E+0	2.267257E-1	2.375259E+3	-1.872149E+3	4.651900E+3	-2.932009E+3	6.861672E+3	-1.067100E+4	8.083146E+3	-1.724440E+4
8.829000E+1	-2.712128E+0	2.595604E+0	-2.711700E+0	2.266303E-1	2.375112E+3	-1.871152E+3	4.651900E+3	-2.931720E+3	6.862250E+3	-1.067113E+4	8.084738E+3	-1.724440E+4
8.830000E+1	-2.722525E+0	2.554290E+0	-2.722097E+0	2.265242E-1	2.375710E+3	-1.868160E+3	4.651900E+3	-2.931720E+3	6.862250E+3	-1.067294E+4	8.084140E+3	-1.724440E+4
8.831000E+1	-2.732136E+0	2.402056E+0	-2.731708E+0	2.264261E-1	2.376308E+3	-1.865168E+3	4.651900E+3	-2.931720E+3	6.862250E+3	-1.067475E+4	8.083542E+3	-1.724440E+4
8.832000E+1	-2.742088E+0	2.492468E+0	-2.741660E+0	2.263246E-1	2.376875E+3	-1.862720E+3	4.651955E+3	-2.931720E+3	6.862305E+3	-1.067624E+4	8.083195E+3	-1.724440E+4
8.833000E+1	-2.751203E+0	2.442596E+0	-2.750775E+0	2.262316E-1	2.377253E+3	-1.863477E+3	4.652333E+3	-2.931720E+3	6.862683E+3	-1.067585E+4	8.084330E+3	-1.724440E+4
8.834000E+1	-2.760472E+0	2.423097E+0	-2.760044E+0	2.261370E-1	2.377632E+3	-1.864234E+3	4.652712E+3	-2.931720E+3	6.863062E+3	-1.067547E+4	8.085466E+3	-1.724440E+4
8.835000E+1	-2.770853E+0	2.398599E+0	-2.770425E+0	2.260311E-1	2.378011E+3	-1.864991E+3	4.653091E+3	-2.931720E+3	6.863441E+3	-1.067508E+4	8.086602E+3	-1.724440E+4
8.836000E+1	-2.781661E+0	2.682697E+0	-2.781233E+0	2.259208E-1	2.378389E+3	-1.865748E+3	4.653469E+3	-2.931720E+3	6.863819E+3	-1.067469E+4	8.087737E+3	-1.724440E+4
8.837000E+1	-2.792104E+0	2.626032E+0	-2.791676E+0	2.258142E-1	2.378772E+3	-1.866412E+3	4.653750E+3	-2.931669E+3	6.864151E+3	-1.067430E+4	8.088631E+3	-1.724435E+4
8.838000E+1	-2.801767E+0	2.571563E+0	-2.801339E+0	2.257156E-1	2.379166E+3	-1.866806E+3	4.653750E+3	-2.931472E+3	6.864348E+3	-1.067390E+4	8.088828E+3	-1.724416E+4
8.839000E+1	-2.811384E+0	2.424764E+0	-2.810956E+0	2.256175E-1	2.379561E+3	-1.867201E+3	4.653750E+3	-2.931274E+3	6.864546E+3	-1.067351E+4	8.089026E+3	-1.724397E+4
8.840000E+1	-2.820728E+0	2.567846E+0	-2.820299E+0	2.255221E-1	2.379956E+3	-1.867596E+3	4.653750E+3	-2.931077E+3	6.864743E+3	-1.067311E+4	8.089223E+3	-1.724377E+4
8.841000E+1	-2.829191E+0	2.627843E+0	-2.828763E+0	2.254358E-1	2.380350E+3	-1.867990E+3	4.653750E+3	-2.930880E+3	6.864940E+3	-1.067272E+4	8.089420E+3	-1.724358E+4
8.842000E+1	-2.839170E+0	2.595168E+0	-2.838742E+0	2.253339E-1	2.380745E+3	-1.868385E+3	4.653750E+3	-2.930682E+3	6.865138E+3	-1.067232E+4	8.089618E+3	-1.724339E+4
8.843000E+1	-2.849175E+0	2.547237E+0	-2.848747E+0	2.252318E-1	2.381140E+3	-1.868780E+3	4.653750E+3	-2.930485E+3	6.865335E+3	-1.067193E+4	8.089815E+3	-1.724320E+4
8.844000E+1	-2.858313E+0	2.550583E+0	-2.857885E+0	2.251386E-1	2.381534E+3	-1.869174E+3	4.653750E+3	-2.930288E+3	6.865532E+3	-1.067154E+4	8.090012E+3	-1.724301E+4
8.845000E+1	-2.867440E+0	2.545886E+0	-2.867012E+0	2.250455E-1	2.381929E+3	-1.869569E+3	4.653750E+3	-2.930090E+3	6.865730E+3	-1.067114E+4	8.090210E+3	-1.724281E+4
8.846000E+1	-2.876951E+0	2.530159E+0	-2.876523E+0	2.249484E-1	2.382324E+3	-1.869964E+3	4.653750E+3	-2.929893E+3	6.865927E+3	-1.067075E+4	8.090407E+3	-1.724262E+4
8.847000E+1	-2.886523E+0	2.386926E+0	-2.886095E+0	2.248507E-1	2.381551E+3	-1.870010E+3	4.654569E+3	-2.930689E+3	6.867588E+3	-1.067154E+4	8.089611E+3	-1.724176E+4
8.848000E+1	-2.896375E+0	2.402131E+0	-2.895947E+0	2.247502E-1	2.380624E+3	-1.870010E+3	4.655496E+3	-2.931616E+3	6.869443E+3	-1.067249E+4	8.088684E+3	-1.724081E+4
8.849000E+1	-2.905927E+0	2.515944E+0	-2.905499E+0	2.246527E-1	2.380638E+3	-1.869775E+3	4.655482E+3	-2.933452E+3	6.871618E+3	-1.067082E+4	8.094248E+3	-1.723901E+4
8.850000E+1	-2.915896E+0	2.676991E+0	-2.915468E+0	2.245510E-1	2.380770E+3	-1.869510E+3	4.655350E+3	-2.933320E+3	6.871750E+3	-1.067096E+4	8.094380E+3	-1.723914E+4
8.851000E+1	-2.925140E+0	2.605887E+0	-2.924711E+0	2.244567E-1	2.380903E+3	-1.869245E+3	4.655217E+3	-2.933187E+3	6.871883E+3	-1.067109E+4	8.094513E+3	-1.723927E+4
8.852000E+1	-2.934933E+0	2.468828E+0	-2.934505E+0	2.243568E-1	2.381035E+3	-1.868980E+3	4.655085E+3	-2.933055E+3	6.872015E+3	-1.067123E+4	8.094645E+3	-1.723940E+4
8.853000E+1	-2.944887E+0	2.597638E+0	-2.944459E+0	2.242552E-1	2.381168E+3	-1.868715E+3	4.654952E+3	-2.932922E+3	6.872148E+3	-1.067137E+4	8.094778E+3	-1.723953E+4
8.854000E+1	-2.954169E+0	2.569764E+0	-2.953741E+0	2.241605E-1	2.381300E+3	-1.868450E+3	4.654820E+3	-2.932790E+3	6.872280E+3	-1.067150E+4	8.094910E+3	-1.723966E+4
8.855000E+1	-2.962384E+0	2.454800E+0	-2.961956E+0	2.240767E-1	2.381433E+3	-1.868185E+3	4.654687E+3	-2.932657E+3	6.872413E+3	-1.067164E+4	8.095043E+3	-1.723979E+4
8.856000E+1	-2.970447E+0	2.358558E+0	-2.970019E+0	2.239944E-1	2.381565E+3	-1.867920E+3	4.654555E+3	-2.932525E+3	6.872545E+3	-1.067177E+4	8.095175E+3	-1.723992E+4
8.857000E+1	-2.979959E+0	2.483841E+0	-2.979531E+0	2.238973E-1	2.381698E+3	-1.867655E+3	4.654422E+3	-2.932392E+3	6.872678E+3	-1.067191E+4	8.095308E+3	-1.724005E+4
8.858000E+1	-2.990092E+0	2.589842E+0	-2.989663E+0	2.237939E-1	2.381830E+3	-1.867390E+3	4.654290E+3	-2.932260E+3	6.872810E+3	-1.067205E+4	8.095440E+3	-1.724017E+4
8.859000E+1	-3.000633E+0	2.599760E+0	-3.000205E+0	2.236864E-1	2.381963E+3	-1.867125E+3	4.654157E+3	-2.932127E+3	6.872943E+3	-1.067218E+4	8.095573E+3	-1.724030E+4
8.860000E+1	-3.010999E+0	2.559079E+0	-3.010571E+0	2.235806E-1	2.382095E+3	-1.866860E+3	4.654025E+3	-2.931995E+3	6.873075E+3	-1.067232E+4	8.095705E+3	-1.724043E+4
8.861000E+1	-3.021377E+0	2.548000E+0	-3.020949E+0	2.234747E-1	2.382228E+3	-1.866595E+3	4.653892E+3	-2.931862E+3	6.873208E+3	-1.067245E+4	8.095838E+3	-1.724056E+4
8.862000E+1	-3.031057E+0	2.528884E+0	-3.030629E+0	2.233759E-1	2.382360E+3	-1.866330E+3	4.653760E+3	-2.931730E+3	6.873340E+3	-1.067259E+4	8.095970E+3	-1.724069E+4
8.863000E+1	-3.041708E+0	2.538056E+0	-3.041280E+0	2.232672E-1	2.382158E+3	-1.865886E+3	4.653750E+3	-2.931508E+3	6.872926E+3	-1.067323E+4	8.095344E+3	-1.724112E+4
8.864000E+1	-3.052380E+0	2.497955E+0	-3.051952E+0	2.231583E-1	2.381929E+3	-1.865428E+3	4.653750E+3	-2.931279E+3	6.872468E+3	-1.067391E+4	8.094657E+3	-1.724158E+4
8.865000E+1	-3.062260E+0	2.559906E+0	-3.061832E+0	2.230575E-1	2.381700E+3	-1.864970E+3	4.653750E+3	-2.931050E+3	6.872010E+3	-1.067459E+4	8.093970E+3	-1.724204E+4
8.866000E+1	-3.072400E+0	2.688238E+0	-3.071972E+0	2.229540E-1	2.381471E+3	-1.864512E+3	4.653750E+3	-2.930821E+3	6.871552E+3	-1.067527E+4	8.093283E+3	-1.724250E+4
8.867000E+1	-3.083013E+0	2.696741E+0	-3.082585E+0	2.228458E-1	2.381242E+3	-1.864054E+3	4.653750E+3	-2.930592E+3	6.871094E+3	-1.067595E+4	8.092596E+3	-1.724296E+4
8.868000E+1	-3.092954E+0	2.672189E+0	-3.092526E+0	2.227443E-1	2.381013E+3	-1.863596E+3	4.653750E+3	-2.930363E+3	6.870636E+3	-1.067663E+4	8.091909E+3	-1.724341E+4
8.869000E+1	-3.102751E+0	2.425081E+0	-3.102323E+0	2.226443E-1	2.380784E+3	-1.863138E+3	4.653750E+3	-2.930134E+3	6.870178E+3	-1.067732E+4	8.091222E+3	-1.724387E+4
8.870000E+1	-3.112674E+0	2.427395E+0	-3.112246E+0	2.225431E-1	2.380555E+3	-1.862680E+3	4.653750E+3	-2.929905E+3	6.869720E+3	-1.067800E+4	8.090535E+3	-1.724433E+4
8.871000E+1	-3.121515E+0	2.643153E+0	-3.121087E+0	2.224529E-1	2.379456E+3	-1.866032E+3	4.652964E+3	-2.931720E+3	6.866736E+3	-1.067630E+4	8.092280E+3	-1.724549E+4
8.872000E+1	-3.130543E+0	2.610526E+0	-3.130115E+0	2.223607E-1	2.380383E+3	-1.867887E+3	4.652037E+3	-2.931720E+3	6.867663E+3	-1.067630E+4	8.092280E+3	-1.724454E+4
8.873000E+1	-3.139609E+0	2.427840E+0	-3.139181E+0	2.222682E-1	2.377347E+3	-1.869214E+3	4.651900E+3	-2.933043E+3	6.873877E+3	-1.067525E+4	8.093859E+3	-1.724070E+4
8.874000E+1	-3.148002E+0	2.467189E+0	-3.147574E+0	2.221826E-1	2.377965E+3	-1.870451E+3	4.651900E+3	-2.932425E+3	6.874495E+3	-1.067401E+4	8.095710E+3	-1.724070E+4
8.875000E+1	-3.157042E+0	2.546738E+0	-3.156614E+0	2.220903E-1	2.378584E+3	-1.871688E+3	4.651900E+3	-2.931806E+3	6.875114E+3	-1.067277E+4	8.097562E+3	-1.724070E+4
8.876000E+1	-3.167191E+0	2.583791E+0	-3.166763E+0	2.219868E-1	2.379220E+3	-1.870760E+3	4.652450E+3	-2.930620E+3	6.875750E+3	-1.067313E+4	8.100019E+3	-1.724070E+4
8.877000E+1	-3.177750E+0	2.609260E+0	-3.177322E+0	2.218790E-1	2.379859E+3	-1.869482E+3	4.653089E+3	-2.929342E+3	6.876389E+3	-1.067376E+4	8.102575E+3	-1.724070E+4
8.878000E+1	-3.188082E+0	2.532927E+0	-3.187654E+0	2.217736E-1	2.380498E+3	-1.868204E+3	4.653728E+3	-2.928064E+3	6.877028E+3	-1.067438E+4	8.105131E+3	-1.724070E+4
8.879000E+1	-3.199318E+0	2.547422E+0	-3.198890E+0	2.216590E-1	2.380236E+3	-1.867591E+3	4.654034E+3	-2.928020E+3	6.877619E+3	-1.067497E+4	8.105220E+3	-1.724070E+4
8.880000E+1	-3.211416E+0	2.492112E+0	-3.210988E+0	2.215355E-1	2.379941E+3	-1.867002E+3	4.654329E+3	-2.928020E+3	6.878208E+3	-1.067556E+4	8.105220E+3	-1.724070E+4
8.881000E+1	-3.223453E+0	2.512202E+0	-3.223024E+0	2.214127E-1	2.379646E+3	-1.866413E+3	4.654624E+3	-2.928020E+3	6.878797E+3	-1.067615E+4	8.105220E+3	-1.724070E+4
8.882000E+1	-3.234139E+0	2.440106E+0	-3.233711E+0	2.213036E-1	2.379352E+3	-1.865824E+3	4.654918E+3	-2.928020E+3	6.879386E+3	-1.067674E+4	8.105220E+3	-1.724070E+4
8.883000E+1	-3.244573E+0	2.631786E+0	-3.244145E+0	2.211972E-1	2.379057E+3	-1.865235E+3	4.655213E+3	-2.928020E+3	6.879975E+3	-1.067733E+4	8.105220E+3	-1.724070E+4
8.884000E+1	-3.254632E+0	2.567632E+0	-3.254204E+0	2.210945E-1	2.378763E+3	-1.864645E+3	4.655507E+3	-2.928020E+3	6.880565E+3	-1.067791E+4	8.105220E+3	-1.724070E+4
8.885000E+1	-3.263948E+0	2.551284E+0	-3.263520E+0	2.209995E-1	2.377876E+3	-1.865254E+3	4.655600E+3	-2.928020E+3	6.881544E+3	-1.067733E+4	8.106809E+3	-1.724070E+4
8.886000E+1	-3.273371E+0	2.479933E+0	-3.272943E+0	2.209033E-1	2.376866E+3	-1.866402E+3	4.655554E+3	-2.928066E+3	6.882646E+3	-1.067625E+4	8.108920E+3	-1.724066E+4
8.887000E+1	-3.283046E+0	2.563120E+0	-3.282618E+0	2.208046E-1	2.377381E+3	-1.867433E+3	4.655039E+3	-2.928581E+3	6.883161E+3	-1.067572E+4	8.108920E+3	-1.724015E+4
8.888000E+1	-3.293092E+0	2.574090E+0	-3.292664E+0	2.207021E-1	2.377897E+3	-1.868463E+3	4.654523E+3	-2.929097E+3	6.883677E+3	-1.067519E+4	8.108920E+3	-1.723965E+4
8.889000E+1	-3.302460E+0	2.420333E+0	-3.302032E+0	2.206065E-1	2.378412E+3	-1.869494E+3	4.654008E+3	-2.929612E+3	6.884192E+3	-1.067467E+4	8.108920E+3	-1.723915E+4
8.890000E+1	-3.311270E+0	2.457959E+0	-3.310842E+0	2.205166E-1	2.378804E+3	-1.870010E+3	4.653884E+3	-2.929870E+3	6.884584E+3	-1.067454E+4	8.108786E+3	-1.723890E+4
8.891000E+1	-3.320548E+0	2.529394E+0	-3.320120E+0	2.204219E-1	2.379073E+3	-1.870010E+3	4.654153E+3	-2.929870E+3	6.884853E+3	-1.067481E+4	8.108517E+3	-1.723890E+4
8.892000E+1	-3.329963E+0	2.684771E+0	-3.329535E+0	2.203258E-1	2.379342E+3	-1.870010E+3	4.654422E+3	-2.929870E+3	6.885122E+3	-1.067509E+4	8.108248E+3	-1.723890E+4
8.893000E+1	-3.339582E+0	2.620628E+0	-3.339154E+0	2.202277E-1	2.379610E+3	-1.870010E+3	4.654690E+3	-2.929870E+3	6.885390E+3	-1.067537E+4	8.107980E+3	-1.723890E+4
8.894000E+1	-3.348941E+0	2.506361E+0	-3.348513E+0	2.201322E-1	2.379879E+3	-1.870010E+3	4.654959E+3	-2.929870E+3	6.885659E+3	-1.067564E+4	8.107711E+3	-1.723890E+4
8.895000E+1	-3.357941E+0	2.524956E+0	-3.357513E+0	2.200404E-1	2.380148E+3	-1.870010E+3	4.655228E+3	-2.929870E+3	6.885928E+3	-1.067592E+4	8.107442E+3	-1.723890E+4
8.896000E+1	-3.366634E+0	2.702854E+0	-3.366206E+0	2.199517E-1	2.380416E+3	-1.870010E+3	4.655496E+3	-2.929870E+3	6.886196E+3	-1.067619E+4	8.107174E+3	-1.723890E+4
8.897000E+1	-3.375932E+0	2.617686E+0	-3.375504E+0	2.198568E-1	2.380520E+3	-1.871049E+3	4.655600E+3	-2.928831E+3	6.888372E+3	-1.067422E+4	8.111226E+3	-1.723783E+4
8.898000E+1	-3.385977E+0	2.476908E+0	-3.385549E+0	2.197543E-1	2.380922E+3	-1.871659E+3	4.655801E+3	-2.927819E+3	6.890191E+3	-1.067300E+4	8.115073E+3	-1.723680E+4
8.899000E+1	-3.395484E+0	2.387517E+0	-3.395056E+0	2.196573E-1	2.381695E+3	-1.871272E+3	4.656188E+3	-2.927432E+3	6.890578E+3	-1.067378E+4	8.116233E+3	-1.723643E+4
8.900000E+1	-3.406250E+0	2.548818E+0	-3.405822E+0	2.195474E-1	2.382468E+3	-1.870886E+3	4.656574E+3	-2.927046E+3	6.890964E+3	-1.067455E+4	8.117392E+3	-1.723605E+4
8.901000E+1	-3.417397E+0	2.649794E+0	-3.416969E+0	2.194337E-1	2.383241E+3	-1.870500E+3	4.656960E+3	-2.926660E+3	6.891350E+3	-1.067532E+4	8.118551E+3	-1.723568E+4
8.902000E+1	-3.427814E+0	2.645970E+0	-3.427386E+0	2.193274E-1	2.384014E+3	-1.870113E+3	4.657347E+3	-2.926273E+3	6.891737E+3	-1.067609E+4	8.119711E+3	-1.723530E+4
8.903000E+1	-3.437626E+0	2.438363E+0	-3.437198E+0	2.192272E-1	2.383808E+3	-1.870010E+3	4.657862E+3	-2.925758E+3	6.892252E+3	-1.067670E+4	8.120432E+3	-1.723520E+4
8.904000E+1	-3.447224E+0	2.483401E+0	-3.446796E+0	2.191293E-1	2.383246E+3	-1.870010E+3	4.658424E+3	-2.925196E+3	6.892814E+3	-1.067725E+4	8.120994E+3	-1.723520E+4
8.905000E+1	-3.457538E+0	2.602409E+0	-3.457110E+0	2.190241E-1	2.382684E+3	-1.870010E+3	4.658986E+3	-2.924634E+3	6.893376E+3	-1.067779E+4	8.121556E+3	-1.723520E+4
8.906000E+1	-3.467426E+0	2.612774E+0	-3.466998E+0	2.189232E-1	2.382500E+3	-1.870140E+3	4.659300E+3	-2.924450E+3	6.893820E+3	-1.067784E+4	8.122130E+3	-1.723520E+4
8.907000E+1	-3.476860E+0	2.490133E+0	-3.476432E+0	2.188269E-1	2.382795E+3	-1.870435E+3	4.659300E+3	-2.924745E+3	6.894115E+3	-1.067725E+4	8.122719E+3	-1.723520E+4
8.908000E+1	-3.487036E+0	2.493695E+0	-3.486608E+0	2.187231E-1	2.383089E+3	-1.870729E+3	4.659300E+3	-2.925039E+3	6.894409E+3	-1.067666E+4	8.123308E+3	-1.723520E+4
8.909000E+1	-3.496493E+0	2.632443E+0	-3.496064E+0	2.186266E-1	2.383383E+3	-1.871023E+3	4.659300E+3	-2.925333E+3	6.894703E+3	-1.067607E+4	8.123897E+3	-1.723520E+4
8.910000E+1	-3.505307E+0	2.678737E+0	-3.504879E+0	2.185366E-1	2.383678E+3	-1.871318E+3	4.659300E+3	-2.925628E+3	6.894998E+3	-1.067548E+4	8.124486E+3	-1.723520E+4
8.911000E+1	-3.514440E+0	2.584155E+0	-3.514012E+0	2.184434E-1	2.383972E+3	-1.871612E+3	4.659300E+3	-2.925922E+3	6.895292E+3	-1.067490E+4	8.125075E+3	-1.723520E+4
8.912000E+1	-3.522935E+0	2.494304E+0	-3.522507E+0	2.183567E-1	2.384220E+3	-1.871860E+3	4.659172E+3	-2.926426E+3	6.895540E+3	-1.067453E+4	8.125314E+3	-1.723507E+4
8.913000E+1	-3.531485E+0	2.567575E+0	-3.531057E+0	2.182695E-1	2.384220E+3	-1.871860E+3	4.658365E+3	-2.928039E+3	6.895540E+3	-1.067536E+4	8.123701E+3	-1.723424E+4
8.914000E+1	-3.540707E+0	2.482316E+0	-3.540279E+0	2.181754E-1	2.384220E+3	-1.871860E+3	4.657559E+3	-2.929652E+3	6.895540E+3	-1.067619E+4	8.122088E+3	-1.723341E+4
8.915000E+1	-3.550371E+0	2.446262E+0	-3.549943E+0	2.180768E-1	2.383871E+3	-1.871511E+3	4.657101E+3	-2.930219E+3	6.895889E+3	-1.067630E+4	8.121521E+3	-1.723366E+4
8.916000E+1	-3.560994E+0	2.386644E+0	-3.560566E+0	2.179684E-1	2.383468E+3	-1.871108E+3	4.656698E+3	-2.930622E+3	6.896292E+3	-1.067630E+4	8.121118E+3	-1.723407E+4
8.917000E+1	-3.571052E+0	2.525535E+0	-3.570624E+0	2.178658E-1	2.383065E+3	-1.870705E+3	4.656295E+3	-2.931025E+3	6.896695E+3	-1.067630E+4	8.120715E+3	-1.723449E+4
8.918000E+1	-3.581420E+0	2.649838E+0	-3.580992E+0	2.177600E-1	2.382661E+3	-1.870301E+3	4.655891E+3	-2.931429E+3	6.897099E+3	-1.067630E+4	8.120311E+3	-1.723490E+4
8.919000E+1	-3.592023E+0	2.488468E+0	-3.591595E+0	2.176518E-1	2.382370E+3	-1.870080E+3	4.655600E+3	-2.931579E+3	6.897460E+3	-1.067616E+4	8.120372E+3	-1.723520E+4
8.920000E+1	-3.601964E+0	2.294313E+0	-3.601536E+0	2.175503E-1	2.382370E+3	-1.870335E+3	4.655600E+3	-2.931071E+3	6.897715E+3	-1.067565E+4	8.121643E+3	-1.723520E+4
8.921000E+1	-3.612465E+0	2.426502E+0	-3.612037E+0	2.174432E-1	2.382370E+3	-1.870589E+3	4.655600E+3	-2.930563E+3	6.897969E+3	-1.067514E+4	8.122913E+3	-1.723520E+4
8.922000E+1	-3.622106E+0	2.565867E+0	-3.621678E+0	2.173448E-1	2.382370E+3	-1.870843E+3	4.655600E+3	-2.930055E+3	6.898223E+3	-1.067463E+4	8.124184E+3	-1.723520E+4
8.923000E+1	-3.631176E+0	2.572432E+0	-3.630748E+0	2.172522E-1	2.382370E+3	-1.871097E+3	4.655600E+3	-2.929546E+3	6.898477E+3	-1.067413E+4	8.125454E+3	-1.723520E+4
8.924000E+1	-3.640719E+0	2.471932E+0	-3.640291E+0	2.171549E-1	2.382370E+3	-1.871351E+3	4.655600E+3	-2.929038E+3	6.898731E+3	-1.067362E+4	8.126725E+3	-1.723520E+4
8.925000E+1	-3.650275E+0	2.479691E+0	-3.649847E+0	2.170574E-1	2.382370E+3	-1.871605E+3	4.655600E+3	-2.928530E+3	6.898985E+3	-1.067311E+4	8.127995E+3	-1.723520E+4
8.926000E+1	-3.660229E+0	2.603615E+0	-3.659801E+0	2.169558E-1	2.382370E+3	-1.871859E+3	4.655600E+3	-2.928022E+3	6.899239E+3	-1.067260E+4	8.129266E+3	-1.723520E+4
8.927000E+1	-3.670087E+0	2.522529E+0	-3.669659E+0	2.168552E-1	2.383740E+3	-1.870490E+3	4.655600E+3	-2.925966E+3	6.899240E+3	-1.067464E+4	8.129270E+3	-1.723520E+4
8.928000E+1	-3.680106E+0	2.487357E+0	-3.679678E+0	2.167530E-1	2.385114E+3	-1.869116E+3	4.655600E+3	-2.923905E+3	6.899240E+3	-1.067668E+4	8.129270E+3	-1.723520E+4
8.929000E+1	-3.690309E+0	2.419758E+0	-3.689881E+0	2.166489E-1	2.386023E+3	-1.868207E+3	4.655647E+3	-2.922423E+3	6.899287E+3	-1.067810E+4	8.129317E+3	-1.723520E+4
8.930000E+1	-3.700653E+0	2.647165E+0	-3.700225E+0	2.165433E-1	2.385870E+3	-1.868360E+3	4.655800E+3	-2.922270E+3	6.899440E+3	-1.067810E+4	8.129470E+3	-1.723520E+4
8.931000E+1	-3.710484E+0	2.723568E+0	-3.710056E+0	2.164430E-1	2.385717E+3	-1.868513E+3	4.655953E+3	-2.922117E+3	6.899593E+3	-1.067810E+4	8.129623E+3	-1.723520E+4
8.932000E+1	-3.720671E+0	2.512488E+0	-3.720243E+0	2.163390E-1	2.385563E+3	-1.868667E+3	4.656107E+3	-2.921963E+3	6.899747E+3	-1.067810E+4	8.129777E+3	-1.723520E+4
8.933000E+1	-3.731392E+0	2.381820E+0	-3.730964E+0	2.162296E-1	2.385410E+3	-1.868820E+3	4.656260E+3	-2.921810E+3	6.899900E+3	-1.067810E+4	8.129930E+3	-1.723520E+4
8.934000E+1	-3.743127E+0	2.515113E+0	-3.742699E+0	2.161099E-1	2.385257E+3	-1.868973E+3	4.656413E+3	-2.921657E+3	6.900053E+3	-1.067810E+4	8.130083E+3	-1.723520E+4
8.935000E+1	-3.754869E+0	2.539975E+0	-3.754441E+0	2.159901E-1	2.385104E+3	-1.869126E+3	4.656566E+3	-2.921504E+3	6.900206E+3	-1.067810E+4	8.130236E+3	-1.723520E+4
8.936000E+1	-3.766749E+0	2.552313E+0	-3.766321E+0	2.158689E-1	2.384950E+3	-1.869280E+3	4.656720E+3	-2.921350E+3	6.900360E+3	-1.067810E+4	8.130390E+3	-1.723520E+4
8.937000E+1	-3.779600E+0	2.506726E+0	-3.779172E+0	2.157377E-1	2.384797E+3	-1.869433E+3	4.656873E+3	-2.921197E+3	6.900513E+3	-1.067810E+4	8.130543E+3	-1.723520E+4
8.938000E+1	-3.790930E+0	2.544698E+0	-3.790502E+0	2.156221E-1	2.384644E+3	-1.869586E+3	4.657026E+3	-2.921044E+3	6.900666E+3	-1.067810E+4	8.130696E+3	-1.723520E+4
8.939000E+1	-3.800752E+0	2.516661E+0	-3.800324E+0	2.155219E-1	2.384490E+3	-1.869740E+3	4.657180E+3	-2.920890E+3	6.900820E+3	-1.067810E+4	8.130850E+3	-1.723520E+4
8.940000E+1	-3.809718E+0	2.393827E+0	-3.809290E+0	2.154304E-1	2.384337E+3	-1.869893E+3	4.657333E+3	-2.920737E+3	6.900973E+3	-1.067810E+4	8.131003E+3	-1.723520E+4
8.941000E+1	-3.817524E+0	2.462432E+0	-3.817096E+0	2.153507E-1	2.384058E+3	-1.870334E+3	4.657612E+3	-2.920620E+3	6.901414E+3	-1.067778E+4	8.131607E+3	-1.723503E+4
8.942000E+1	-3.825927E+0	2.464999E+0	-3.825499E+0	2.152650E-1	2.383371E+3	-1.871708E+3	4.658299E+3	-2.920620E+3	6.902788E+3	-1.067640E+4	8.133668E+3	-1.723433E+4
8.943000E+1	-3.834748E+0	2.583561E+0	-3.834320E+0	2.151750E-1	2.382684E+3	-1.873082E+3	4.658986E+3	-2.920620E+3	6.904162E+3	-1.067503E+4	8.135729E+3	-1.723362E+4
8.944000E+1	-3.843355E+0	2.521781E+0	-3.842926E+0	2.150872E-1	2.383948E+3	-1.875832E+3	4.659300E+3	-2.922742E+3	6.908762E+3	-1.067630E+4	8.134820E+3	-1.723122E+4
8.945000E+1	-3.853030E+0	2.476551E+0	-3.852602E+0	2.149884E-1	2.383446E+3	-1.876334E+3	4.659300E+3	-2.923244E+3	6.909264E+3	-1.067630E+4	8.134820E+3	-1.723071E+4
8.946000E+1	-3.862758E+0	2.382269E+0	-3.862330E+0	2.148892E-1	2.382945E+3	-1.876835E+3	4.659300E+3	-2.923745E+3	6.909765E+3	-1.067630E+4	8.134820E+3	-1.723019E+4
8.947000E+1	-3.872864E+0	2.602896E+0	-3.872436E+0	2.147860E-1	2.382444E+3	-1.877336E+3	4.659300E+3	-2.924246E+3	6.910266E+3	-1.067630E+4	8.134820E+3	-1.722968E+4
8.948000E+1	-3.882480E+0	2.689032E+0	-3.882052E+0	2.146879E-1	2.382969E+3	-1.873111E+3	4.659500E+3	-2.923921E+3	6.912190E+3	-1.067500E+4	8.142220E+3	-1.722981E+4
8.949000E+1	-3.892178E+0	2.465018E+0	-3.891750E+0	2.145890E-1	2.383764E+3	-1.872316E+3	4.659765E+3	-2.923391E+3	6.912190E+3	-1.067581E+4	8.142220E+3	-1.723008E+4
8.950000E+1	-3.901269E+0	2.365652E+0	-3.900841E+0	2.144962E-1	2.384559E+3	-1.871521E+3	4.660030E+3	-2.922861E+3	6.912190E+3	-1.067661E+4	8.142220E+3	-1.723035E+4
8.951000E+1	-3.910976E+0	2.554549E+0	-3.910547E+0	2.143971E-1	2.385354E+3	-1.870726E+3	4.660295E+3	-2.922331E+3	6.912190E+3	-1.067741E+4	8.142220E+3	-1.723062E+4
8.952000E+1	-3.922263E+0	2.594684E+0	-3.921835E+0	2.142820E-1	2.386149E+3	-1.869931E+3	4.660560E+3	-2.921801E+3	6.912190E+3	-1.067821E+4	8.142220E+3	-1.723089E+4
8.953000E+1	-3.933717E+0	2.617480E+0	-3.933289E+0	2.141651E-1	2.386944E+3	-1.869136E+3	4.660825E+3	-2.921271E+3	6.912190E+3	-1.067902E+4	8.142220E+3	-1.723117E+4
8.954000E+1	-3.944329E+0	2.490925E+0	-3.943901E+0	2.140568E-1	2.387739E+3	-1.868341E+3	4.661090E+3	-2.920741E+3	6.912190E+3	-1.067982E+4	8.142220E+3	-1.723144E+4
8.955000E+1	-3.955063E+0	2.506213E+0	-3.954635E+0	2.139473E-1	2.384737E+3	-1.871343E+3	4.661150E+3	-2.920620E+3	6.915373E+3	-1.067837E+4	8.146994E+3	-1.723150E+4
8.956000E+1	-3.964799E+0	2.545572E+0	-3.964371E+0	2.138479E-1	2.384515E+3	-1.871860E+3	4.661445E+3	-2.921210E+3	6.916185E+3	-1.067781E+4	8.148065E+3	-1.723120E+4
8.957000E+1	-3.973474E+0	2.463878E+0	-3.973046E+0	2.137594E-1	2.384852E+3	-1.871860E+3	4.661782E+3	-2.921884E+3	6.916522E+3	-1.067748E+4	8.148402E+3	-1.723085E+4
8.958000E+1	-3.981873E+0	2.417828E+0	-3.981445E+0	2.136737E-1	2.385189E+3	-1.871860E+3	4.662119E+3	-2.922559E+3	6.916859E+3	-1.067716E+4	8.148739E+3	-1.723050E+4
8.959000E+1	-3.990500E+0	2.472603E+0	-3.990072E+0	2.135857E-1	2.385527E+3	-1.871860E+3	4.662457E+3	-2.923234E+3	6.917197E+3	-1.067683E+4	8.149077E+3	-1.723016E+4
8.960000E+1	-3.998734E+0	2.589715E+0	-3.998306E+0	2.135017E-1	2.385864E+3	-1.871860E+3	4.662794E+3	-2.923908E+3	6.917534E+3	-1.067650E+4	8.149414E+3	-1.722981E+4
8.961000E+1	-4.007778E+0	2.548451E+0	-4.007350E+0	2.134094E-1	2.385781E+3	-1.871860E+3	4.663000E+3	-2.924031E+3	6.918029E+3	-1.067630E+4	8.149042E+3	-1.722960E+4
8.962000E+1	-4.017610E+0	2.431282E+0	-4.017182E+0	2.133090E-1	2.385039E+3	-1.871860E+3	4.663000E+3	-2.923289E+3	6.918771E+3	-1.067630E+4	8.147558E+3	-1.722960E+4
8.963000E+1	-4.026764E+0	2.461793E+0	-4.026336E+0	2.132156E-1	2.384297E+3	-1.871860E+3	4.663000E+3	-2.922547E+3	6.919513E+3	-1.067630E+4	8.146074E+3	-1.722960E+4
8.964000E+1	-4.035807E+0	2.605240E+0	-4.035379E+0	2.131234E-1	2.384566E+3	-1.872553E+3	4.662654E+3	-2.922470E+3	6.919590E+3	-1.067630E+4	8.145920E+3	-1.722960E+4
8.965000E+1	-4.044788E+0	2.565837E+0	-4.044360E+0	2.130317E-1	2.384953E+3	-1.873325E+3	4.662267E+3	-2.922470E+3	6.919590E+3	-1.067630E+4	8.145920E+3	-1.722960E+4
8.966000E+1	-4.053753E+0	2.416898E+0	-4.053325E+0	2.129402E-1	2.385339E+3	-1.874098E+3	4.661881E+3	-2.922470E+3	6.919590E+3	-1.067630E+4	8.145920E+3	-1.722960E+4
8.967000E+1	-4.064305E+0	2.272813E+0	-4.063877E+0	2.128326E-1	2.385726E+3	-1.874871E+3	4.661494E+3	-2.922470E+3	6.919590E+3	-1.067630E+4	8.145920E+3	-1.722960E+4
8.968000E+1	-4.074535E+0	2.452127E+0	-4.074107E+0	2.127282E-1	2.386070E+3	-1.875547E+3	4.661137E+3	-2.922483E+3	6.919564E+3	-1.067630E+4	8.145960E+3	-1.722961E+4
8.969000E+1	-4.083675E+0	2.581120E+0	-4.083247E+0	2.126349E-1	2.386070E+3	-1.875426E+3	4.661016E+3	-2.922604E+3	6.919321E+3	-1.067630E+4	8.146323E+3	-1.722974E+4
8.970000E+1	-4.093312E+0	2.593822E+0	-4.092884E+0	2.125366E-1	2.386070E+3	-1.875304E+3	4.660894E+3	-2.922726E+3	6.919079E+3	-1.067630E+4	8.146687E+3	-1.722986E+4
8.971000E+1	-4.102872E+0	2.483019E+0	-4.102444E+0	2.124390E-1	2.386070E+3	-1.875183E+3	4.660773E+3	-2.922847E+3	6.918836E+3	-1.067630E+4	8.147051E+3	-1.722999E+4
8.972000E+1	-4.111988E+0	2.547901E+0	-4.111560E+0	2.123460E-1	2.386070E+3	-1.875062E+3	4.660652E+3	-2.922968E+3	6.918594E+3	-1.067630E+4	8.147414E+3	-1.723011E+4
8.973000E+1	-4.121083E+0	2.588014E+0	-4.120655E+0	2.122532E-1	2.386070E+3	-1.874941E+3	4.660531E+3	-2.923089E+3	6.918351E+3	-1.067630E+4	8.147778E+3	-1.723024E+4
8.974000E+1	-4.130043E+0	2.509425E+0	-4.129615E+0	2.121618E-1	2.386070E+3	-1.874819E+3	4.660409E+3	-2.923211E+3	6.918109E+3	-1.067630E+4	8.148142E+3	-1.723036E+4
8.975000E+1	-4.139577E+0	2.507080E+0	-4.139149E+0	2.120645E-1	2.386070E+3	-1.874698E+3	4.660288E+3	-2.923332E+3	6.917866E+3	-1.067630E+4	8.148505E+3	-1.723049E+4
8.976000E+1	-4.149180E+0	2.556214E+0	-4.148752E+0	2.119665E-1	2.386070E+3	-1.874577E+3	4.660167E+3	-2.923453E+3	6.917624E+3	-1.067630E+4	8.148869E+3	-1.723061E+4
8.977000E+1	-4.159105E+0	2.659306E+0	-4.158677E+0	2.118652E-1	2.386070E+3	-1.874456E+3	4.660046E+3	-2.923574E+3	6.917381E+3	-1.067630E+4	8.149233E+3	-1.723073E+4
8.978000E+1	-4.168615E+0	2.693704E+0	-4.168187E+0	2.117682E-1	2.386070E+3	-1.874335E+3	4.659925E+3	-2.923695E+3	6.917139E+3	-1.067630E+4	8.149596E+3	-1.723086E+4
8.979000E+1	-4.177908E+0	2.525275E+0	-4.177480E+0	2.116733E-1	2.386070E+3	-1.874213E+3	4.659803E+3	-2.923817E+3	6.916897E+3	-1.067630E+4	8.149960E+3	-1.723098E+4
8.980000E+1	-4.188285E+0	2.334947E+0	-4.187857E+0	2.115675E-1	2.386070E+3	-1.874092E+3	4.659682E+3	-2.923938E+3	6.916654E+3	-1.067630E+4	8.150324E+3	-1.723111E+4
8.981000E+1	-4.199267E+0	2.512582E+0	-4.198839E+0	2.114554E-1	2.386070E+3	-1.873971E+3	4.659561E+3	-2.924059E+3	6.916412E+3	-1.067630E+4	8.150688E+3	-1.723123E+4
8.982000E+1	-4.211222E+0	2.547429E+0	-4.210794E+0	2.113334E-1	2.386070E+3	-1.873850E+3	4.659440E+3	-2.924180E+3	6.916169E+3	-1.067630E+4	8.151051E+3	-1.723136E+4
8.983000E+1	-4.222271E+0	2.480152E+0	-4.221842E+0	2.112207E-1	2.386070E+3	-1.873728E+3	4.659318E+3	-2.924302E+3	6.915927E+3	-1.067630E+4	8.151415E+3	-1.723148E+4
8.984000E+1	-4.232518E+0	2.428598E+0	-4.232090E+0	2.111161E-1	2.382370E+3	-1.873911E+3	4.659300E+3	-2.920821E+3	6.914040E+3	-1.068170E+4	8.147770E+3	-1.723520E+4
8.985000E+1	-4.243619E+0	2.525958E+0	-4.243191E+0	2.110028E-1	2.382370E+3	-1.874358E+3	4.659300E+3	-2.921268E+3	6.914040E+3	-1.068148E+4	8.147770E+3	-1.723520E+4
8.986000E+1	-4.253746E+0	2.558172E+0	-4.253318E+0	2.108995E-1	2.382370E+3	-1.874805E+3	4.659300E+3	-2.921715E+3	6.914040E+3	-1.068127E+4	8.147770E+3	-1.723520E+4
8.987000E+1	-4.263812E+0	2.457590E+0	-4.263384E+0	2.107968E-1	2.382370E+3	-1.875252E+3	4.659300E+3	-2.922162E+3	6.914040E+3	-1.068105E+4	8.147770E+3	-1.723520E+4
8.988000E+1	-4.273481E+0	2.379605E+0	-4.273052E+0	2.106981E-1	2.382370E+3	-1.875699E+3	4.659300E+3	-2.922609E+3	6.914040E+3	-1.068083E+4	8.147770E+3	-1.723520E+4
8.989000E+1	-4.283078E+0	2.520729E+0	-4.282650E+0	2.106002E-1	2.382370E+3	-1.876146E+3	4.659300E+3	-2.923056E+3	6.914040E+3	-1.068061E+4	8.147770E+3	-1.723520E+4
8.990000E+1	-4.292238E+0	2.556779E+0	-4.291810E+0	2.105067E-1	2.382370E+3	-1.876593E+3	4.659300E+3	-2.923503E+3	6.914040E+3	-1.068040E+4	8.147770E+3	-1.723520E+4
8.991000E+1	-4.301206E+0	2.497465E+0	-4.300778E+0	2.104152E-1	2.382370E+3	-1.877040E+3	4.659300E+3	-2.923950E+3	6.914040E+3	-1.068018E+4	8.147770E+3	-1.723520E+4
8.992000E+1	-4.310409E+0	2.451818E+0	-4.309981E+0	2.103213E-1	2.383011E+3	-1.875487E+3	4.659300E+3	-2.924320E+3	6.915322E+3	-1.068062E+4	8.147129E+3	-1.723454E+4
8.993000E+1	-4.319969E+0	2.399012E+0	-4.319541E+0	2.102237E-1	2.384220E+3	-1.872020E+3	4.657450E+3	-2.924267E+3	6.921440E+3	-1.067815E+4	8.151630E+3	-1.723150E+4
8.994000E+1	-4.330757E+0	2.460178E+0	-4.330329E+0	2.101137E-1	2.384220E+3	-1.872258E+3	4.657450E+3	-2.924187E+3	6.921440E+3	-1.067824E+4	8.151867E+3	-1.723150E+4
8.995000E+1	-4.342180E+0	2.456461E+0	-4.341752E+0	2.099971E-1	2.384220E+3	-1.872496E+3	4.657450E+3	-2.924108E+3	6.921440E+3	-1.067832E+4	8.152105E+3	-1.723150E+4
8.996000E+1	-4.352711E+0	2.529488E+0	-4.352283E+0	2.098896E-1	2.384220E+3	-1.872734E+3	4.657450E+3	-2.924029E+3	6.921440E+3	-1.067840E+4	8.152342E+3	-1.723150E+4
8.997000E+1	-4.363239E+0	2.443272E+0	-4.362811E+0	2.097822E-1	2.384220E+3	-1.872971E+3	4.657450E+3	-2.923950E+3	6.921440E+3	-1.067848E+4	8.152579E+3	-1.723150E+4
8.998000E+1	-4.373058E+0	2.648319E+0	-4.372630E+0	2.096820E-1	2.384220E+3	-1.873209E+3	4.657450E+3	-2.923870E+3	6.921440E+3	-1.067856E+4	8.152817E+3	-1.723150E+4
8.999000E+1	-4.381969E+0	2.526620E+0	-4.381541E+0	2.095911E-1	2.384220E+3	-1.873447E+3	4.657450E+3	-2.923791E+3	6.921440E+3	-1.067864E+4	8.153054E+3	-1.723150E+4
9.000000E+1	-4.391104E+0	2.396821E+0	-4.390676E+0	2.094979E-1	2.384220E+3	-1.873685E+3	4.657450E+3	-2.923712E+3	6.921440E+3	-1.067872E+4	8.153291E+3	-1.723150E+4
9.001000E+1	-4.400363E+0	2.372259E+0	-4.399935E+0	2.094034E-1	2.384220E+3	-1.873923E+3	4.657450E+3	-2.923632E+3	6.921440E+3	-1.067881E+4	8.153529E+3	-1.723150E+4
9.002000E+1	-4.410352E+0	2.502748E+0	-4.409924E+0	2.093015E-1	2.384220E+3	-1.874160E+3	4.657450E+3	-2.923553E+3	6.921440E+3	-1.067889E+4	8.153766E+3	-1.723150E+4
9.003000E+1	-4.420164E+0	2.536741E+0	-4.419736E+0	2.092013E-1	2.384220E+3	-1.874398E+3	4.657450E+3	-2.923474E+3	6.921440E+3	-1.067897E+4	8.154004E+3	-1.723150E+4
9.004000E+1	-4.429828E+0	2.536809E+0	-4.429400E+0	2.091027E-1	2.384220E+3	-1.874636E+3	4.657450E+3	-2.923395E+3	6.921440E+3	-1.067905E+4	8.154241E+3	-1.723150E+4
9.005000E+1	-4.439611E+0	2.482862E+0	-4.439183E+0	2.090029E-1	2.384220E+3	-1.874874E+3	4.657450E+3	-2.923315E+3	6.921440E+3	-1.067913E+4	8.154478E+3	-1.723150E+4
9.006000E+1	-4.448052E+0	2.453151E+0	-4.447624E+0	2.089168E-1	2.384220E+3	-1.875111E+3	4.657450E+3	-2.923236E+3	6.921440E+3	-1.067921E+4	8.154716E+3	-1.723150E+4
9.007000E+1	-4.457046E+0	2.463927E+0	-4.456618E+0	2.088250E-1	2.384220E+3	-1.875349E+3	4.657450E+3	-2.923157E+3	6.921440E+3	-1.067929E+4	8.154953E+3	-1.723150E+4
9.008000E+1	-4.466868E+0	2.493388E+0	-4.466440E+0	2.087248E-1	2.384220E+3	-1.875587E+3	4.657450E+3	-2.923078E+3	6.921440E+3	-1.067938E+4	8.155190E+3	-1.723150E+4
9.009000E+1	-4.476711E+0	2.511648E+0	-4.476283E+0	2.086243E-1	2.384220E+3	-1.875825E+3	4.657450E+3	-2.922998E+3	6.921440E+3	-1.067946E+4	8.155428E+3	-1.723150E+4
9.010000E+1	-4.485913E+0	2.490752E+0	-4.485485E+0	2.085304E-1	2.384220E+3	-1.876063E+3	4.657450E+3	-2.922919E+3	6.921440E+3	-1.067954E+4	8.155665E+3	-1.723150E+4
9.011000E+1	-4.495462E+0	2.596569E+0	-4.495034E+0	2.084330E-1	2.384220E+3	-1.876300E+3	4.657450E+3	-2.922840E+3	6.921440E+3	-1.067962E+4	8.155902E+3	-1.723150E+4
9.012000E+1	-4.505658E+0	2.547427E+0	-4.505230E+0	2.083290E-1	2.384220E+3	-1.876538E+3	4.657450E+3	-2.922761E+3	6.921440E+3	-1.067970E+4	8.156140E+3	-1.723150E+4
9.013000E+1	-4.516137E+0	2.484235E+0	-4.515709E+0	2.082220E-1	2.384220E+3	-1.876776E+3	4.657450E+3	-2.922681E+3	6.921440E+3	-1.067978E+4	8.156377E+3	-1.723150E+4
9.014000E+1	-4.525938E+0	2.358400E+0	-4.525510E+0	2.081220E-1	2.384220E+3	-1.877014E+3	4.657450E+3	-2.922602E+3	6.921440E+3	-1.067986E+4	8.156614E+3	-1.723150E+4
9.015000E+1	-4.535110E+0	2.543190E+0	-4.534682E+0	2.080284E-1	2.384220E+3	-1.877251E+3	4.657450E+3	-2.922523E+3	6.921440E+3	-1.067995E+4	8.156852E+3	-1.723150E+4
9.016000E+1	-4.543926E+0	2.594423E+0	-4.543498E+0	2.079385E-1	2.379097E+3	-1.872073E+3	4.659300E+3	-2.920620E+3	6.921653E+3	-1.068159E+4	8.157010E+3	-1.723477E+4
9.017000E+1	-4.553373E+0	2.528079E+0	-4.552945E+0	2.078421E-1	2.380377E+3	-1.872714E+3	4.659300E+3	-2.920620E+3	6.922294E+3	-1.068097E+4	8.157010E+3	-1.723349E+4
9.018000E+1	-4.563069E+0	2.422849E+0	-4.562641E+0	2.077431E-1	2.381658E+3	-1.873354E+3	4.659300E+3	-2.920620E+3	6.922934E+3	-1.068035E+4	8.157010E+3	-1.723221E+4
9.019000E+1	-4.573312E+0	2.531254E+0	-4.572884E+0	2.076386E-1	2.382661E+3	-1.873419E+3	4.661150E+3	-2.922179E+3	6.929131E+3	-1.067840E+4	8.163141E+3	-1.722960E+4
9.020000E+1	-4.584989E+0	2.540733E+0	-4.584561E+0	2.075195E-1	2.383504E+3	-1.872576E+3	4.661150E+3	-2.921336E+3	6.929974E+3	-1.067926E+4	8.164827E+3	-1.722960E+4
9.021000E+1	-4.595476E+0	2.465386E+0	-4.595048E+0	2.074125E-1	2.384220E+3	-1.871801E+3	4.661209E+3	-2.920620E+3	6.930749E+3	-1.068018E+4	8.166260E+3	-1.722966E+4
9.022000E+1	-4.606065E+0	2.336892E+0	-4.605637E+0	2.073044E-1	2.384220E+3	-1.871406E+3	4.661604E+3	-2.920620E+3	6.931144E+3	-1.068135E+4	8.166260E+3	-1.723007E+4
9.023000E+1	-4.616436E+0	2.421853E+0	-4.616007E+0	2.071986E-1	2.384220E+3	-1.871011E+3	4.661999E+3	-2.920620E+3	6.931539E+3	-1.068252E+4	8.166260E+3	-1.723047E+4
9.024000E+1	-4.627485E+0	2.499413E+0	-4.627057E+0	2.070858E-1	2.384220E+3	-1.870617E+3	4.662393E+3	-2.920620E+3	6.931933E+3	-1.068370E+4	8.166260E+3	-1.723088E+4
9.025000E+1	-4.638551E+0	2.507077E+0	-4.638123E+0	2.069729E-1	2.384220E+3	-1.870222E+3	4.662788E+3	-2.920620E+3	6.932328E+3	-1.068487E+4	8.166260E+3	-1.723128E+4
9.026000E+1	-4.649158E+0	2.537554E+0	-4.648730E+0	2.068647E-1	2.383952E+3	-1.870815E+3	4.663268E+3	-2.920352E+3	6.932808E+3	-1.068496E+4	8.167065E+3	-1.723150E+4
9.027000E+1	-4.660046E+0	2.471691E+0	-4.659618E+0	2.067536E-1	2.383372E+3	-1.872554E+3	4.663848E+3	-2.919772E+3	6.933388E+3	-1.068380E+4	8.168804E+3	-1.723150E+4
9.028000E+1	-4.670029E+0	2.523683E+0	-4.669601E+0	2.066517E-1	2.382792E+3	-1.874293E+3	4.664428E+3	-2.919192E+3	6.933968E+3	-1.068264E+4	8.170543E+3	-1.723150E+4
9.029000E+1	-4.679850E+0	2.554611E+0	-4.679422E+0	2.065515E-1	2.382475E+3	-1.875875E+3	4.664640E+3	-2.918875E+3	6.934600E+3	-1.068170E+4	8.171810E+3	-1.723129E+4
9.030000E+1	-4.690244E+0	2.474031E+0	-4.689816E+0	2.064454E-1	2.382861E+3	-1.877034E+3	4.663867E+3	-2.919261E+3	6.935373E+3	-1.068132E+4	8.171810E+3	-1.723052E+4
9.031000E+1	-4.699824E+0	2.451143E+0	-4.699396E+0	2.063477E-1	2.383248E+3	-1.878193E+3	4.663094E+3	-2.919648E+3	6.936146E+3	-1.068095E+4	8.171810E+3	-1.722974E+4
9.032000E+1	-4.709486E+0	2.536818E+0	-4.709058E+0	2.062491E-1	2.383634E+3	-1.879353E+3	4.662321E+3	-2.920034E+3	6.936919E+3	-1.068057E+4	8.171810E+3	-1.722897E+4
9.033000E+1	-4.718709E+0	2.568284E+0	-4.718281E+0	2.061550E-1	2.384021E+3	-1.880512E+3	4.661549E+3	-2.920421E+3	6.937691E+3	-1.068019E+4	8.171810E+3	-1.722820E+4
9.034000E+1	-4.727502E+0	2.395359E+0	-4.727074E+0	2.060652E-1	2.384220E+3	-1.880736E+3	4.661150E+3	-2.920620E+3	6.938277E+3	-1.068000E+4	8.171810E+3	-1.722761E+4
9.035000E+1	-4.735879E+0	2.468071E+0	-4.735451E+0	2.059798E-1	2.384220E+3	-1.879963E+3	4.661150E+3	-2.920620E+3	6.938664E+3	-1.068000E+4	8.171810E+3	-1.722721E+4
9.036000E+1	-4.744932E+0	2.630827E+0	-4.744504E+0	2.058874E-1	2.384220E+3	-1.879190E+3	4.661150E+3	-2.920620E+3	6.939050E+3	-1.068000E+4	8.171810E+3	-1.722681E+4
9.037000E+1	-4.753706E+0	2.605334E+0	-4.753278E+0	2.057979E-1	2.384220E+3	-1.878417E+3	4.661150E+3	-2.920620E+3	6.939437E+3	-1.068000E+4	8.171810E+3	-1.722642E+4
9.038000E+1	-4.763510E+0	2.524835E+0	-4.763082E+0	2.056978E-1	2.384220E+3	-1.877644E+3	4.661150E+3	-2.920620E+3	6.939823E+3	-1.068000E+4	8.171810E+3	-1.722602E+4
9.039000E+1	-4.774870E+0	2.396581E+0	-4.774442E+0	2.055819E-1	2.384220E+3	-1.877233E+3	4.661504E+3	-2.920443E+3	6.940294E+3	-1.067965E+4	8.172696E+3	-1.722573E+4
9.040000E+1	-4.785683E+0	2.415029E+0	-4.785255E+0	2.054716E-1	2.384220E+3	-1.876979E+3	4.662013E+3	-2.920189E+3	6.940803E+3	-1.067914E+4	8.173966E+3	-1.722548E+4
9.041000E+1	-4.796872E+0	2.503810E+0	-4.796444E+0	2.053574E-1	2.384220E+3	-1.876725E+3	4.662521E+3	-2.919935E+3	6.941311E+3	-1.067863E+4	8.175237E+3	-1.722523E+4
9.042000E+1	-4.808151E+0	2.485561E+0	-4.807723E+0	2.052423E-1	2.384220E+3	-1.876471E+3	4.663029E+3	-2.919681E+3	6.941819E+3	-1.067812E+4	8.176507E+3	-1.722499E+4
9.043000E+1	-4.819135E+0	2.474723E+0	-4.818707E+0	2.051302E-1	2.384220E+3	-1.876216E+3	4.663537E+3	-2.919426E+3	6.942327E+3	-1.067761E+4	8.177778E+3	-1.722474E+4
9.044000E+1	-4.829426E+0	2.436728E+0	-4.828998E+0	2.050252E-1	2.384220E+3	-1.875962E+3	4.664045E+3	-2.919172E+3	6.942835E+3	-1.067710E+4	8.179048E+3	-1.722449E+4
9.045000E+1	-4.838922E+0	2.483124E+0	-4.838494E+0	2.049283E-1	2.384220E+3	-1.875708E+3	4.664554E+3	-2.918918E+3	6.943344E+3	-1.067660E+4	8.180319E+3	-1.722424E+4
9.046000E+1	-4.848728E+0	2.443266E+0	-4.848300E+0	2.048282E-1	2.384361E+3	-1.875138E+3	4.664709E+3	-2.918629E+3	6.943640E+3	-1.067672E+4	8.181201E+3	-1.722424E+4
9.047000E+1	-4.858023E+0	2.409813E+0	-4.857595E+0	2.047334E-1	2.384698E+3	-1.874127E+3	4.664372E+3	-2.918292E+3	6.943640E+3	-1.067772E+4	8.181538E+3	-1.722456E+4
9.048000E+1	-4.866396E+0	2.372321E+0	-4.865968E+0	2.046480E-1	2.385035E+3	-1.873115E+3	4.664035E+3	-2.917955E+3	6.943640E+3	-1.067872E+4	8.181875E+3	-1.722489E+4
9.049000E+1	-4.874752E+0	2.525799E+0	-4.874323E+0	2.045627E-1	2.385372E+3	-1.872103E+3	4.663698E+3	-2.917618E+3	6.943640E+3	-1.067973E+4	8.182212E+3	-1.722522E+4
9.050000E+1	-4.883257E+0	2.547978E+0	-4.882829E+0	2.044759E-1	2.385710E+3	-1.871091E+3	4.663360E+3	-2.917280E+3	6.943640E+3	-1.068073E+4	8.182550E+3	-1.722555E+4
9.051000E+1	-4.893095E+0	2.500719E+0	-4.892667E+0	2.043755E-1	2.386047E+3	-1.870080E+3	4.663023E+3	-2.916943E+3	6.943640E+3	-1.068173E+4	8.182887E+3	-1.722588E+4
9.052000E+1	-4.902408E+0	2.321583E+0	-4.901980E+0	2.042805E-1	2.386070E+3	-1.870355E+3	4.663345E+3	-2.916920E+3	6.943295E+3	-1.068249E+4	8.182219E+3	-1.722625E+4
9.053000E+1	-4.911940E+0	2.501331E+0	-4.911512E+0	2.041832E-1	2.386070E+3	-1.870726E+3	4.663716E+3	-2.916920E+3	6.942924E+3	-1.068323E+4	8.181477E+3	-1.722664E+4
9.054000E+1	-4.922267E+0	2.590008E+0	-4.921839E+0	2.040779E-1	2.386070E+3	-1.871097E+3	4.664087E+3	-2.916920E+3	6.942553E+3	-1.068397E+4	8.180735E+3	-1.722702E+4
9.055000E+1	-4.932753E+0	2.563844E+0	-4.932325E+0	2.039708E-1	2.386070E+3	-1.871468E+3	4.664458E+3	-2.916920E+3	6.942182E+3	-1.068472E+4	8.179993E+3	-1.722740E+4
9.056000E+1	-4.942637E+0	2.448857E+0	-4.942209E+0	2.038700E-1	2.386070E+3	-1.871839E+3	4.664829E+3	-2.916920E+3	6.941811E+3	-1.068546E+4	8.179251E+3	-1.722778E+4
9.057000E+1	-4.952351E+0	2.390821E+0	-4.951923E+0	2.037709E-1	2.387101E+3	-1.873921E+3	4.663819E+3	-2.916920E+3	6.942821E+3	-1.068244E+4	8.181271E+3	-1.722780E+4
9.058000E+1	-4.961007E+0	2.610154E+0	-4.960579E+0	2.036825E-1	2.387260E+3	-1.876220E+3	4.663660E+3	-2.917580E+3	6.945617E+3	-1.068000E+4	8.182910E+3	-1.722648E+4
9.059000E+1	-4.970390E+0	2.517263E+0	-4.969962E+0	2.035868E-1	2.386070E+3	-1.877568E+3	4.664850E+3	-2.918770E+3	6.949655E+3	-1.068015E+4	8.183227E+3	-1.722410E+4
9.060000E+1	-4.979437E+0	2.381982E+0	-4.979009E+0	2.034945E-1	2.386070E+3	-1.877856E+3	4.664850E+3	-2.918770E+3	6.950517E+3	-1.068043E+4	8.183801E+3	-1.722410E+4
9.061000E+1	-4.988681E+0	2.382859E+0	-4.988253E+0	2.034002E-1	2.386070E+3	-1.878143E+3	4.664850E+3	-2.918770E+3	6.951379E+3	-1.068071E+4	8.184376E+3	-1.722410E+4
9.062000E+1	-4.998389E+0	2.469113E+0	-4.997961E+0	2.033011E-1	2.386070E+3	-1.878431E+3	4.664850E+3	-2.918770E+3	6.952242E+3	-1.068099E+4	8.184951E+3	-1.722410E+4
9.063000E+1	-5.008199E+0	2.535481E+0	-5.007771E+0	2.032010E-1	2.386070E+3	-1.878718E+3	4.664850E+3	-2.918770E+3	6.953104E+3	-1.068127E+4	8.185526E+3	-1.722410E+4
9.064000E+1	-5.018060E+0	2.468949E+0	-5.017632E+0	2.031004E-1	2.386070E+3	-1.879005E+3	4.664850E+3	-2.918770E+3	6.953966E+3	-1.068155E+4	8.186101E+3	-1.722410E+4
9.065000E+1	-5.027493E+0	2.450923E+0	-5.027065E+0	2.030041E-1	2.386070E+3	-1.879170E+3	4.664805E+3	-2.918770E+3	6.954775E+3	-1.068176E+4	8.186790E+3	-1.722405E+4
9.066000E+1	-5.036998E+0	2.528366E+0	-5.036570E+0	2.029071E-1	2.386070E+3	-1.878381E+3	4.664410E+3	-2.918770E+3	6.955170E+3	-1.068137E+4	8.188369E+3	-1.722365E+4
9.067000E+1	-5.047247E+0	2.460060E+0	-5.046819E+0	2.028025E-1	2.386070E+3	-1.877591E+3	4.664016E+3	-2.918770E+3	6.955564E+3	-1.068099E+4	8.189947E+3	-1.722324E+4
9.068000E+1	-5.056933E+0	2.443119E+0	-5.056505E+0	2.027037E-1	2.386070E+3	-1.876802E+3	4.663621E+3	-2.918770E+3	6.955959E+3	-1.068060E+4	8.191526E+3	-1.722284E+4
9.069000E+1	-5.066184E+0	2.323676E+0	-5.065756E+0	2.026093E-1	2.386070E+3	-1.876013E+3	4.663226E+3	-2.918770E+3	6.956354E+3	-1.068022E+4	8.193105E+3	-1.722243E+4
9.070000E+1	-5.076013E+0	2.458887E+0	-5.075585E+0	2.025090E-1	2.386246E+3	-1.875208E+3	4.663000E+3	-2.918594E+3	6.956228E+3	-1.068052E+4	8.194010E+3	-1.722238E+4
9.071000E+1	-5.086202E+0	2.647894E+0	-5.085774E+0	2.024050E-1	2.386658E+3	-1.874385E+3	4.663000E+3	-2.918182E+3	6.955405E+3	-1.068175E+4	8.194010E+3	-1.722280E+4
9.072000E+1	-5.096503E+0	2.488612E+0	-5.096075E+0	2.022999E-1	2.387070E+3	-1.873561E+3	4.663000E+3	-2.917770E+3	6.954581E+3	-1.068297E+4	8.194010E+3	-1.722323E+4
9.073000E+1	-5.106372E+0	2.370343E+0	-5.105944E+0	2.021992E-1	2.387481E+3	-1.872737E+3	4.663000E+3	-2.917359E+3	6.953757E+3	-1.068420E+4	8.194010E+3	-1.722365E+4
9.074000E+1	-5.116138E+0	2.320997E+0	-5.115710E+0	2.020996E-1	2.387893E+3	-1.871913E+3	4.663000E+3	-2.916947E+3	6.952933E+3	-1.068542E+4	8.194010E+3	-1.722407E+4
9.075000E+1	-5.126322E+0	2.491443E+0	-5.125893E+0	2.019957E-1	2.387645E+3	-1.872411E+3	4.663551E+3	-2.916920E+3	6.952880E+3	-1.068550E+4	8.194010E+3	-1.722437E+4
9.076000E+1	-5.136563E+0	2.579730E+0	-5.136135E+0	2.018912E-1	2.387350E+3	-1.873000E+3	4.664140E+3	-2.916920E+3	6.952880E+3	-1.068550E+4	8.194010E+3	-1.722465E+4
9.077000E+1	-5.147400E+0	2.505864E+0	-5.146972E+0	2.017806E-1	2.387055E+3	-1.873589E+3	4.664729E+3	-2.916920E+3	6.952880E+3	-1.068550E+4	8.194010E+3	-1.722494E+4
9.078000E+1	-5.158238E+0	2.512808E+0	-5.157810E+0	2.016700E-1	2.386761E+3	-1.874178E+3	4.665318E+3	-2.916920E+3	6.952880E+3	-1.068550E+4	8.194010E+3	-1.722523E+4
9.079000E+1	-5.168940E+0	2.597804E+0	-5.168512E+0	2.015608E-1	2.386466E+3	-1.874767E+3	4.665907E+3	-2.916920E+3	6.952880E+3	-1.068550E+4	8.194010E+3	-1.722551E+4
9.080000E+1	-5.179638E+0	2.581066E+0	-5.179210E+0	2.014516E-1	2.386172E+3	-1.875357E+3	4.666497E+3	-2.916920E+3	6.952880E+3	-1.068550E+4	8.194010E+3	-1.722580E+4
9.081000E+1	-5.190120E+0	2.437256E+0	-5.189692E+0	2.013447E-1	2.386070E+3	-1.877410E+3	4.664983E+3	-2.917053E+3	6.954863E+3	-1.068194E+4	8.195727E+3	-1.722577E+4
9.082000E+1	-5.200180E+0	2.322601E+0	-5.199752E+0	2.012420E-1	2.386070E+3	-1.877410E+3	4.665187E+3	-2.917257E+3	6.955067E+3	-1.068215E+4	8.195523E+3	-1.722557E+4
9.083000E+1	-5.209806E+0	2.540501E+0	-5.209378E+0	2.011438E-1	2.386070E+3	-1.877410E+3	4.665391E+3	-2.917461E+3	6.955271E+3	-1.068236E+4	8.195319E+3	-1.722537E+4
9.084000E+1	-5.219619E+0	2.540641E+0	-5.219190E+0	2.010436E-1	2.386070E+3	-1.877410E+3	4.665595E+3	-2.917665E+3	6.955475E+3	-1.068257E+4	8.195115E+3	-1.722518E+4
9.085000E+1	-5.229120E+0	2.483071E+0	-5.228692E+0	2.009467E-1	2.386070E+3	-1.877410E+3	4.665799E+3	-2.917869E+3	6.955679E+3	-1.068277E+4	8.194911E+3	-1.722498E+4
9.086000E+1	-5.237630E+0	2.536088E+0	-5.237202E+0	2.008599E-1	2.386070E+3	-1.877410E+3	4.666003E+3	-2.918073E+3	6.955883E+3	-1.068298E+4	8.194707E+3	-1.722478E+4
9.087000E+1	-5.244996E+0	2.506436E+0	-5.244568E+0	2.007847E-1	2.386070E+3	-1.877410E+3	4.666207E+3	-2.918277E+3	6.956087E+3	-1.068319E+4	8.194503E+3	-1.722458E+4
9.088000E+1	-5.250188E+0	2.507462E+0	-5.249760E+0	2.007317E-1	2.386070E+3	-1.877410E+3	4.666410E+3	-2.918480E+3	6.956290E+3	-1.068340E+4	8.194300E+3	-1.722438E+4
9.089000E+1	-5.254197E+0	2.491405E+0	-5.253769E+0	2.006908E-1	2.386070E+3	-1.877410E+3	4.666614E+3	-2.918684E+3	6.956494E+3	-1.068361E+4	8.194096E+3	-1.722418E+4
9.090000E+1	-5.256303E+0	2.449613E+0	-5.255875E+0	2.006693E-1	2.389760E+3	-1.876921E+3	4.664850E+3	-2.920131E+3	6.959791E+3	-1.068180E+4	8.195477E+3	-1.722270E+4
9.091000E+1	-5.256974E+0	2.501480E+0	-5.256546E+0	2.006625E-1	2.389760E+3	-1.876078E+3	4.664850E+3	-2.919288E+3	6.958948E+3	-1.068180E+4	8.198006E+3	-1.722357E+4
9.092000E+1	-5.257357E+0	2.519108E+0	-5.256929E+0	2.006586E-1	2.389475E+3	-1.875274E+3	4.664850E+3	-2.918913E+3	6.958001E+3	-1.068223E+4	8.198988E+3	-1.722424E+4
9.093000E+1	-5.257588E+0	2.604693E+0	-5.257160E+0	2.006562E-1	2.388735E+3	-1.874532E+3	4.664850E+3	-2.919284E+3	6.956888E+3	-1.068336E+4	8.197504E+3	-1.722460E+4
9.094000E+1	-5.257771E+0	2.448714E+0	-5.257343E+0	2.006543E-1	2.387995E+3	-1.873790E+3	4.664850E+3	-2.919655E+3	6.955775E+3	-1.068448E+4	8.196020E+3	-1.722496E+4
9.095000E+1	-5.257943E+0	2.383777E+0	-5.257515E+0	2.006526E-1	2.387255E+3	-1.873048E+3	4.664850E+3	-2.920026E+3	6.954662E+3	-1.068560E+4	8.194536E+3	-1.722532E+4
9.096000E+1	-5.258079E+0	2.520348E+0	-5.257651E+0	2.006512E-1	2.386515E+3	-1.872306E+3	4.664850E+3	-2.920397E+3	6.953549E+3	-1.068673E+4	8.193052E+3	-1.722568E+4
9.097000E+1	-5.258328E+0	2.615415E+0	-5.257900E+0	2.006487E-1	2.385774E+3	-1.872156E+3	4.664850E+3	-2.920028E+3	6.952288E+3	-1.068740E+4	8.191568E+3	-1.722649E+4
9.098000E+1	-5.258553E+0	2.599338E+0	-5.258125E+0	2.006464E-1	2.385032E+3	-1.872898E+3	4.664850E+3	-2.918544E+3	6.950804E+3	-1.068740E+4	8.190084E+3	-1.722798E+4
9.099000E+1	-5.258711E+0	2.481131E+0	-5.258283E+0	2.006447E-1	2.384290E+3	-1.873640E+3	4.664850E+3	-2.917060E+3	6.949320E+3	-1.068740E+4	8.188600E+3	-1.722946E+4
9.100000E+1	-5.258827E+0	2.524028E+0	-5.258399E+0	2.006436E-1	2.383870E+3	-1.874060E+3	4.664150E+3	-2.917620E+3	6.948480E+3	-1.068704E+4	8.187760E+3	-1.722960E+4
9.101000E+1	-5.258926E+0	2.654381E+0	-5.258498E+0	2.006426E-1	2.383484E+3	-1.874446E+3	4.663377E+3	-2.918393E+3	6.947707E+3	-1.068664E+4	8.186987E+3	-1.722960E+4
9.102000E+1	-5.259109E+0	2.562841E+0	-5.258681E+0	2.006407E-1	2.383097E+3	-1.874833E+3	4.662604E+3	-2.919166E+3	6.946934E+3	-1.068625E+4	8.186214E+3	-1.722960E+4
9.103000E+1	-5.259232E+0	2.499352E+0	-5.258804E+0	2.006394E-1	2.382711E+3	-1.875219E+3	4.661831E+3	-2.919939E+3	6.946161E+3	-1.068585E+4	8.185441E+3	-1.722960E+4
9.104000E+1	-5.259317E+0	2.418562E+0	-5.258889E+0	2.006386E-1	2.382345E+3	-1.875535E+3	4.661125E+3	-2.920645E+3	6.945480E+3	-1.068553E+4	8.184684E+3	-1.722960E+4
9.105000E+1	-5.259499E+0	2.550496E+0	-5.259071E+0	2.006367E-1	2.382132E+3	-1.875322E+3	4.660912E+3	-2.920858E+3	6.945480E+3	-1.068574E+4	8.184045E+3	-1.722960E+4
9.106000E+1	-5.259631E+0	2.577784E+0	-5.259203E+0	2.006354E-1	2.381918E+3	-1.875108E+3	4.660698E+3	-2.921072E+3	6.945480E+3	-1.068596E+4	8.183405E+3	-1.722960E+4
9.107000E+1	-5.259759E+0	2.441416E+0	-5.259331E+0	2.006341E-1	2.381705E+3	-1.874895E+3	4.660485E+3	-2.921285E+3	6.945480E+3	-1.068618E+4	8.182765E+3	-1.722960E+4
9.108000E+1	-5.259983E+0	2.366152E+0	-5.259555E+0	2.006318E-1	2.381492E+3	-1.874682E+3	4.660272E+3	-2.921498E+3	6.945480E+3	-1.068640E+4	8.182126E+3	-1.722960E+4
9.109000E+1	-5.260122E+0	2.483548E+0	-5.259694E+0	2.006303E-1	2.381279E+3	-1.874469E+3	4.660059E+3	-2.921711E+3	6.945480E+3	-1.068662E+4	8.181486E+3	-1.722960E+4
9.110000E+1	-5.260199E+0	2.600000E+0	-5.259771E+0	2.006296E-1	2.381065E+3	-1.874255E+3	4.659845E+3	-2.921925E+3	6.945480E+3	-1.068684E+4	8.180846E+3	-1.722960E+4
9.111000E+1	-5.260351E+0	2.566475E+0	-5.259923E+0	2.006280E-1	2.380852E+3	-1.874042E+3	4.659632E+3	-2.922138E+3	6.945480E+3	-1.068706E+4	8.180207E+3	-1.722960E+4
9.112000E+1	-5.260490E+0	2.401572E+0	-5.260062E+0	2.006266E-1	2.380639E+3	-1.873829E+3	4.659419E+3	-2.922351E+3	6.945480E+3	-1.068728E+4	8.179567E+3	-1.722960E+4
9.113000E+1	-5.260596E+0	2.508952E+0	-5.260168E+0	2.006255E-1	2.384220E+3	-1.875468E+3	4.659300E+3	-2.922378E+3	6.945388E+3	-1.068379E+4	8.181244E+3	-1.722969E+4
9.114000E+1	-5.260651E+0	2.581268E+0	-5.260222E+0	2.006250E-1	2.384220E+3	-1.875260E+3	4.659300E+3	-2.922170E+3	6.945181E+3	-1.068399E+4	8.181661E+3	-1.722991E+4
9.115000E+1	-5.260735E+0	2.519689E+0	-5.260307E+0	2.006241E-1	2.384220E+3	-1.875051E+3	4.659300E+3	-2.921961E+3	6.944974E+3	-1.068419E+4	8.182077E+3	-1.723012E+4
9.116000E+1	-5.260836E+0	2.425385E+0	-5.260408E+0	2.006231E-1	2.384220E+3	-1.874843E+3	4.659300E+3	-2.921753E+3	6.944767E+3	-1.068440E+4	8.182494E+3	-1.723034E+4
9.117000E+1	-5.260878E+0	2.437023E+0	-5.260450E+0	2.006226E-1	2.384220E+3	-1.874635E+3	4.659300E+3	-2.921545E+3	6.944560E+3	-1.068460E+4	8.182911E+3	-1.723055E+4
9.118000E+1	-5.260902E+0	2.556819E+0	-5.260474E+0	2.006224E-1	2.384220E+3	-1.874426E+3	4.659300E+3	-2.921336E+3	6.944352E+3	-1.068480E+4	8.183328E+3	-1.723076E+4
9.119000E+1	-5.260925E+0	2.514040E+0	-5.260497E+0	2.006222E-1	2.384220E+3	-1.874218E+3	4.659300E+3	-2.921128E+3	6.944145E+3	-1.068501E+4	8.183744E+3	-1.723098E+4
9.120000E+1	-5.261025E+0	2.501878E+0	-5.260597E+0	2.006211E-1	2.384220E+3	-1.874010E+3	4.659300E+3	-2.920920E+3	6.943938E+3	-1.068521E+4	8.184161E+3	-1.723119E+4
9.121000E+1	-5.261098E+0	2.477139E+0	-5.260670E+0	2.006204E-1	2.384220E+3	-1.873801E+3	4.659300E+3	-2.920711E+3	6.943731E+3	-1.068541E+4	8.184578E+3	-1.723141E+4
9.122000E+1	-5.261130E+0	2.465600E+0	-5.260702E+0	2.006201E-1	2.383945E+3	-1.873573E+3	4.661013E+3	-2.918907E+3	6.939803E+3	-1.069096E+4	8.179210E+3	-1.723344E+4
9.123000E+1	-5.261145E+0	2.576892E+0	-5.260717E+0	2.006199E-1	2.383457E+3	-1.873328E+3	4.660768E+3	-2.919152E+3	6.939558E+3	-1.069071E+4	8.179210E+3	-1.723369E+4
9.124000E+1	-5.261177E+0	2.529914E+0	-5.260749E+0	2.006196E-1	2.382969E+3	-1.873084E+3	4.660524E+3	-2.919396E+3	6.939314E+3	-1.069046E+4	8.179210E+3	-1.723394E+4
9.125000E+1	-5.261206E+0	2.426499E+0	-5.260778E+0	2.006193E-1	2.382480E+3	-1.872840E+3	4.660280E+3	-2.919640E+3	6.939070E+3	-1.069021E+4	8.179210E+3	-1.723419E+4
9.126000E+1	-5.261225E+0	2.534507E+0	-5.260797E+0	2.006191E-1	2.381992E+3	-1.872596E+3	4.660036E+3	-2.919884E+3	6.938826E+3	-1.068996E+4	8.179210E+3	-1.723444E+4
9.127000E+1	-5.261235E+0	2.547006E+0	-5.260807E+0	2.006190E-1	2.381504E+3	-1.872352E+3	4.659792E+3	-2.920128E+3	6.938582E+3	-1.068971E+4	8.179210E+3	-1.723469E+4
9.128000E+1	-5.261277E+0	2.523608E+0	-5.260849E+0	2.006186E-1	2.381015E+3	-1.872108E+3	4.659548E+3	-2.920372E+3	6.938338E+3	-1.068945E+4	8.179210E+3	-1.723495E+4
9.129000E+1	-5.261302E+0	2.418086E+0	-5.260874E+0	2.006183E-1	2.380527E+3	-1.871864E+3	4.659304E+3	-2.920616E+3	6.938094E+3	-1.068920E+4	8.179210E+3	-1.723520E+4
9.130000E+1	-5.261326E+0	2.484315E+0	-5.260898E+0	2.006181E-1	2.380696E+3	-1.873710E+3	4.657450E+3	-2.922822E+3	6.936416E+3	-1.068920E+4	8.174983E+3	-1.723502E+4
9.131000E+1	-5.261393E+0	2.528761E+0	-5.260965E+0	2.006174E-1	2.380874E+3	-1.873710E+3	4.657450E+3	-2.923178E+3	6.936594E+3	-1.068920E+4	8.174448E+3	-1.723484E+4
9.132000E+1	-5.261427E+0	2.457592E+0	-5.260999E+0	2.006170E-1	2.381053E+3	-1.873710E+3	4.657450E+3	-2.923535E+3	6.936773E+3	-1.068920E+4	8.173912E+3	-1.723465E+4
9.133000E+1	-5.261438E+0	2.509612E+0	-5.261010E+0	2.006169E-1	2.381231E+3	-1.873710E+3	4.657450E+3	-2.923892E+3	6.936951E+3	-1.068920E+4	8.173377E+3	-1.723447E+4
9.134000E+1	-5.261454E+0	2.477119E+0	-5.261026E+0	2.006168E-1	2.381409E+3	-1.873710E+3	4.657450E+3	-2.924248E+3	6.937129E+3	-1.068920E+4	8.172842E+3	-1.723429E+4
9.135000E+1	-5.261492E+0	2.550872E+0	-5.261064E+0	2.006164E-1	2.381588E+3	-1.873710E+3	4.657450E+3	-2.924605E+3	6.937308E+3	-1.068920E+4	8.172307E+3	-1.723410E+4
9.136000E+1	-5.261517E+0	2.553054E+0	-5.261089E+0	2.006161E-1	2.381766E+3	-1.873710E+3	4.657450E+3	-2.924962E+3	6.937486E+3	-1.068920E+4	8.171772E+3	-1.723392E+4
9.137000E+1	-5.261507E+0	2.441545E+0	-5.261079E+0	2.006162E-1	2.381944E+3	-1.873710E+3	4.657450E+3	-2.925319E+3	6.937664E+3	-1.068920E+4	8.171237E+3	-1.723374E+4
9.138000E+1	-5.261499E+0	2.397411E+0	-5.261071E+0	2.006163E-1	2.382123E+3	-1.873710E+3	4.657450E+3	-2.925675E+3	6.937843E+3	-1.068920E+4	8.170702E+3	-1.723355E+4
9.139000E+1	-5.261522E+0	2.532623E+0	-5.261094E+0	2.006161E-1	2.382301E+3	-1.873710E+3	4.657450E+3	-2.926032E+3	6.938021E+3	-1.068920E+4	8.170167E+3	-1.723337E+4
9.140000E+1	-5.261529E+0	2.618296E+0	-5.261101E+0	2.006160E-1	2.382370E+3	-1.873710E+3	4.657450E+3	-2.926170E+3	6.938090E+3	-1.068809E+4	8.172236E+3	-1.723330E+4
9.141000E+1	-5.261535E+0	2.594820E+0	-5.261107E+0	2.006159E-1	2.382253E+3	-1.873593E+3	4.657450E+3	-2.925937E+3	6.937857E+3	-1.068740E+4	8.173893E+3	-1.723330E+4
9.142000E+1	-5.261530E+0	2.427621E+0	-5.261102E+0	2.006160E-1	2.382064E+3	-1.873404E+3	4.657450E+3	-2.925558E+3	6.937478E+3	-1.068740E+4	8.174272E+3	-1.723330E+4
9.143000E+1	-5.261519E+0	2.494159E+0	-5.261091E+0	2.006161E-1	2.381875E+3	-1.873215E+3	4.657450E+3	-2.925180E+3	6.937100E+3	-1.068740E+4	8.174650E+3	-1.723330E+4
9.144000E+1	-5.261520E+0	2.560182E+0	-5.261092E+0	2.006161E-1	2.381686E+3	-1.873026E+3	4.657450E+3	-2.924801E+3	6.936721E+3	-1.068740E+4	8.175029E+3	-1.723330E+4
9.145000E+1	-5.261548E+0	2.512305E+0	-5.261120E+0	2.006158E-1	2.381496E+3	-1.872836E+3	4.657450E+3	-2.924423E+3	6.936343E+3	-1.068740E+4	8.175407E+3	-1.723330E+4
9.146000E+1	-5.261567E+0	2.445023E+0	-5.261139E+0	2.006156E-1	2.381307E+3	-1.872647E+3	4.657450E+3	-2.924044E+3	6.935964E+3	-1.068740E+4	8.175786E+3	-1.723330E+4
9.147000E+1	-5.261561E+0	2.409733E+0	-5.261133E+0	2.006157E-1	2.381118E+3	-1.872458E+3	4.657450E+3	-2.923665E+3	6.935585E+3	-1.068740E+4	8.176165E+3	-1.723330E+4
9.148000E+1	-5.261575E+0	2.592532E+0	-5.261147E+0	2.006155E-1	2.380928E+3	-1.872268E+3	4.657450E+3	-2.923287E+3	6.935207E+3	-1.068740E+4	8.176543E+3	-1.723330E+4
9.149000E+1	-5.261582E+0	2.526158E+0	-5.261154E+0	2.006155E-1	2.380739E+3	-1.872079E+3	4.657450E+3	-2.922908E+3	6.934828E+3	-1.068740E+4	8.176922E+3	-1.723330E+4
9.150000E+1	-5.261585E+0	2.451004E+0	-5.261157E+0	2.006154E-1	2.380550E+3	-1.871890E+3	4.657450E+3	-2.922530E+3	6.934450E+3	-1.068740E+4	8.177300E+3	-1.723330E+4
9.151000E+1	-5.261567E+0	2.437723E+0	-5.261139E+0	2.006156E-1	2.376820E+3	-1.872516E+3	4.655600E+3	-2.923126E+3	6.928840E+3	-1.069110E+4	8.172348E+3	-1.723856E+4
9.152000E+1	-5.261552E+0	2.533869E+0	-5.261124E+0	2.006158E-1	2.376820E+3	-1.873399E+3	4.655600E+3	-2.924009E+3	6.928840E+3	-1.069110E+4	8.170582E+3	-1.723811E+4
9.153000E+1	-5.261564E+0	2.597122E+0	-5.261136E+0	2.006156E-1	2.376820E+3	-1.874283E+3	4.655600E+3	-2.924893E+3	6.928840E+3	-1.069110E+4	8.168815E+3	-1.723766E+4
9.154000E+1	-5.261564E+0	2.509531E+0	-5.261136E+0	2.006156E-1	2.376820E+3	-1.875166E+3	4.655600E+3	-2.925776E+3	6.928840E+3	-1.069110E+4	8.167048E+3	-1.723720E+4
9.155000E+1	-5.261558E+0	2.372042E+0	-5.261130E+0	2.006157E-1	2.377267E+3	-1.875113E+3	4.655153E+3	-2.926617E+3	6.928840E+3	-1.069110E+4	8.164920E+3	-1.723700E+4
9.156000E+1	-5.261553E+0	2.486845E+0	-5.261125E+0	2.006157E-1	2.378073E+3	-1.874307E+3	4.654347E+3	-2.927423E+3	6.928840E+3	-1.069110E+4	8.162501E+3	-1.723700E+4
9.157000E+1	-5.261556E+0	2.509305E+0	-5.261128E+0	2.006157E-1	2.378871E+3	-1.873710E+3	4.653750E+3	-2.928020E+3	6.928840E+3	-1.069100E+4	8.161011E+3	-1.723700E+4
9.158000E+1	-5.261565E+0	2.510864E+0	-5.261137E+0	2.006156E-1	2.379644E+3	-1.873710E+3	4.653750E+3	-2.928020E+3	6.928840E+3	-1.069060E+4	8.162171E+3	-1.723700E+4
9.159000E+1	-5.261559E+0	2.403716E+0	-5.261131E+0	2.006157E-1	2.380417E+3	-1.873710E+3	4.653750E+3	-2.928020E+3	6.928840E+3	-1.069020E+4	8.163330E+3	-1.723700E+4
9.160000E+1	-5.261533E+0	2.497069E+0	-5.261105E+0	2.006160E-1	2.381190E+3	-1.873710E+3	4.653750E+3	-2.928020E+3	6.928840E+3	-1.068981E+4	8.164489E+3	-1.723700E+4
9.161000E+1	-5.261528E+0	2.599810E+0	-5.261100E+0	2.006160E-1	2.381962E+3	-1.873710E+3	4.653750E+3	-2.928020E+3	6.928840E+3	-1.068941E+4	8.165649E+3	-1.723700E+4
9.162000E+1	-5.261534E+0	2.519080E+0	-5.261106E+0	2.006159E-1	2.382370E+3	-1.873162E+3	4.653750E+3	-2.927472E+3	6.928840E+3	-1.068948E+4	8.166260E+3	-1.723700E+4
9.163000E+1	-5.261533E+0	2.467021E+0	-5.261105E+0	2.006159E-1	2.382370E+3	-1.872003E+3	4.653750E+3	-2.926313E+3	6.928840E+3	-1.069008E+4	8.166260E+3	-1.723700E+4
9.164000E+1	-5.261544E+0	2.420289E+0	-5.261116E+0	2.006158E-1	2.382370E+3	-1.870843E+3	4.653750E+3	-2.925153E+3	6.928840E+3	-1.069067E+4	8.166260E+3	-1.723700E+4
9.165000E+1	-5.261553E+0	2.560652E+0	-5.261124E+0	2.006158E-1	2.382153E+3	-1.870010E+3	4.653859E+3	-2.924320E+3	6.928731E+3	-1.069121E+4	8.166151E+3	-1.723722E+4
9.166000E+1	-5.261542E+0	2.602375E+0	-5.261114E+0	2.006159E-1	2.381380E+3	-1.870010E+3	4.654245E+3	-2.924320E+3	6.928345E+3	-1.069158E+4	8.165765E+3	-1.723799E+4
9.167000E+1	-5.261541E+0	2.448082E+0	-5.261113E+0	2.006159E-1	2.380607E+3	-1.870010E+3	4.654632E+3	-2.924320E+3	6.927958E+3	-1.069196E+4	8.165378E+3	-1.723876E+4
9.168000E+1	-5.261549E+0	2.409260E+0	-5.261121E+0	2.006158E-1	2.379834E+3	-1.870010E+3	4.655018E+3	-2.924320E+3	6.927572E+3	-1.069233E+4	8.164992E+3	-1.723954E+4
9.169000E+1	-5.261547E+0	2.483776E+0	-5.261119E+0	2.006158E-1	2.379061E+3	-1.870010E+3	4.655404E+3	-2.924320E+3	6.927186E+3	-1.069271E+4	8.164606E+3	-1.724031E+4
9.170000E+1	-5.261526E+0	2.554066E+0	-5.261098E+0	2.006160E-1	2.378670E+3	-1.870583E+3	4.655314E+3	-2.924606E+3	6.926704E+3	-1.069262E+4	8.164696E+3	-1.724099E+4
9.171000E+1	-5.261497E+0	2.555371E+0	-5.261069E+0	2.006163E-1	2.378670E+3	-1.871742E+3	4.654734E+3	-2.925186E+3	6.926124E+3	-1.069206E+4	8.165276E+3	-1.724159E+4
9.172000E+1	-5.261499E+0	2.429641E+0	-5.261071E+0	2.006163E-1	2.378670E+3	-1.872901E+3	4.654154E+3	-2.925766E+3	6.925544E+3	-1.069149E+4	8.165856E+3	-1.724218E+4
9.173000E+1	-5.261519E+0	2.496257E+0	-5.261091E+0	2.006161E-1	2.378670E+3	-1.873710E+3	4.653750E+3	-2.926253E+3	6.925140E+3	-1.069110E+4	8.166095E+3	-1.724243E+4
9.174000E+1	-5.261523E+0	2.549455E+0	-5.261094E+0	2.006161E-1	2.378670E+3	-1.873710E+3	4.653750E+3	-2.926525E+3	6.925140E+3	-1.069110E+4	8.165549E+3	-1.724189E+4
9.175000E+1	-5.261504E+0	2.479099E+0	-5.261076E+0	2.006162E-1	2.378670E+3	-1.873710E+3	4.653750E+3	-2.926798E+3	6.925140E+3	-1.069110E+4	8.165004E+3	-1.724134E+4
9.176000E+1	-5.261493E+0	2.436516E+0	-5.261065E+0	2.006164E-1	2.378670E+3	-1.873710E+3	4.653750E+3	-2.927071E+3	6.925140E+3	-1.069110E+4	8.164458E+3	-1.724080E+4
9.177000E+1	-5.261504E+0	2.508640E+0	-5.261076E+0	2.006162E-1	2.378670E+3	-1.873710E+3	4.653750E+3	-2.927344E+3	6.925140E+3	-1.069110E+4	8.163913E+3	-1.724025E+4
9.178000E+1	-5.261517E+0	2.614071E+0	-5.261089E+0	2.006161E-1	2.378670E+3	-1.873710E+3	4.653750E+3	-2.927616E+3	6.925140E+3	-1.069110E+4	8.163367E+3	-1.723971E+4
9.179000E+1	-5.261513E+0	2.530798E+0	-5.261085E+0	2.006162E-1	2.378670E+3	-1.873710E+3	4.653750E+3	-2.927889E+3	6.925140E+3	-1.069110E+4	8.162821E+3	-1.723916E+4
9.180000E+1	-5.261503E+0	2.420720E+0	-5.261075E+0	2.006163E-1	2.378519E+3	-1.873861E+3	4.653750E+3	-2.928020E+3	6.925291E+3	-1.069110E+4	8.162409E+3	-1.723890E+4
9.181000E+1	-5.261505E+0	2.401828E+0	-5.261077E+0	2.006162E-1	2.378229E+3	-1.874151E+3	4.653750E+3	-2.928020E+3	6.925581E+3	-1.069110E+4	8.162119E+3	-1.723890E+4
9.182000E+1	-5.261505E+0	2.506698E+0	-5.261077E+0	2.006162E-1	2.377939E+3	-1.874441E+3	4.653750E+3	-2.928020E+3	6.925871E+3	-1.069110E+4	8.161829E+3	-1.723890E+4
9.183000E+1	-5.261501E+0	2.615215E+0	-5.261073E+0	2.006163E-1	2.377650E+3	-1.874730E+3	4.653750E+3	-2.928020E+3	6.926160E+3	-1.069110E+4	8.161540E+3	-1.723890E+4
9.184000E+1	-5.261490E+0	2.473194E+0	-5.261062E+0	2.006164E-1	2.377360E+3	-1.875020E+3	4.653750E+3	-2.928020E+3	6.926450E+3	-1.069110E+4	8.161250E+3	-1.723890E+4
9.185000E+1	-5.261498E+0	2.349598E+0	-5.261070E+0	2.006163E-1	2.377070E+3	-1.875310E+3	4.653750E+3	-2.928020E+3	6.926740E+3	-1.069110E+4	8.160960E+3	-1.723890E+4
9.186000E+1	-5.261479E+0	2.521250E+0	-5.261051E+0	2.006165E-1	2.377104E+3	-1.875276E+3	4.653750E+3	-2.928020E+3	6.926990E+3	-1.069081E+4	8.161562E+3	-1.723890E+4
9.187000E+1	-5.261461E+0	2.520731E+0	-5.261033E+0	2.006167E-1	2.378670E+3	-1.873564E+3	4.653677E+3	-2.927874E+3	6.926917E+3	-1.068935E+4	8.166187E+3	-1.723897E+4
9.188000E+1	-5.261452E+0	2.495551E+0	-5.261024E+0	2.006168E-1	2.378670E+3	-1.872956E+3	4.653373E+3	-2.927266E+3	6.926613E+3	-1.068995E+4	8.165883E+3	-1.723927E+4
9.189000E+1	-5.261436E+0	2.427374E+0	-5.261008E+0	2.006169E-1	2.378670E+3	-1.872348E+3	4.653069E+3	-2.926658E+3	6.926309E+3	-1.069056E+4	8.165579E+3	-1.723956E+4
9.190000E+1	-5.261427E+0	2.502467E+0	-5.260999E+0	2.006170E-1	2.378670E+3	-1.871739E+3	4.652765E+3	-2.926049E+3	6.926005E+3	-1.069117E+4	8.165275E+3	-1.723986E+4
9.191000E+1	-5.261435E+0	2.562488E+0	-5.261007E+0	2.006170E-1	2.378670E+3	-1.871131E+3	4.652461E+3	-2.925441E+3	6.925701E+3	-1.069178E+4	8.164971E+3	-1.724015E+4
9.192000E+1	-5.261435E+0	2.500433E+0	-5.261007E+0	2.006169E-1	2.378670E+3	-1.870523E+3	4.652157E+3	-2.924833E+3	6.925397E+3	-1.069239E+4	8.164667E+3	-1.724045E+4
9.193000E+1	-5.261433E+0	2.488927E+0	-5.261004E+0	2.006170E-1	2.378625E+3	-1.870010E+3	4.651945E+3	-2.924320E+3	6.925095E+3	-1.069295E+4	8.164365E+3	-1.724075E+4
9.194000E+1	-5.261425E+0	2.400039E+0	-5.260997E+0	2.006170E-1	2.378335E+3	-1.870010E+3	4.652235E+3	-2.924320E+3	6.924805E+3	-1.069324E+4	8.164075E+3	-1.724104E+4
9.195000E+1	-5.261438E+0	2.465236E+0	-5.261010E+0	2.006169E-1	2.378045E+3	-1.870010E+3	4.652525E+3	-2.924320E+3	6.924515E+3	-1.069354E+4	8.163785E+3	-1.724134E+4
9.196000E+1	-5.261436E+0	2.525338E+0	-5.261008E+0	2.006169E-1	2.377755E+3	-1.870010E+3	4.652815E+3	-2.924320E+3	6.924225E+3	-1.069384E+4	8.163495E+3	-1.724164E+4
9.197000E+1	-5.261422E+0	2.430953E+0	-5.260994E+0	2.006171E-1	2.377465E+3	-1.870010E+3	4.653105E+3	-2.924320E+3	6.923935E+3	-1.069414E+4	8.163205E+3	-1.724194E+4
9.198000E+1	-5.261414E+0	2.436482E+0	-5.260986E+0	2.006172E-1	2.377176E+3	-1.870010E+3	4.653394E+3	-2.924320E+3	6.923646E+3	-1.069443E+4	8.162916E+3	-1.724223E+4
9.199000E+1	-5.261412E+0	2.523254E+0	-5.260984E+0	2.006172E-1	2.376886E+3	-1.870010E+3	4.653684E+3	-2.924320E+3	6.923356E+3	-1.069473E+4	8.162626E+3	-1.724253E+4
9.200000E+1	-5.261416E+0	2.487743E+0	-5.260988E+0	2.006171E-1	2.376936E+3	-1.870010E+3	4.653750E+3	-2.924320E+3	6.923290E+3	-1.069457E+4	8.162676E+3	-1.724260E+4
9.201000E+1	-5.261410E+0	2.505064E+0	-5.260982E+0	2.006172E-1	2.377085E+3	-1.870010E+3	4.653750E+3	-2.924320E+3	6.923290E+3	-1.069427E+4	8.162825E+3	-1.724260E+4
9.202000E+1	-5.261353E+0	2.426608E+0	-5.260925E+0	2.006178E-1	2.377235E+3	-1.870010E+3	4.653750E+3	-2.924320E+3	6.923290E+3	-1.069397E+4	8.162975E+3	-1.724260E+4
9.203000E+1	-5.261331E+0	2.580890E+0	-5.260903E+0	2.006180E-1	2.377384E+3	-1.870010E+3	4.653750E+3	-2.924320E+3	6.923290E+3	-1.069367E+4	8.163124E+3	-1.724260E+4
9.204000E+1	-5.261322E+0	2.602921E+0	-5.260894E+0	2.006181E-1	2.377534E+3	-1.870010E+3	4.653750E+3	-2.924320E+3	6.923290E+3	-1.069337E+4	8.163274E+3	-1.724260E+4
9.205000E+1	-5.261299E+0	2.499226E+0	-5.260871E+0	2.006183E-1	2.377684E+3	-1.870010E+3	4.653750E+3	-2.924320E+3	6.923290E+3	-1.069307E+4	8.163424E+3	-1.724260E+4
9.206000E+1	-5.261311E+0	2.414905E+0	-5.260883E+0	2.006182E-1	2.377833E+3	-1.870010E+3	4.653750E+3	-2.924320E+3	6.923290E+3	-1.069277E+4	8.163573E+3	-1.724260E+4
9.207000E+1	-5.261320E+0	2.474184E+0	-5.260892E+0	2.006181E-1	2.377983E+3	-1.870010E+3	4.653750E+3	-2.924320E+3	6.923290E+3	-1.069247E+4	8.163723E+3	-1.724260E+4
9.208000E+1	-5.261290E+0	2.603647E+0	-5.260862E+0	2.006184E-1	2.378132E+3	-1.870010E+3	4.653750E+3	-2.924320E+3	6.923290E+3	-1.069218E+4	8.163872E+3	-1.724260E+4
9.209000E+1	-5.261271E+0	2.532317E+0	-5.260843E+0	2.006186E-1	2.378282E+3	-1.870010E+3	4.653750E+3	-2.924320E+3	6.923290E+3	-1.069188E+4	8.164022E+3	-1.724260E+4
9.210000E+1	-5.261282E+0	2.425282E+0	-5.260854E+0	2.006185E-1	2.378431E+3	-1.870010E+3	4.653750E+3	-2.924320E+3	6.923290E+3	-1.069158E+4	8.164171E+3	-1.724260E+4
9.211000E+1	-5.261277E+0	2.404925E+0	-5.260848E+0	2.006186E-1	2.378581E+3	-1.870010E+3	4.653750E+3	-2.924320E+3	6.923290E+3	-1.069128E+4	8.164321E+3	-1.724260E+4
9.212000E+1	-5.261264E+0	2.555807E+0	-5.260836E+0	2.006187E-1	2.378670E+3	-1.870010E+3	4.653423E+3	-2.925301E+3	6.923290E+3	-1.069142E+4	8.163102E+3	-1.724226E+4
9.213000E+1	-5.261262E+0	2.623451E+0	-5.260834E+0	2.006187E-1	2.378670E+3	-1.870010E+3	4.652617E+3	-2.927720E+3	6.923290E+3	-1.069220E+4	8.159876E+3	-1.724144E+4
9.214000E+1	-5.261261E+0	2.487307E+0	-5.260833E+0	2.006187E-1	2.380505E+3	-1.871845E+3	4.655585E+3	-2.928020E+3	6.925125E+3	-1.068925E+4	8.166229E+3	-1.723891E+4
9.215000E+1	-5.261227E+0	2.471871E+0	-5.260799E+0	2.006191E-1	2.380367E+3	-1.871707E+3	4.655447E+3	-2.928020E+3	6.924987E+3	-1.068966E+4	8.165955E+3	-1.723905E+4
9.216000E+1	-5.261211E+0	2.548708E+0	-5.260783E+0	2.006192E-1	2.380230E+3	-1.871570E+3	4.655310E+3	-2.928020E+3	6.924850E+3	-1.069008E+4	8.165680E+3	-1.723918E+4
9.217000E+1	-5.261209E+0	2.526892E+0	-5.260781E+0	2.006193E-1	2.380092E+3	-1.871432E+3	4.655172E+3	-2.928020E+3	6.924712E+3	-1.069049E+4	8.165405E+3	-1.723932E+4
9.218000E+1	-5.261212E+0	2.495161E+0	-5.260784E+0	2.006192E-1	2.379955E+3	-1.871295E+3	4.655035E+3	-2.928020E+3	6.924575E+3	-1.069091E+4	8.165130E+3	-1.723945E+4
9.219000E+1	-5.261213E+0	2.431777E+0	-5.260785E+0	2.006192E-1	2.379818E+3	-1.871158E+3	4.654898E+3	-2.928020E+3	6.924438E+3	-1.069133E+4	8.164855E+3	-1.723958E+4
9.220000E+1	-5.261223E+0	2.551857E+0	-5.260794E+0	2.006191E-1	2.379680E+3	-1.871020E+3	4.654760E+3	-2.928020E+3	6.924300E+3	-1.069174E+4	8.164581E+3	-1.723972E+4
9.221000E+1	-5.261198E+0	2.607291E+0	-5.260770E+0	2.006194E-1	2.379543E+3	-1.870883E+3	4.654623E+3	-2.928020E+3	6.924163E+3	-1.069216E+4	8.164306E+3	-1.723985E+4
9.222000E+1	-5.261186E+0	2.528347E+0	-5.260758E+0	2.006195E-1	2.379405E+3	-1.870745E+3	4.654485E+3	-2.928020E+3	6.924025E+3	-1.069257E+4	8.164031E+3	-1.723998E+4
9.223000E+1	-5.261180E+0	2.451899E+0	-5.260752E+0	2.006195E-1	2.379268E+3	-1.870608E+3	4.654348E+3	-2.928020E+3	6.923888E+3	-1.069299E+4	8.163756E+3	-1.724012E+4
9.224000E+1	-5.261181E+0	2.481813E+0	-5.260753E+0	2.006195E-1	2.379131E+3	-1.870471E+3	4.654211E+3	-2.928020E+3	6.923751E+3	-1.069341E+4	8.163481E+3	-1.724025E+4
9.225000E+1	-5.261186E+0	2.570305E+0	-5.260758E+0	2.006195E-1	2.378993E+3	-1.870333E+3	4.654073E+3	-2.928020E+3	6.923613E+3	-1.069382E+4	8.163207E+3	-1.724039E+4
9.226000E+1	-5.261169E+0	2.499041E+0	-5.260741E+0	2.006197E-1	2.378856E+3	-1.870196E+3	4.653936E+3	-2.928020E+3	6.923476E+3	-1.069424E+4	8.162932E+3	-1.724052E+4
9.227000E+1	-5.261151E+0	2.342147E+0	-5.260723E+0	2.006199E-1	2.378718E+3	-1.870058E+3	4.653798E+3	-2.928020E+3	6.923338E+3	-1.069465E+4	8.162657E+3	-1.724065E+4
9.228000E+1	-5.261143E+0	2.416768E+0	-5.260715E+0	2.006199E-1	2.376916E+3	-1.870010E+3	4.651900E+3	-2.929870E+3	6.919590E+3	-1.069281E+4	8.153406E+3	-1.724260E+4
9.229000E+1	-5.261128E+0	2.530307E+0	-5.260700E+0	2.006201E-1	2.377193E+3	-1.870010E+3	4.651900E+3	-2.929870E+3	6.919590E+3	-1.069254E+4	8.153683E+3	-1.724260E+4
9.230000E+1	-5.261107E+0	2.552311E+0	-5.260679E+0	2.006203E-1	2.377470E+3	-1.870010E+3	4.651900E+3	-2.929870E+3	6.919590E+3	-1.069227E+4	8.153960E+3	-1.724260E+4
9.231000E+1	-5.261080E+0	2.480184E+0	-5.260652E+0	2.006206E-1	2.377747E+3	-1.870010E+3	4.651900E+3	-2.929870E+3	6.919590E+3	-1.069200E+4	8.154237E+3	-1.724260E+4
9.232000E+1	-5.261032E+0	2.370300E+0	-5.260604E+0	2.006211E-1	2.378024E+3	-1.870010E+3	4.651900E+3	-2.929870E+3	6.919590E+3	-1.069173E+4	8.154514E+3	-1.724260E+4
9.233000E+1	-5.260995E+0	2.540841E+0	-5.260567E+0	2.006214E-1	2.378301E+3	-1.870010E+3	4.651900E+3	-2.929870E+3	6.919590E+3	-1.069146E+4	8.154791E+3	-1.724260E+4
9.234000E+1	-5.260971E+0	2.570175E+0	-5.260543E+0	2.006217E-1	2.378578E+3	-1.870010E+3	4.651900E+3	-2.929870E+3	6.919590E+3	-1.069119E+4	8.155068E+3	-1.724260E+4
9.235000E+1	-5.260964E+0	2.502977E+0	-5.260536E+0	2.006218E-1	2.378670E+3	-1.868637E+3	4.651900E+3	-2.928497E+3	6.920963E+3	-1.068969E+4	8.159278E+3	-1.724260E+4
9.236000E+1	-5.260935E+0	2.404367E+0	-5.260507E+0	2.006221E-1	2.378670E+3	-1.868160E+3	4.652191E+3	-2.927438E+3	6.920858E+3	-1.069036E+4	8.160128E+3	-1.724288E+4
9.237000E+1	-5.260912E+0	2.446879E+0	-5.260484E+0	2.006223E-1	2.378670E+3	-1.868160E+3	4.652569E+3	-2.926681E+3	6.920101E+3	-1.069188E+4	8.159371E+3	-1.724325E+4
9.238000E+1	-5.260903E+0	2.628286E+0	-5.260475E+0	2.006224E-1	2.378670E+3	-1.868160E+3	4.652948E+3	-2.925924E+3	6.919344E+3	-1.069339E+4	8.158614E+3	-1.724362E+4
9.239000E+1	-5.260882E+0	2.526770E+0	-5.260454E+0	2.006226E-1	2.378670E+3	-1.868160E+3	4.653327E+3	-2.925167E+3	6.918587E+3	-1.069491E+4	8.157857E+3	-1.724399E+4
9.240000E+1	-5.260883E+0	2.449539E+0	-5.260455E+0	2.006226E-1	2.378670E+3	-1.868160E+3	4.653705E+3	-2.924410E+3	6.917830E+3	-1.069642E+4	8.157100E+3	-1.724436E+4
9.241000E+1	-5.260857E+0	2.538084E+0	-5.260429E+0	2.006228E-1	2.377580E+3	-1.868160E+3	4.653205E+3	-2.924865E+3	6.917740E+3	-1.069551E+4	8.157555E+3	-1.724496E+4
9.242000E+1	-5.260814E+0	2.554475E+0	-5.260386E+0	2.006233E-1	2.376343E+3	-1.868160E+3	4.652587E+3	-2.925483E+3	6.917740E+3	-1.069427E+4	8.158173E+3	-1.724559E+4
9.243000E+1	-5.260804E+0	2.518046E+0	-5.260376E+0	2.006234E-1	2.375107E+3	-1.868160E+3	4.651968E+3	-2.926102E+3	6.917740E+3	-1.069304E+4	8.158792E+3	-1.724623E+4
9.244000E+1	-5.260815E+0	2.415632E+0	-5.260387E+0	2.006233E-1	2.374970E+3	-1.868504E+3	4.651900E+3	-2.926858E+3	6.917396E+3	-1.069257E+4	8.158516E+3	-1.724595E+4
9.245000E+1	-5.260765E+0	2.446950E+0	-5.260337E+0	2.006238E-1	2.374970E+3	-1.868890E+3	4.651900E+3	-2.927630E+3	6.917010E+3	-1.069219E+4	8.158130E+3	-1.724555E+4
9.246000E+1	-5.260714E+0	2.601164E+0	-5.260286E+0	2.006243E-1	2.374970E+3	-1.869277E+3	4.651900E+3	-2.928403E+3	6.916623E+3	-1.069181E+4	8.157743E+3	-1.724515E+4
9.247000E+1	-5.260704E+0	2.600848E+0	-5.260276E+0	2.006244E-1	2.374970E+3	-1.869663E+3	4.651900E+3	-2.929176E+3	6.916237E+3	-1.069144E+4	8.157357E+3	-1.724476E+4
9.248000E+1	-5.260711E+0	2.515753E+0	-5.260283E+0	2.006243E-1	2.374970E+3	-1.870028E+3	4.651891E+3	-2.929870E+3	6.915899E+3	-1.069111E+4	8.156984E+3	-1.724440E+4
9.249000E+1	-5.260704E+0	2.391252E+0	-5.260276E+0	2.006244E-1	2.374970E+3	-1.870200E+3	4.651805E+3	-2.929870E+3	6.915985E+3	-1.069119E+4	8.156725E+3	-1.724440E+4
9.250000E+1	-5.260698E+0	2.505764E+0	-5.260270E+0	2.006245E-1	2.374970E+3	-1.870373E+3	4.651719E+3	-2.929870E+3	6.916071E+3	-1.069128E+4	8.156467E+3	-1.724440E+4
9.251000E+1	-5.260692E+0	2.638244E+0	-5.260264E+0	2.006245E-1	2.374970E+3	-1.870545E+3	4.651632E+3	-2.929870E+3	6.916158E+3	-1.069136E+4	8.156208E+3	-1.724440E+4
9.252000E+1	-5.260686E+0	2.533269E+0	-5.260258E+0	2.006246E-1	2.374970E+3	-1.870718E+3	4.651546E+3	-2.929870E+3	6.916244E+3	-1.069144E+4	8.155950E+3	-1.724440E+4
9.253000E+1	-5.260675E+0	2.418581E+0	-5.260247E+0	2.006247E-1	2.374970E+3	-1.870890E+3	4.651460E+3	-2.929870E+3	6.916330E+3	-1.069153E+4	8.155692E+3	-1.724440E+4
9.254000E+1	-5.260666E+0	2.486716E+0	-5.260238E+0	2.006248E-1	2.374970E+3	-1.871063E+3	4.651374E+3	-2.929870E+3	6.916416E+3	-1.069161E+4	8.155433E+3	-1.724440E+4
9.255000E+1	-5.260658E+0	2.587776E+0	-5.260230E+0	2.006249E-1	2.374970E+3	-1.871236E+3	4.651287E+3	-2.929870E+3	6.916503E+3	-1.069170E+4	8.155175E+3	-1.724440E+4
9.256000E+1	-5.260640E+0	2.511596E+0	-5.260212E+0	2.006251E-1	2.374970E+3	-1.871408E+3	4.651201E+3	-2.929870E+3	6.916589E+3	-1.069178E+4	8.154917E+3	-1.724440E+4
9.257000E+1	-5.260640E+0	2.375876E+0	-5.260211E+0	2.006251E-1	2.374970E+3	-1.871581E+3	4.651115E+3	-2.929870E+3	6.916675E+3	-1.069186E+4	8.154658E+3	-1.724440E+4
9.258000E+1	-5.260643E+0	2.434998E+0	-5.260215E+0	2.006250E-1	2.374970E+3	-1.871753E+3	4.651028E+3	-2.929870E+3	6.916762E+3	-1.069195E+4	8.154400E+3	-1.724440E+4
9.259000E+1	-5.260596E+0	2.532523E+0	-5.260168E+0	2.006255E-1	2.374970E+3	-1.871926E+3	4.650942E+3	-2.929870E+3	6.916848E+3	-1.069203E+4	8.154142E+3	-1.724440E+4
9.260000E+1	-5.260548E+0	2.576356E+0	-5.260120E+0	2.006260E-1	2.374970E+3	-1.872098E+3	4.650856E+3	-2.929870E+3	6.916934E+3	-1.069212E+4	8.153883E+3	-1.724440E+4
9.261000E+1	-5.260536E+0	2.515473E+0	-5.260108E+0	2.006261E-1	2.374970E+3	-1.872271E+3	4.650770E+3	-2.929870E+3	6.917020E+3	-1.069220E+4	8.153625E+3	-1.724440E+4
9.262000E+1	-5.260525E+0	2.386569E+0	-5.260097E+0	2.006262E-1	2.374970E+3	-1.872443E+3	4.650683E+3	-2.929870E+3	6.917107E+3	-1.069228E+4	8.153366E+3	-1.724440E+4
9.263000E+1	-5.260474E+0	2.524766E+0	-5.260046E+0	2.006268E-1	2.374970E+3	-1.872616E+3	4.650597E+3	-2.929870E+3	6.917193E+3	-1.069237E+4	8.153108E+3	-1.724440E+4
9.264000E+1	-5.260434E+0	2.574079E+0	-5.260006E+0	2.006272E-1	2.374970E+3	-1.872789E+3	4.650511E+3	-2.929870E+3	6.917279E+3	-1.069245E+4	8.152850E+3	-1.724440E+4
9.265000E+1	-5.260424E+0	2.504933E+0	-5.259996E+0	2.006273E-1	2.374970E+3	-1.872961E+3	4.650424E+3	-2.929870E+3	6.917366E+3	-1.069254E+4	8.152591E+3	-1.724440E+4
9.266000E+1	-5.260417E+0	2.449019E+0	-5.259989E+0	2.006273E-1	2.374970E+3	-1.873134E+3	4.650338E+3	-2.929870E+3	6.917452E+3	-1.069262E+4	8.152333E+3	-1.724440E+4
9.267000E+1	-5.260406E+0	2.514906E+0	-5.259978E+0	2.006274E-1	2.374970E+3	-1.873306E+3	4.650252E+3	-2.929870E+3	6.917538E+3	-1.069270E+4	8.152075E+3	-1.724440E+4
9.268000E+1	-5.260399E+0	2.589079E+0	-5.259971E+0	2.006275E-1	2.374970E+3	-1.873479E+3	4.650166E+3	-2.929870E+3	6.917624E+3	-1.069279E+4	8.151816E+3	-1.724440E+4
9.269000E+1	-5.260371E+0	2.527323E+0	-5.259943E+0	2.006278E-1	2.374970E+3	-1.873651E+3	4.650079E+3	-2.929870E+3	6.917711E+3	-1.069287E+4	8.151558E+3	-1.724440E+4
9.270000E+1	-5.260330E+0	2.431773E+0	-5.259901E+0	2.006282E-1	2.376665E+3	-1.870165E+3	4.650050E+3	-2.926480E+3	6.914040E+3	-1.069290E+4	8.153156E+3	-1.724630E+4
9.271000E+1	-5.260308E+0	2.505197E+0	-5.259880E+0	2.006285E-1	2.376388E+3	-1.870442E+3	4.650050E+3	-2.927034E+3	6.914040E+3	-1.069290E+4	8.152880E+3	-1.724630E+4
9.272000E+1	-5.260316E+0	2.518171E+0	-5.259888E+0	2.006284E-1	2.376111E+3	-1.870719E+3	4.650050E+3	-2.927587E+3	6.914040E+3	-1.069290E+4	8.152605E+3	-1.724630E+4
9.273000E+1	-5.260277E+0	2.517739E+0	-5.259849E+0	2.006288E-1	2.375834E+3	-1.870996E+3	4.650050E+3	-2.928141E+3	6.914040E+3	-1.069290E+4	8.152330E+3	-1.724630E+4
9.274000E+1	-5.260192E+0	2.415568E+0	-5.259763E+0	2.006296E-1	2.375558E+3	-1.871272E+3	4.650050E+3	-2.928695E+3	6.914040E+3	-1.069290E+4	8.152054E+3	-1.724630E+4
9.275000E+1	-5.260155E+0	2.406316E+0	-5.259727E+0	2.006300E-1	2.375281E+3	-1.871549E+3	4.650050E+3	-2.929249E+3	6.914040E+3	-1.069290E+4	8.151779E+3	-1.724630E+4
9.276000E+1	-5.260153E+0	2.472627E+0	-5.259724E+0	2.006300E-1	2.375004E+3	-1.871826E+3	4.650050E+3	-2.929802E+3	6.914040E+3	-1.069290E+4	8.151504E+3	-1.724630E+4
9.277000E+1	-5.260144E+0	2.439144E+0	-5.259716E+0	2.006301E-1	2.374970E+3	-1.871860E+3	4.650728E+3	-2.929870E+3	6.914718E+3	-1.069224E+4	8.150792E+3	-1.724560E+4
9.278000E+1	-5.260141E+0	2.455922E+0	-5.259713E+0	2.006302E-1	2.374970E+3	-1.871860E+3	4.651501E+3	-2.929870E+3	6.915491E+3	-1.069149E+4	8.150019E+3	-1.724481E+4
9.279000E+1	-5.260092E+0	2.416094E+0	-5.259664E+0	2.006307E-1	2.374970E+3	-1.871860E+3	4.651643E+3	-2.929870E+3	6.915890E+3	-1.069084E+4	8.150388E+3	-1.724415E+4
9.280000E+1	-5.260044E+0	2.509101E+0	-5.259616E+0	2.006311E-1	2.374970E+3	-1.871860E+3	4.651113E+3	-2.929870E+3	6.915890E+3	-1.069029E+4	8.151976E+3	-1.724363E+4
9.281000E+1	-5.260039E+0	2.561301E+0	-5.259611E+0	2.006312E-1	2.374970E+3	-1.871860E+3	4.650583E+3	-2.929870E+3	6.915890E+3	-1.068975E+4	8.153563E+3	-1.724312E+4
9.282000E+1	-5.259996E+0	2.441177E+0	-5.259568E+0	2.006316E-1	2.374970E+3	-1.871860E+3	4.650053E+3	-2.929870E+3	6.915890E+3	-1.068920E+4	8.155150E+3	-1.724260E+4
9.283000E+1	-5.259947E+0	2.413143E+0	-5.259519E+0	2.006321E-1	2.375371E+3	-1.871459E+3	4.650050E+3	-2.929469E+3	6.915890E+3	-1.069000E+4	8.155160E+3	-1.724299E+4
9.284000E+1	-5.259905E+0	2.473203E+0	-5.259477E+0	2.006326E-1	2.375774E+3	-1.871056E+3	4.650050E+3	-2.929066E+3	6.915890E+3	-1.069081E+4	8.155160E+3	-1.724338E+4
9.285000E+1	-5.259862E+0	2.540681E+0	-5.259434E+0	2.006330E-1	2.376177E+3	-1.870653E+3	4.650050E+3	-2.928663E+3	6.915890E+3	-1.069161E+4	8.155160E+3	-1.724377E+4
9.286000E+1	-5.259792E+0	2.554733E+0	-5.259364E+0	2.006337E-1	2.376580E+3	-1.870250E+3	4.650050E+3	-2.928260E+3	6.915890E+3	-1.069242E+4	8.155160E+3	-1.724417E+4
9.287000E+1	-5.259765E+0	2.422598E+0	-5.259337E+0	2.006340E-1	2.376768E+3	-1.869958E+3	4.650050E+3	-2.928020E+3	6.915785E+3	-1.069295E+4	8.155056E+3	-1.724450E+4
9.288000E+1	-5.259764E+0	2.474459E+0	-5.259336E+0	2.006340E-1	2.376639E+3	-1.869829E+3	4.650050E+3	-2.928020E+3	6.915528E+3	-1.069309E+4	8.154799E+3	-1.724476E+4
9.289000E+1	-5.259768E+0	2.538310E+0	-5.259340E+0	2.006340E-1	2.376510E+3	-1.869700E+3	4.650050E+3	-2.928020E+3	6.915270E+3	-1.069322E+4	8.154542E+3	-1.724502E+4
9.290000E+1	-5.259754E+0	2.540140E+0	-5.259326E+0	2.006341E-1	2.376381E+3	-1.869571E+3	4.650050E+3	-2.928020E+3	6.915013E+3	-1.069335E+4	8.154285E+3	-1.724528E+4
9.291000E+1	-5.259722E+0	2.514042E+0	-5.259293E+0	2.006344E-1	2.376252E+3	-1.869442E+3	4.650050E+3	-2.928020E+3	6.914755E+3	-1.069348E+4	8.154028E+3	-1.724554E+4
9.292000E+1	-5.259692E+0	2.465164E+0	-5.259264E+0	2.006347E-1	2.376124E+3	-1.869314E+3	4.650050E+3	-2.928020E+3	6.914497E+3	-1.069362E+4	8.153771E+3	-1.724579E+4
9.293000E+1	-5.259681E+0	2.492899E+0	-5.259253E+0	2.006348E-1	2.375995E+3	-1.869185E+3	4.650050E+3	-2.928020E+3	6.914240E+3	-1.069375E+4	8.153514E+3	-1.724605E+4
9.294000E+1	-5.259679E+0	2.470429E+0	-5.259251E+0	2.006349E-1	2.375866E+3	-1.869056E+3	4.650050E+3	-2.928020E+3	6.913982E+3	-1.069388E+4	8.153257E+3	-1.724631E+4
9.295000E+1	-5.259681E+0	2.485358E+0	-5.259253E+0	2.006348E-1	2.375737E+3	-1.868927E+3	4.650050E+3	-2.928020E+3	6.913724E+3	-1.069401E+4	8.153000E+3	-1.724657E+4
9.296000E+1	-5.259689E+0	2.434199E+0	-5.259261E+0	2.006348E-1	2.375608E+3	-1.868798E+3	4.650050E+3	-2.928020E+3	6.913467E+3	-1.069414E+4	8.152743E+3	-1.724682E+4
9.297000E+1	-5.259676E+0	2.531645E+0	-5.259248E+0	2.006349E-1	2.375480E+3	-1.868670E+3	4.650050E+3	-2.928020E+3	6.913209E+3	-1.069428E+4	8.152486E+3	-1.724708E+4
9.298000E+1	-5.259628E+0	2.586321E+0	-5.259200E+0	2.006354E-1	2.375351E+3	-1.868541E+3	4.650050E+3	-2.928020E+3	6.912951E+3	-1.069441E+4	8.152229E+3	-1.724734E+4
9.299000E+1	-5.259585E+0	2.434016E+0	-5.259157E+0	2.006358E-1	2.375222E+3	-1.868412E+3	4.650050E+3	-2.928020E+3	6.912694E+3	-1.069454E+4	8.151972E+3	-1.724760E+4
9.300000E+1	-5.259558E+0	2.390170E+0	-5.259130E+0	2.006361E-1	2.375093E+3	-1.868283E+3	4.650050E+3	-2.928020E+3	6.912436E+3	-1.069467E+4	8.151716E+3	-1.724785E+4
9.301000E+1	-5.259553E+0	2.550459E+0	-5.259125E+0	2.006362E-1	2.374987E+3	-1.870027E+3	4.650067E+3	-2.929870E+3	6.914057E+3	-1.069285E+4	8.147821E+3	-1.724440E+4
9.302000E+1	-5.259552E+0	2.529992E+0	-5.259123E+0	2.006362E-1	2.375374E+3	-1.870414E+3	4.650454E+3	-2.929870E+3	6.914444E+3	-1.069170E+4	8.148978E+3	-1.724440E+4
9.303000E+1	-5.259554E+0	2.509110E+0	-5.259126E+0	2.006361E-1	2.375760E+3	-1.870800E+3	4.650840E+3	-2.929870E+3	6.914830E+3	-1.069055E+4	8.150136E+3	-1.724440E+4
9.304000E+1	-5.259557E+0	2.410022E+0	-5.259129E+0	2.006361E-1	2.376146E+3	-1.871186E+3	4.651226E+3	-2.929870E+3	6.915216E+3	-1.068940E+4	8.151293E+3	-1.724440E+4
9.305000E+1	-5.259555E+0	2.472145E+0	-5.259127E+0	2.006361E-1	2.376533E+3	-1.871573E+3	4.651613E+3	-2.929870E+3	6.915603E+3	-1.068825E+4	8.152450E+3	-1.724440E+4
9.306000E+1	-5.259542E+0	2.604587E+0	-5.259114E+0	2.006363E-1	2.376820E+3	-1.871367E+3	4.651736E+3	-2.929706E+3	6.915561E+3	-1.068789E+4	8.153474E+3	-1.724440E+4
9.307000E+1	-5.259545E+0	2.549836E+0	-5.259117E+0	2.006362E-1	2.376820E+3	-1.869448E+3	4.651096E+3	-2.929066E+3	6.914282E+3	-1.068979E+4	8.154114E+3	-1.724440E+4
9.308000E+1	-5.259534E+0	2.499883E+0	-5.259106E+0	2.006363E-1	2.376820E+3	-1.867529E+3	4.650456E+3	-2.928426E+3	6.913003E+3	-1.069169E+4	8.154754E+3	-1.724440E+4
9.309000E+1	-5.259540E+0	2.432241E+0	-5.259111E+0	2.006363E-1	2.376820E+3	-1.866586E+3	4.650050E+3	-2.927882E+3	6.912190E+3	-1.069304E+4	8.154885E+3	-1.724454E+4
9.310000E+1	-5.259545E+0	2.528326E+0	-5.259117E+0	2.006362E-1	2.376820E+3	-1.867343E+3	4.650050E+3	-2.927503E+3	6.912190E+3	-1.069343E+4	8.154129E+3	-1.724493E+4
9.311000E+1	-5.259511E+0	2.577983E+0	-5.259083E+0	2.006366E-1	2.376820E+3	-1.868100E+3	4.650050E+3	-2.927125E+3	6.912190E+3	-1.069382E+4	8.153374E+3	-1.724532E+4
9.312000E+1	-5.259483E+0	2.494588E+0	-5.259055E+0	2.006369E-1	2.376820E+3	-1.868858E+3	4.650050E+3	-2.926746E+3	6.912190E+3	-1.069421E+4	8.152619E+3	-1.724571E+4
9.313000E+1	-5.259466E+0	2.464782E+0	-5.259038E+0	2.006370E-1	2.376820E+3	-1.869615E+3	4.650050E+3	-2.926368E+3	6.912190E+3	-1.069460E+4	8.151864E+3	-1.724610E+4
9.314000E+1	-5.259463E+0	2.522296E+0	-5.259034E+0	2.006371E-1	2.376543E+3	-1.870287E+3	4.650327E+3	-2.926447E+3	6.911913E+3	-1.069452E+4	8.151746E+3	-1.724657E+4
9.315000E+1	-5.259413E+0	2.560804E+0	-5.258985E+0	2.006376E-1	2.375963E+3	-1.870867E+3	4.650907E+3	-2.927027E+3	6.911333E+3	-1.069392E+4	8.152322E+3	-1.724713E+4
9.316000E+1	-5.259383E+0	2.527893E+0	-5.258955E+0	2.006379E-1	2.375384E+3	-1.871446E+3	4.651486E+3	-2.927606E+3	6.910754E+3	-1.069332E+4	8.152899E+3	-1.724770E+4
9.317000E+1	-5.259373E+0	2.403915E+0	-5.258945E+0	2.006380E-1	2.374970E+3	-1.871749E+3	4.651679E+3	-2.928131E+3	6.910340E+3	-1.069290E+4	8.152868E+3	-1.724799E+4
9.318000E+1	-5.259371E+0	2.529671E+0	-5.258943E+0	2.006380E-1	2.374970E+3	-1.871363E+3	4.650906E+3	-2.928517E+3	6.910340E+3	-1.069290E+4	8.151324E+3	-1.724762E+4
9.319000E+1	-5.259357E+0	2.533593E+0	-5.258929E+0	2.006382E-1	2.374970E+3	-1.870976E+3	4.650133E+3	-2.928904E+3	6.910340E+3	-1.069290E+4	8.149780E+3	-1.724724E+4
9.320000E+1	-5.259320E+0	2.538140E+0	-5.258892E+0	2.006385E-1	2.374970E+3	-1.870590E+3	4.649360E+3	-2.929290E+3	6.910340E+3	-1.069290E+4	8.148237E+3	-1.724686E+4
9.321000E+1	-5.259320E+0	2.463515E+0	-5.258892E+0	2.006385E-1	2.374970E+3	-1.870203E+3	4.648587E+3	-2.929677E+3	6.910340E+3	-1.069290E+4	8.146693E+3	-1.724649E+4
9.322000E+1	-5.259322E+0	2.485183E+0	-5.258894E+0	2.006385E-1	2.374970E+3	-1.870010E+3	4.648038E+3	-2.929870E+3	6.910502E+3	-1.069290E+4	8.145758E+3	-1.724630E+4
9.323000E+1	-5.259293E+0	2.603041E+0	-5.258865E+0	2.006388E-1	2.374970E+3	-1.870010E+3	4.647712E+3	-2.929870E+3	6.910828E+3	-1.069290E+4	8.145432E+3	-1.724630E+4
9.324000E+1	-5.259263E+0	2.473446E+0	-5.258835E+0	2.006391E-1	2.374970E+3	-1.870010E+3	4.647387E+3	-2.929870E+3	6.911153E+3	-1.069290E+4	8.145107E+3	-1.724630E+4
9.325000E+1	-5.259244E+0	2.415180E+0	-5.258816E+0	2.006393E-1	2.374970E+3	-1.870010E+3	4.647061E+3	-2.929870E+3	6.911479E+3	-1.069290E+4	8.144781E+3	-1.724630E+4
9.326000E+1	-5.259249E+0	2.415355E+0	-5.258820E+0	2.006393E-1	2.374970E+3	-1.870010E+3	4.646736E+3	-2.929870E+3	6.911804E+3	-1.069290E+4	8.144456E+3	-1.724630E+4
9.327000E+1	-5.259212E+0	2.543717E+0	-5.258784E+0	2.006396E-1	2.374970E+3	-1.870010E+3	4.646410E+3	-2.929870E+3	6.912130E+3	-1.069290E+4	8.144130E+3	-1.724630E+4
9.328000E+1	-5.259168E+0	2.603351E+0	-5.258740E+0	2.006401E-1	2.374970E+3	-1.870010E+3	4.646693E+3	-2.929870E+3	6.912190E+3	-1.069257E+4	8.145443E+3	-1.724595E+4
9.329000E+1	-5.259161E+0	2.479621E+0	-5.258733E+0	2.006402E-1	2.374970E+3	-1.870010E+3	4.647115E+3	-2.929870E+3	6.912190E+3	-1.069216E+4	8.147130E+3	-1.724551E+4
9.330000E+1	-5.259160E+0	2.405872E+0	-5.258732E+0	2.006402E-1	2.374970E+3	-1.870010E+3	4.647537E+3	-2.929870E+3	6.912190E+3	-1.069175E+4	8.148816E+3	-1.724508E+4
9.331000E+1	-5.259154E+0	2.520184E+0	-5.258726E+0	2.006402E-1	2.374970E+3	-1.870010E+3	4.647958E+3	-2.929870E+3	6.912190E+3	-1.069134E+4	8.150502E+3	-1.724465E+4
9.332000E+1	-5.259128E+0	2.533665E+0	-5.258700E+0	2.006405E-1	2.375178E+3	-1.869802E+3	4.648200E+3	-2.929454E+3	6.912190E+3	-1.069152E+4	8.151262E+3	-1.724482E+4
9.333000E+1	-5.259105E+0	2.576630E+0	-5.258677E+0	2.006407E-1	2.375666E+3	-1.869314E+3	4.648200E+3	-2.928478E+3	6.912190E+3	-1.069249E+4	8.150774E+3	-1.724579E+4
9.334000E+1	-5.259053E+0	2.426689E+0	-5.258625E+0	2.006413E-1	2.376154E+3	-1.868826E+3	4.648200E+3	-2.927501E+3	6.912190E+3	-1.069347E+4	8.150286E+3	-1.724677E+4
9.335000E+1	-5.259017E+0	2.517046E+0	-5.258589E+0	2.006416E-1	2.376642E+3	-1.868338E+3	4.648200E+3	-2.926525E+3	6.912190E+3	-1.069444E+4	8.149798E+3	-1.724774E+4
9.336000E+1	-5.259006E+0	2.646274E+0	-5.258577E+0	2.006417E-1	2.376646E+3	-1.868160E+3	4.648200E+3	-2.926170E+3	6.912016E+3	-1.069480E+4	8.149620E+3	-1.724810E+4
9.337000E+1	-5.258988E+0	2.537157E+0	-5.258560E+0	2.006419E-1	2.376374E+3	-1.868160E+3	4.648200E+3	-2.926170E+3	6.911744E+3	-1.069480E+4	8.149620E+3	-1.724810E+4
9.338000E+1	-5.258975E+0	2.445433E+0	-5.258547E+0	2.006421E-1	2.376101E+3	-1.868160E+3	4.648200E+3	-2.926170E+3	6.911471E+3	-1.069480E+4	8.149620E+3	-1.724810E+4
9.339000E+1	-5.258963E+0	2.461848E+0	-5.258535E+0	2.006422E-1	2.375828E+3	-1.868160E+3	4.648200E+3	-2.926170E+3	6.911198E+3	-1.069480E+4	8.149620E+3	-1.724810E+4
9.340000E+1	-5.258963E+0	2.564210E+0	-5.258535E+0	2.006422E-1	2.375555E+3	-1.868160E+3	4.648200E+3	-2.926170E+3	6.910925E+3	-1.069480E+4	8.149620E+3	-1.724810E+4
9.341000E+1	-5.258954E+0	2.599848E+0	-5.258526E+0	2.006423E-1	2.375282E+3	-1.868160E+3	4.648200E+3	-2.926170E+3	6.910652E+3	-1.069480E+4	8.149620E+3	-1.724810E+4
9.342000E+1	-5.258943E+0	2.460360E+0	-5.258515E+0	2.006424E-1	2.375010E+3	-1.868160E+3	4.648200E+3	-2.926170E+3	6.910380E+3	-1.069480E+4	8.149620E+3	-1.724810E+4
9.343000E+1	-5.258942E+0	2.446109E+0	-5.258514E+0	2.006424E-1	2.376794E+3	-1.871809E+3	4.650050E+3	-2.928071E+3	6.908516E+3	-1.069290E+4	8.149569E+3	-1.724805E+4
9.344000E+1	-5.258937E+0	2.488670E+0	-5.258509E+0	2.006424E-1	2.376342E+3	-1.870904E+3	4.650050E+3	-2.928976E+3	6.908968E+3	-1.069290E+4	8.148664E+3	-1.724714E+4
9.345000E+1	-5.258891E+0	2.556513E+0	-5.258463E+0	2.006429E-1	2.375890E+3	-1.869999E+3	4.650050E+3	-2.929881E+3	6.909420E+3	-1.069290E+4	8.147759E+3	-1.724624E+4
9.346000E+1	-5.258834E+0	2.489977E+0	-5.258406E+0	2.006435E-1	2.375437E+3	-1.869094E+3	4.650050E+3	-2.930786E+3	6.909873E+3	-1.069290E+4	8.146854E+3	-1.724533E+4
9.347000E+1	-5.258820E+0	2.375768E+0	-5.258392E+0	2.006436E-1	2.374985E+3	-1.868189E+3	4.650050E+3	-2.931691E+3	6.910325E+3	-1.069290E+4	8.145949E+3	-1.724443E+4
9.348000E+1	-5.258825E+0	2.536745E+0	-5.258397E+0	2.006436E-1	2.374532E+3	-1.868160E+3	4.650050E+3	-2.931720E+3	6.910340E+3	-1.069290E+4	8.145482E+3	-1.724440E+4
9.349000E+1	-5.258809E+0	2.597823E+0	-5.258381E+0	2.006437E-1	2.374080E+3	-1.868160E+3	4.650050E+3	-2.931720E+3	6.910340E+3	-1.069290E+4	8.145030E+3	-1.724440E+4
9.350000E+1	-5.258797E+0	2.536944E+0	-5.258369E+0	2.006439E-1	2.373627E+3	-1.868160E+3	4.650050E+3	-2.931720E+3	6.910340E+3	-1.069290E+4	8.144577E+3	-1.724440E+4
9.351000E+1	-5.258771E+0	2.470123E+0	-5.258343E+0	2.006441E-1	2.373175E+3	-1.868160E+3	4.650050E+3	-2.931720E+3	6.910340E+3	-1.069290E+4	8.144125E+3	-1.724440E+4
9.352000E+1	-5.258773E+0	2.514810E+0	-5.258345E+0	2.006441E-1	2.373772E+3	-1.868812E+3	4.649398E+3	-2.931720E+3	6.910340E+3	-1.069227E+4	8.146026E+3	-1.724507E+4
9.353000E+1	-5.258763E+0	2.577384E+0	-5.258335E+0	2.006442E-1	2.374514E+3	-1.869554E+3	4.648656E+3	-2.931720E+3	6.910340E+3	-1.069154E+4	8.148252E+3	-1.724583E+4
9.354000E+1	-5.258736E+0	2.514981E+0	-5.258308E+0	2.006445E-1	2.375037E+3	-1.869943E+3	4.648267E+3	-2.931653E+3	6.910273E+3	-1.069130E+4	8.149553E+3	-1.724636E+4
9.355000E+1	-5.258712E+0	2.462800E+0	-5.258284E+0	2.006447E-1	2.375210E+3	-1.869770E+3	4.648440E+3	-2.931480E+3	6.910100E+3	-1.069181E+4	8.149380E+3	-1.724653E+4
9.356000E+1	-5.258694E+0	2.467263E+0	-5.258266E+0	2.006449E-1	2.375383E+3	-1.869597E+3	4.648613E+3	-2.931307E+3	6.909927E+3	-1.069233E+4	8.149207E+3	-1.724670E+4
9.357000E+1	-5.258675E+0	2.494586E+0	-5.258246E+0	2.006451E-1	2.375557E+3	-1.869423E+3	4.648787E+3	-2.931133E+3	6.909753E+3	-1.069284E+4	8.149033E+3	-1.724687E+4
9.358000E+1	-5.258614E+0	2.521904E+0	-5.258186E+0	2.006457E-1	2.375730E+3	-1.869250E+3	4.648960E+3	-2.930960E+3	6.909580E+3	-1.069336E+4	8.148860E+3	-1.724704E+4
9.359000E+1	-5.258577E+0	2.456117E+0	-5.258149E+0	2.006461E-1	2.375903E+3	-1.869077E+3	4.649133E+3	-2.930787E+3	6.909407E+3	-1.069388E+4	8.148687E+3	-1.724721E+4
9.360000E+1	-5.258589E+0	2.410431E+0	-5.258161E+0	2.006460E-1	2.376077E+3	-1.868903E+3	4.649307E+3	-2.930613E+3	6.909233E+3	-1.069439E+4	8.148513E+3	-1.724738E+4
9.361000E+1	-5.258586E+0	2.493137E+0	-5.258158E+0	2.006460E-1	2.376250E+3	-1.868730E+3	4.649480E+3	-2.930440E+3	6.909060E+3	-1.069491E+4	8.148340E+3	-1.724755E+4
9.362000E+1	-5.258569E+0	2.470751E+0	-5.258141E+0	2.006462E-1	2.376423E+3	-1.868557E+3	4.649653E+3	-2.930267E+3	6.908887E+3	-1.069542E+4	8.148167E+3	-1.724771E+4
9.363000E+1	-5.258554E+0	2.534044E+0	-5.258126E+0	2.006463E-1	2.376597E+3	-1.868383E+3	4.649827E+3	-2.930093E+3	6.908713E+3	-1.069594E+4	8.147993E+3	-1.724788E+4
9.364000E+1	-5.258546E+0	2.449876E+0	-5.258117E+0	2.006464E-1	2.376770E+3	-1.868210E+3	4.650000E+3	-2.929920E+3	6.908540E+3	-1.069645E+4	8.147820E+3	-1.724805E+4
9.365000E+1	-5.258528E+0	2.526434E+0	-5.258100E+0	2.006466E-1	2.376636E+3	-1.867976E+3	4.650050E+3	-2.929686E+3	6.908490E+3	-1.069642E+4	8.147770E+3	-1.724810E+4
9.366000E+1	-5.258516E+0	2.579363E+0	-5.258088E+0	2.006467E-1	2.376379E+3	-1.867719E+3	4.650050E+3	-2.929429E+3	6.908490E+3	-1.069617E+4	8.147770E+3	-1.724810E+4
9.367000E+1	-5.258508E+0	2.505410E+0	-5.258080E+0	2.006468E-1	2.376121E+3	-1.867461E+3	4.650050E+3	-2.929171E+3	6.908490E+3	-1.069592E+4	8.147770E+3	-1.724810E+4
9.368000E+1	-5.258495E+0	2.472143E+0	-5.258067E+0	2.006469E-1	2.375863E+3	-1.867203E+3	4.650050E+3	-2.928913E+3	6.908490E+3	-1.069567E+4	8.147770E+3	-1.724810E+4
9.369000E+1	-5.258499E+0	2.483123E+0	-5.258071E+0	2.006469E-1	2.375606E+3	-1.866946E+3	4.650050E+3	-2.928656E+3	6.908490E+3	-1.069542E+4	8.147770E+3	-1.724810E+4
9.370000E+1	-5.258479E+0	2.567965E+0	-5.258051E+0	2.006471E-1	2.375348E+3	-1.866688E+3	4.650050E+3	-2.928398E+3	6.908490E+3	-1.069517E+4	8.147770E+3	-1.724810E+4
9.371000E+1	-5.258423E+0	2.605990E+0	-5.257995E+0	2.006477E-1	2.375090E+3	-1.866430E+3	4.650050E+3	-2.928140E+3	6.908490E+3	-1.069492E+4	8.147770E+3	-1.724810E+4
9.372000E+1	-5.258375E+0	2.535267E+0	-5.257947E+0	2.006482E-1	2.373319E+3	-1.868259E+3	4.648200E+3	-2.931720E+3	6.908589E+3	-1.069460E+4	8.140569E+3	-1.724630E+4
9.373000E+1	-5.258345E+0	2.506399E+0	-5.257917E+0	2.006485E-1	2.374803E+3	-1.869001E+3	4.648200E+3	-2.931720E+3	6.909331E+3	-1.069312E+4	8.142053E+3	-1.724630E+4
9.374000E+1	-5.258270E+0	2.509373E+0	-5.257841E+0	2.006493E-1	2.376287E+3	-1.869743E+3	4.648200E+3	-2.931720E+3	6.910073E+3	-1.069163E+4	8.143537E+3	-1.724630E+4
9.375000E+1	-5.258213E+0	2.544861E+0	-5.257785E+0	2.006498E-1	2.376820E+3	-1.870230E+3	4.648200E+3	-2.931720E+3	6.910120E+3	-1.069110E+4	8.144730E+3	-1.724607E+4
9.376000E+1	-5.258149E+0	2.535625E+0	-5.257721E+0	2.006505E-1	2.376820E+3	-1.870574E+3	4.648200E+3	-2.931720E+3	6.909776E+3	-1.069110E+4	8.145761E+3	-1.724572E+4
9.377000E+1	-5.258141E+0	2.439493E+0	-5.257713E+0	2.006506E-1	2.376820E+3	-1.870917E+3	4.648200E+3	-2.931720E+3	6.909433E+3	-1.069110E+4	8.146791E+3	-1.724537E+4
9.378000E+1	-5.258162E+0	2.570917E+0	-5.257734E+0	2.006503E-1	2.376820E+3	-1.871261E+3	4.648200E+3	-2.931720E+3	6.909089E+3	-1.069110E+4	8.147822E+3	-1.724502E+4
9.379000E+1	-5.258173E+0	2.575787E+0	-5.257745E+0	2.006502E-1	2.376820E+3	-1.871604E+3	4.648200E+3	-2.931720E+3	6.908746E+3	-1.069110E+4	8.148852E+3	-1.724466E+4
9.380000E+1	-5.258171E+0	2.498372E+0	-5.257743E+0	2.006503E-1	2.376631E+3	-1.871671E+3	4.648011E+3	-2.931341E+3	6.908490E+3	-1.069166E+4	8.149241E+3	-1.724478E+4
9.381000E+1	-5.258165E+0	2.449783E+0	-5.257737E+0	2.006503E-1	2.375889E+3	-1.870929E+3	4.647269E+3	-2.929858E+3	6.908490E+3	-1.069387E+4	8.147758E+3	-1.724626E+4
9.382000E+1	-5.258148E+0	2.577365E+0	-5.257720E+0	2.006505E-1	2.375147E+3	-1.870187E+3	4.646527E+3	-2.928374E+3	6.908490E+3	-1.069607E+4	8.146274E+3	-1.724775E+4
9.383000E+1	-5.258122E+0	2.666527E+0	-5.257694E+0	2.006508E-1	2.374105E+3	-1.870010E+3	4.646350E+3	-2.928020E+3	6.907913E+3	-1.069632E+4	8.145632E+3	-1.724840E+4
9.384000E+1	-5.258090E+0	2.531735E+0	-5.257662E+0	2.006511E-1	2.372969E+3	-1.870010E+3	4.646350E+3	-2.928020E+3	6.907156E+3	-1.069595E+4	8.145253E+3	-1.724878E+4
9.385000E+1	-5.258062E+0	2.432239E+0	-5.257634E+0	2.006514E-1	2.371834E+3	-1.870010E+3	4.646350E+3	-2.928020E+3	6.906399E+3	-1.069558E+4	8.144875E+3	-1.724917E+4
9.386000E+1	-5.258050E+0	2.541206E+0	-5.257622E+0	2.006515E-1	2.370698E+3	-1.870010E+3	4.646350E+3	-2.928020E+3	6.905642E+3	-1.069521E+4	8.144496E+3	-1.724956E+4
9.387000E+1	-5.258047E+0	2.583157E+0	-5.257619E+0	2.006515E-1	2.369562E+3	-1.870010E+3	4.646350E+3	-2.928020E+3	6.904885E+3	-1.069485E+4	8.144117E+3	-1.724995E+4
9.388000E+1	-5.258043E+0	2.566153E+0	-5.257615E+0	2.006516E-1	2.369847E+3	-1.870224E+3	4.646136E+3	-2.928447E+3	6.904790E+3	-1.069458E+4	8.143643E+3	-1.725000E+4
9.389000E+1	-5.258047E+0	2.413175E+0	-5.257619E+0	2.006515E-1	2.370335E+3	-1.870468E+3	4.645892E+3	-2.928935E+3	6.904790E+3	-1.069433E+4	8.143155E+3	-1.725000E+4
9.390000E+1	-5.258060E+0	2.422500E+0	-5.257632E+0	2.006514E-1	2.370823E+3	-1.870712E+3	4.645648E+3	-2.929423E+3	6.904790E+3	-1.069408E+4	8.142667E+3	-1.725000E+4
9.391000E+1	-5.258053E+0	2.563939E+0	-5.257624E+0	2.006515E-1	2.371311E+3	-1.870956E+3	4.645404E+3	-2.929911E+3	6.904790E+3	-1.069383E+4	8.142179E+3	-1.725000E+4
9.392000E+1	-5.258033E+0	2.544687E+0	-5.257604E+0	2.006517E-1	2.371800E+3	-1.871200E+3	4.645160E+3	-2.930400E+3	6.904790E+3	-1.069358E+4	8.141690E+3	-1.725000E+4
9.393000E+1	-5.258020E+0	2.506049E+0	-5.257592E+0	2.006518E-1	2.372288E+3	-1.871444E+3	4.644916E+3	-2.930888E+3	6.904790E+3	-1.069333E+4	8.141202E+3	-1.725000E+4
9.394000E+1	-5.258017E+0	2.393079E+0	-5.257589E+0	2.006518E-1	2.372776E+3	-1.871688E+3	4.644672E+3	-2.931376E+3	6.904790E+3	-1.069308E+4	8.140714E+3	-1.725000E+4
9.395000E+1	-5.258015E+0	2.554278E+0	-5.257587E+0	2.006518E-1	2.373120E+3	-1.871860E+3	4.645594E+3	-2.930626E+3	6.905884E+3	-1.069402E+4	8.139276E+3	-1.724888E+4
9.396000E+1	-5.258006E+0	2.649990E+0	-5.257577E+0	2.006519E-1	2.373236E+3	-1.871976E+3	4.646466E+3	-2.929870E+3	6.906640E+3	-1.069468E+4	8.138753E+3	-1.724810E+4
9.397000E+1	-5.257991E+0	2.492990E+0	-5.257563E+0	2.006521E-1	2.373382E+3	-1.872122E+3	4.646612E+3	-2.929870E+3	6.906640E+3	-1.069453E+4	8.139045E+3	-1.724810E+4
9.398000E+1	-5.257947E+0	2.422781E+0	-5.257519E+0	2.006525E-1	2.373528E+3	-1.872268E+3	4.646758E+3	-2.929870E+3	6.906640E+3	-1.069438E+4	8.139337E+3	-1.724810E+4
9.399000E+1	-5.257931E+0	2.500716E+0	-5.257502E+0	2.006527E-1	2.373674E+3	-1.872414E+3	4.646904E+3	-2.929870E+3	6.906640E+3	-1.069423E+4	8.139629E+3	-1.724810E+4
9.400000E+1	-5.257926E+0	2.539217E+0	-5.257498E+0	2.006528E-1	2.373821E+3	-1.872561E+3	4.647051E+3	-2.929870E+3	6.906640E+3	-1.069408E+4	8.139921E+3	-1.724810E+4
9.401000E+1	-5.257920E+0	2.495618E+0	-5.257491E+0	2.006528E-1	2.373967E+3	-1.872707E+3	4.647197E+3	-2.929870E+3	6.906640E+3	-1.069393E+4	8.140213E+3	-1.724810E+4
9.402000E+1	-5.257899E+0	2.445668E+0	-5.257471E+0	2.006530E-1	2.374113E+3	-1.872853E+3	4.647343E+3	-2.929870E+3	6.906640E+3	-1.069378E+4	8.140505E+3	-1.724810E+4
9.403000E+1	-5.257859E+0	2.579046E+0	-5.257430E+0	2.006534E-1	2.374259E+3	-1.872999E+3	4.647489E+3	-2.929870E+3	6.906640E+3	-1.069363E+4	8.140797E+3	-1.724810E+4
9.404000E+1	-5.257828E+0	2.594286E+0	-5.257400E+0	2.006538E-1	2.374405E+3	-1.873145E+3	4.647635E+3	-2.929870E+3	6.906640E+3	-1.069348E+4	8.141090E+3	-1.724810E+4
9.405000E+1	-5.257812E+0	2.517746E+0	-5.257384E+0	2.006539E-1	2.374551E+3	-1.873291E+3	4.647781E+3	-2.929870E+3	6.906640E+3	-1.069333E+4	8.141382E+3	-1.724810E+4
9.406000E+1	-5.257832E+0	2.483929E+0	-5.257404E+0	2.006537E-1	2.374697E+3	-1.873437E+3	4.647927E+3	-2.929870E+3	6.906640E+3	-1.069318E+4	8.141674E+3	-1.724810E+4
9.407000E+1	-5.257819E+0	2.408467E+0	-5.257391E+0	2.006538E-1	2.374843E+3	-1.873583E+3	4.648073E+3	-2.929870E+3	6.906640E+3	-1.069303E+4	8.141966E+3	-1.724810E+4
9.408000E+1	-5.257778E+0	2.586444E+0	-5.257350E+0	2.006543E-1	2.373099E+3	-1.866352E+3	4.650029E+3	-2.929849E+3	6.906619E+3	-1.069846E+4	8.142262E+3	-1.724812E+4
9.409000E+1	-5.257787E+0	2.566169E+0	-5.257359E+0	2.006542E-1	2.372938E+3	-1.866675E+3	4.649868E+3	-2.929688E+3	6.906458E+3	-1.069814E+4	8.142585E+3	-1.724829E+4
9.410000E+1	-5.257814E+0	2.471786E+0	-5.257386E+0	2.006539E-1	2.372776E+3	-1.866997E+3	4.649706E+3	-2.929526E+3	6.906296E+3	-1.069781E+4	8.142907E+3	-1.724845E+4
9.411000E+1	-5.257795E+0	2.443255E+0	-5.257367E+0	2.006541E-1	2.372615E+3	-1.867320E+3	4.649545E+3	-2.929365E+3	6.906135E+3	-1.069749E+4	8.143230E+3	-1.724862E+4
9.412000E+1	-5.257780E+0	2.511180E+0	-5.257352E+0	2.006542E-1	2.372454E+3	-1.867642E+3	4.649384E+3	-2.929204E+3	6.905974E+3	-1.069717E+4	8.143552E+3	-1.724878E+4
9.413000E+1	-5.257792E+0	2.596691E+0	-5.257364E+0	2.006541E-1	2.372292E+3	-1.867965E+3	4.649222E+3	-2.929042E+3	6.905812E+3	-1.069684E+4	8.143875E+3	-1.724895E+4
9.414000E+1	-5.257784E+0	2.475776E+0	-5.257356E+0	2.006542E-1	2.372131E+3	-1.868288E+3	4.649061E+3	-2.928881E+3	6.905651E+3	-1.069652E+4	8.144198E+3	-1.724912E+4
9.415000E+1	-5.257767E+0	2.452629E+0	-5.257339E+0	2.006544E-1	2.371970E+3	-1.868610E+3	4.648900E+3	-2.928720E+3	6.905490E+3	-1.069620E+4	8.144520E+3	-1.724928E+4
9.416000E+1	-5.257732E+0	2.583974E+0	-5.257304E+0	2.006547E-1	2.371809E+3	-1.868933E+3	4.648739E+3	-2.928559E+3	6.905329E+3	-1.069588E+4	8.144843E+3	-1.724945E+4
9.417000E+1	-5.257709E+0	2.591297E+0	-5.257281E+0	2.006550E-1	2.371647E+3	-1.869255E+3	4.648577E+3	-2.928397E+3	6.905167E+3	-1.069555E+4	8.145165E+3	-1.724961E+4
9.418000E+1	-5.257690E+0	2.563772E+0	-5.257262E+0	2.006552E-1	2.371486E+3	-1.869578E+3	4.648416E+3	-2.928236E+3	6.905006E+3	-1.069523E+4	8.145488E+3	-1.724978E+4
9.419000E+1	-5.257650E+0	2.443095E+0	-5.257222E+0	2.006556E-1	2.371325E+3	-1.869901E+3	4.648255E+3	-2.928075E+3	6.904845E+3	-1.069491E+4	8.145811E+3	-1.724994E+4
9.420000E+1	-5.257643E+0	2.444588E+0	-5.257215E+0	2.006556E-1	2.374790E+3	-1.873710E+3	4.648200E+3	-2.931720E+3	6.904970E+3	-1.069461E+4	8.141859E+3	-1.724810E+4
9.421000E+1	-5.257592E+0	2.539515E+0	-5.257164E+0	2.006562E-1	2.374517E+3	-1.873710E+3	4.648200E+3	-2.931720E+3	6.905243E+3	-1.069433E+4	8.141314E+3	-1.724810E+4
9.422000E+1	-5.257544E+0	2.514889E+0	-5.257116E+0	2.006567E-1	2.374244E+3	-1.873710E+3	4.648200E+3	-2.931720E+3	6.905516E+3	-1.069405E+4	8.140768E+3	-1.724810E+4
9.423000E+1	-5.257488E+0	2.496165E+0	-5.257060E+0	2.006572E-1	2.373971E+3	-1.873710E+3	4.648200E+3	-2.931720E+3	6.905789E+3	-1.069377E+4	8.140223E+3	-1.724810E+4
9.424000E+1	-5.257510E+0	2.370194E+0	-5.257082E+0	2.006570E-1	2.373699E+3	-1.873710E+3	4.648200E+3	-2.931720E+3	6.906061E+3	-1.069349E+4	8.139677E+3	-1.724810E+4
9.425000E+1	-5.257551E+0	2.487984E+0	-5.257123E+0	2.006566E-1	2.373426E+3	-1.873710E+3	4.648200E+3	-2.931720E+3	6.906334E+3	-1.069321E+4	8.139131E+3	-1.724810E+4
9.426000E+1	-5.257526E+0	2.540574E+0	-5.257098E+0	2.006568E-1	2.373153E+3	-1.873710E+3	4.648200E+3	-2.931720E+3	6.906607E+3	-1.069293E+4	8.138586E+3	-1.724810E+4
9.427000E+1	-5.257504E+0	2.464999E+0	-5.257076E+0	2.006571E-1	2.376820E+3	-1.869174E+3	4.648200E+3	-2.931302E+3	6.906640E+3	-1.069194E+4	8.143652E+3	-1.724810E+4
9.428000E+1	-5.257499E+0	2.440332E+0	-5.257071E+0	2.006571E-1	2.376820E+3	-1.868222E+3	4.648200E+3	-2.930826E+3	6.906640E+3	-1.069289E+4	8.143176E+3	-1.724810E+4
9.429000E+1	-5.257505E+0	2.516121E+0	-5.257077E+0	2.006571E-1	2.376820E+3	-1.867271E+3	4.648200E+3	-2.930351E+3	6.906640E+3	-1.069384E+4	8.142701E+3	-1.724810E+4
9.430000E+1	-5.257512E+0	2.562655E+0	-5.257084E+0	2.006570E-1	2.376820E+3	-1.866320E+3	4.648200E+3	-2.929875E+3	6.906640E+3	-1.069479E+4	8.142225E+3	-1.724810E+4
9.431000E+1	-5.257508E+0	2.537193E+0	-5.257080E+0	2.006570E-1	2.375946E+3	-1.866310E+3	4.647326E+3	-2.928996E+3	6.904892E+3	-1.069655E+4	8.141346E+3	-1.724900E+4
9.432000E+1	-5.257491E+0	2.426824E+0	-5.257063E+0	2.006572E-1	2.375063E+3	-1.866310E+3	4.646443E+3	-2.928113E+3	6.903125E+3	-1.069831E+4	8.140463E+3	-1.724990E+4
9.433000E+1	-5.257445E+0	2.528320E+0	-5.257017E+0	2.006577E-1	2.374624E+3	-1.866310E+3	4.646350E+3	-2.928366E+3	6.902940E+3	-1.069781E+4	8.140716E+3	-1.725034E+4
9.434000E+1	-5.257411E+0	2.537283E+0	-5.256983E+0	2.006580E-1	2.374238E+3	-1.866310E+3	4.646350E+3	-2.928752E+3	6.902940E+3	-1.069704E+4	8.141102E+3	-1.725071E+4
9.435000E+1	-5.257382E+0	2.545075E+0	-5.256954E+0	2.006583E-1	2.373851E+3	-1.866310E+3	4.646350E+3	-2.929139E+3	6.902940E+3	-1.069626E+4	8.141489E+3	-1.725109E+4
9.436000E+1	-5.257375E+0	2.487000E+0	-5.256947E+0	2.006584E-1	2.373465E+3	-1.866310E+3	4.646350E+3	-2.929525E+3	6.902940E+3	-1.069549E+4	8.141875E+3	-1.725146E+4
9.437000E+1	-5.257362E+0	2.447314E+0	-5.256934E+0	2.006585E-1	2.373120E+3	-1.866418E+3	4.646296E+3	-2.929870E+3	6.902940E+3	-1.069480E+4	8.142112E+3	-1.725175E+4
9.438000E+1	-5.257348E+0	2.609280E+0	-5.256920E+0	2.006587E-1	2.373120E+3	-1.867421E+3	4.645795E+3	-2.929870E+3	6.902940E+3	-1.069480E+4	8.141109E+3	-1.725126E+4
9.439000E+1	-5.257365E+0	2.535087E+0	-5.256937E+0	2.006585E-1	2.373120E+3	-1.868424E+3	4.645293E+3	-2.929870E+3	6.902940E+3	-1.069480E+4	8.140106E+3	-1.725077E+4
9.440000E+1	-5.257343E+0	2.421030E+0	-5.256915E+0	2.006587E-1	2.373120E+3	-1.869426E+3	4.644792E+3	-2.929870E+3	6.902940E+3	-1.069480E+4	8.139104E+3	-1.725028E+4
9.441000E+1	-5.257282E+0	2.401802E+0	-5.256854E+0	2.006593E-1	2.373120E+3	-1.870199E+3	4.644689E+3	-2.930059E+3	6.903129E+3	-1.069480E+4	8.138331E+3	-1.724981E+4
9.442000E+1	-5.257205E+0	2.475652E+0	-5.256777E+0	2.006601E-1	2.373120E+3	-1.870651E+3	4.645141E+3	-2.930511E+3	6.903581E+3	-1.069480E+4	8.137879E+3	-1.724934E+4
9.443000E+1	-5.257183E+0	2.567274E+0	-5.256755E+0	2.006603E-1	2.373120E+3	-1.871104E+3	4.645594E+3	-2.930964E+3	6.904034E+3	-1.069480E+4	8.137426E+3	-1.724888E+4
9.444000E+1	-5.257191E+0	2.461803E+0	-5.256763E+0	2.006603E-1	2.373120E+3	-1.871556E+3	4.646046E+3	-2.931416E+3	6.904486E+3	-1.069480E+4	8.136974E+3	-1.724841E+4
9.445000E+1	-5.257173E+0	2.435921E+0	-5.256745E+0	2.006604E-1	2.373369E+3	-1.871736E+3	4.646350E+3	-2.931720E+3	6.904914E+3	-1.069455E+4	8.137168E+3	-1.724810E+4
9.446000E+1	-5.257159E+0	2.579459E+0	-5.256731E+0	2.006606E-1	2.374126E+3	-1.871357E+3	4.646350E+3	-2.931720E+3	6.905293E+3	-1.069379E+4	8.138682E+3	-1.724810E+4
9.447000E+1	-5.257160E+0	2.606791E+0	-5.256732E+0	2.006606E-1	2.374883E+3	-1.870978E+3	4.646350E+3	-2.931720E+3	6.905672E+3	-1.069304E+4	8.140196E+3	-1.724810E+4
9.448000E+1	-5.257152E+0	2.562177E+0	-5.256724E+0	2.006607E-1	2.375640E+3	-1.870600E+3	4.646350E+3	-2.931720E+3	6.906050E+3	-1.069228E+4	8.141710E+3	-1.724810E+4
9.449000E+1	-5.257141E+0	2.400137E+0	-5.256713E+0	2.006608E-1	2.376397E+3	-1.870221E+3	4.646350E+3	-2.931720E+3	6.906429E+3	-1.069152E+4	8.143225E+3	-1.724810E+4
9.450000E+1	-5.257140E+0	2.442482E+0	-5.256712E+0	2.006608E-1	2.376556E+3	-1.869746E+3	4.646350E+3	-2.931456E+3	6.906376E+3	-1.069189E+4	8.144070E+3	-1.724810E+4
9.451000E+1	-5.257164E+0	2.489905E+0	-5.256736E+0	2.006605E-1	2.375957E+3	-1.869147E+3	4.646350E+3	-2.930857E+3	6.905777E+3	-1.069366E+4	8.144070E+3	-1.724810E+4
9.452000E+1	-5.257204E+0	2.489265E+0	-5.256775E+0	2.006601E-1	2.375359E+3	-1.868549E+3	4.646350E+3	-2.930259E+3	6.905179E+3	-1.069544E+4	8.144070E+3	-1.724810E+4
9.453000E+1	-5.257212E+0	2.438126E+0	-5.256784E+0	2.006600E-1	2.374921E+3	-1.868160E+3	4.646350E+3	-2.929870E+3	6.904790E+3	-1.069665E+4	8.143972E+3	-1.724820E+4
9.454000E+1	-5.257214E+0	2.469829E+0	-5.256786E+0	2.006600E-1	2.374780E+3	-1.868160E+3	4.646350E+3	-2.929870E+3	6.904790E+3	-1.069679E+4	8.143691E+3	-1.724848E+4
9.455000E+1	-5.257207E+0	2.580709E+0	-5.256779E+0	2.006601E-1	2.374640E+3	-1.868160E+3	4.646350E+3	-2.929870E+3	6.904790E+3	-1.069694E+4	8.143410E+3	-1.724876E+4
9.456000E+1	-5.257182E+0	2.530440E+0	-5.256753E+0	2.006604E-1	2.374499E+3	-1.868160E+3	4.646350E+3	-2.929870E+3	6.904790E+3	-1.069708E+4	8.143128E+3	-1.724904E+4
9.457000E+1	-5.257169E+0	2.407451E+0	-5.256741E+0	2.006605E-1	2.374359E+3	-1.868160E+3	4.646350E+3	-2.929870E+3	6.904790E+3	-1.069723E+4	8.142847E+3	-1.724932E+4
9.458000E+1	-5.257164E+0	2.417053E+0	-5.256736E+0	2.006605E-1	2.374218E+3	-1.868160E+3	4.646350E+3	-2.929870E+3	6.904790E+3	-1.069737E+4	8.142566E+3	-1.724960E+4
9.459000E+1	-5.257136E+0	2.467315E+0	-5.256708E+0	2.006608E-1	2.374078E+3	-1.868160E+3	4.646350E+3	-2.929870E+3	6.904790E+3	-1.069752E+4	8.142285E+3	-1.724988E+4
9.460000E+1	-5.257078E+0	2.506234E+0	-5.256650E+0	2.006614E-1	2.373937E+3	-1.868160E+3	4.646350E+3	-2.929870E+3	6.904790E+3	-1.069766E+4	8.142004E+3	-1.725017E+4
9.461000E+1	-5.257062E+0	2.456184E+0	-5.256634E+0	2.006616E-1	2.373797E+3	-1.868160E+3	4.646350E+3	-2.929870E+3	6.904790E+3	-1.069781E+4	8.141723E+3	-1.725045E+4
9.462000E+1	-5.257078E+0	2.398667E+0	-5.256650E+0	2.006614E-1	2.373656E+3	-1.868160E+3	4.646350E+3	-2.929870E+3	6.904790E+3	-1.069795E+4	8.141442E+3	-1.725073E+4
9.463000E+1	-5.257081E+0	2.519857E+0	-5.256653E+0	2.006614E-1	2.373516E+3	-1.868160E+3	4.646350E+3	-2.929870E+3	6.904790E+3	-1.069809E+4	8.141161E+3	-1.725101E+4
9.464000E+1	-5.257061E+0	2.506164E+0	-5.256633E+0	2.006616E-1	2.373375E+3	-1.868160E+3	4.646350E+3	-2.929870E+3	6.904790E+3	-1.069824E+4	8.140880E+3	-1.725129E+4
9.465000E+1	-5.257060E+0	2.489343E+0	-5.256632E+0	2.006616E-1	2.373234E+3	-1.868160E+3	4.646350E+3	-2.929870E+3	6.904790E+3	-1.069838E+4	8.140599E+3	-1.725157E+4
9.466000E+1	-5.257066E+0	2.426809E+0	-5.256638E+0	2.006615E-1	2.374970E+3	-1.866408E+3	4.646350E+3	-2.931720E+3	6.902989E+3	-1.069480E+4	8.134820E+3	-1.725000E+4
9.467000E+1	-5.257022E+0	2.417739E+0	-5.256594E+0	2.006620E-1	2.374970E+3	-1.866938E+3	4.646350E+3	-2.931720E+3	6.903254E+3	-1.069480E+4	8.134820E+3	-1.725000E+4
9.468000E+1	-5.257026E+0	2.546594E+0	-5.256598E+0	2.006619E-1	2.374970E+3	-1.867468E+3	4.646350E+3	-2.931720E+3	6.903519E+3	-1.069480E+4	8.134820E+3	-1.725000E+4
9.469000E+1	-5.257016E+0	2.475123E+0	-5.256587E+0	2.006620E-1	2.374970E+3	-1.867998E+3	4.646350E+3	-2.931720E+3	6.903784E+3	-1.069480E+4	8.134820E+3	-1.725000E+4
9.470000E+1	-5.256992E+0	2.426824E+0	-5.256564E+0	2.006623E-1	2.374970E+3	-1.868528E+3	4.646350E+3	-2.931720E+3	6.904049E+3	-1.069480E+4	8.134820E+3	-1.725000E+4
9.471000E+1	-5.256989E+0	2.454956E+0	-5.256561E+0	2.006623E-1	2.374970E+3	-1.869058E+3	4.646350E+3	-2.931720E+3	6.904314E+3	-1.069480E+4	8.134820E+3	-1.725000E+4
9.472000E+1	-5.256980E+0	2.572951E+0	-5.256552E+0	2.006624E-1	2.374970E+3	-1.869588E+3	4.646350E+3	-2.931720E+3	6.904579E+3	-1.069480E+4	8.134820E+3	-1.725000E+4
9.473000E+1	-5.257018E+0	2.563808E+0	-5.256590E+0	2.006620E-1	2.374970E+3	-1.870010E+3	4.646350E+3	-2.931656E+3	6.904790E+3	-1.069467E+4	8.135076E+3	-1.724993E+4
9.474000E+1	-5.257042E+0	2.412037E+0	-5.256614E+0	2.006618E-1	2.374970E+3	-1.870010E+3	4.646350E+3	-2.931341E+3	6.904790E+3	-1.069404E+4	8.136334E+3	-1.724961E+4
9.475000E+1	-5.256969E+0	2.411850E+0	-5.256541E+0	2.006625E-1	2.374970E+3	-1.870010E+3	4.646350E+3	-2.931027E+3	6.904790E+3	-1.069341E+4	8.137592E+3	-1.724929E+4
9.476000E+1	-5.256925E+0	2.546206E+0	-5.256497E+0	2.006630E-1	2.374970E+3	-1.870010E+3	4.646350E+3	-2.930713E+3	6.904790E+3	-1.069279E+4	8.138849E+3	-1.724897E+4
9.477000E+1	-5.256964E+0	2.558407E+0	-5.256536E+0	2.006626E-1	2.374970E+3	-1.870010E+3	4.646350E+3	-2.930398E+3	6.904790E+3	-1.069216E+4	8.140107E+3	-1.724864E+4
9.478000E+1	-5.256984E+0	2.549065E+0	-5.256556E+0	2.006624E-1	2.374970E+3	-1.870010E+3	4.646350E+3	-2.930084E+3	6.904790E+3	-1.069153E+4	8.141364E+3	-1.724832E+4
9.479000E+1	-5.257002E+0	2.443098E+0	-5.256574E+0	2.006622E-1	2.374970E+3	-1.869812E+3	4.646449E+3	-2.929672E+3	6.904691E+3	-1.069150E+4	8.142121E+3	-1.724820E+4
9.480000E+1	-5.256991E+0	2.550967E+0	-5.256563E+0	2.006623E-1	2.374970E+3	-1.869194E+3	4.646758E+3	-2.929054E+3	6.904382E+3	-1.069273E+4	8.141812E+3	-1.724852E+4
9.481000E+1	-5.256992E+0	2.597299E+0	-5.256564E+0	2.006623E-1	2.374970E+3	-1.868576E+3	4.647067E+3	-2.928436E+3	6.904073E+3	-1.069397E+4	8.141503E+3	-1.724884E+4
9.482000E+1	-5.256992E+0	2.503554E+0	-5.256564E+0	2.006623E-1	2.374970E+3	-1.867957E+3	4.647376E+3	-2.927817E+3	6.903764E+3	-1.069521E+4	8.141194E+3	-1.724915E+4
9.483000E+1	-5.256964E+0	2.463329E+0	-5.256536E+0	2.006626E-1	2.374970E+3	-1.867339E+3	4.647685E+3	-2.927199E+3	6.903455E+3	-1.069644E+4	8.140885E+3	-1.724947E+4
9.484000E+1	-5.256950E+0	2.444692E+0	-5.256522E+0	2.006627E-1	2.374970E+3	-1.866721E+3	4.647995E+3	-2.926581E+3	6.903145E+3	-1.069768E+4	8.140575E+3	-1.724979E+4
9.485000E+1	-5.256955E+0	2.521781E+0	-5.256527E+0	2.006627E-1	2.372889E+3	-1.867002E+3	4.646350E+3	-2.928251E+3	6.902709E+3	-1.069638E+4	8.141989E+3	-1.725158E+4
9.486000E+1	-5.256972E+0	2.556205E+0	-5.256544E+0	2.006625E-1	2.372203E+3	-1.869062E+3	4.646350E+3	-2.928937E+3	6.902023E+3	-1.069571E+4	8.141303E+3	-1.725091E+4
9.487000E+1	-5.256974E+0	2.451790E+0	-5.256546E+0	2.006625E-1	2.371516E+3	-1.871122E+3	4.646350E+3	-2.929624E+3	6.901336E+3	-1.069504E+4	8.140616E+3	-1.725024E+4
9.488000E+1	-5.256971E+0	2.450233E+0	-5.256543E+0	2.006625E-1	2.371554E+3	-1.871718E+3	4.646208E+3	-2.930012E+3	6.901232E+3	-1.069494E+4	8.139945E+3	-1.725000E+4
9.489000E+1	-5.256986E+0	2.556552E+0	-5.256558E+0	2.006623E-1	2.371995E+3	-1.871497E+3	4.645987E+3	-2.930233E+3	6.901453E+3	-1.069515E+4	8.139282E+3	-1.725000E+4
9.490000E+1	-5.256981E+0	2.593021E+0	-5.256553E+0	2.006624E-1	2.372437E+3	-1.871277E+3	4.645767E+3	-2.930453E+3	6.901673E+3	-1.069537E+4	8.138620E+3	-1.725000E+4
9.491000E+1	-5.256960E+0	2.529698E+0	-5.256532E+0	2.006626E-1	2.372879E+3	-1.871056E+3	4.645546E+3	-2.930674E+3	6.901894E+3	-1.069558E+4	8.137957E+3	-1.725000E+4
9.492000E+1	-5.256958E+0	2.427154E+0	-5.256530E+0	2.006626E-1	2.373320E+3	-1.870835E+3	4.645325E+3	-2.930895E+3	6.902115E+3	-1.069580E+4	8.137294E+3	-1.725000E+4
9.493000E+1	-5.256975E+0	2.540651E+0	-5.256547E+0	2.006625E-1	2.373762E+3	-1.870614E+3	4.645104E+3	-2.931116E+3	6.902336E+3	-1.069601E+4	8.136632E+3	-1.725000E+4
9.494000E+1	-5.256967E+0	2.507622E+0	-5.256538E+0	2.006625E-1	2.374204E+3	-1.870393E+3	4.644883E+3	-2.931337E+3	6.902557E+3	-1.069623E+4	8.135969E+3	-1.725000E+4
9.495000E+1	-5.256967E+0	2.511713E+0	-5.256539E+0	2.006625E-1	2.374646E+3	-1.870172E+3	4.644662E+3	-2.931558E+3	6.902778E+3	-1.069644E+4	8.135307E+3	-1.725000E+4
9.496000E+1	-5.256970E+0	2.447587E+0	-5.256542E+0	2.006625E-1	2.373201E+3	-1.870091E+3	4.642811E+3	-2.931639E+3	6.902940E+3	-1.069472E+4	8.136912E+3	-1.725000E+4
9.497000E+1	-5.256951E+0	2.485420E+0	-5.256523E+0	2.006627E-1	2.373505E+3	-1.870395E+3	4.643420E+3	-2.931335E+3	6.902940E+3	-1.069440E+4	8.137824E+3	-1.725000E+4
9.498000E+1	-5.256956E+0	2.600709E+0	-5.256528E+0	2.006627E-1	2.373809E+3	-1.870699E+3	4.644028E+3	-2.931031E+3	6.902940E+3	-1.069409E+4	8.138737E+3	-1.725000E+4
9.499000E+1	-5.257010E+0	2.540227E+0	-5.256582E+0	2.006621E-1	2.374113E+3	-1.871003E+3	4.644636E+3	-2.930727E+3	6.902940E+3	-1.069378E+4	8.139649E+3	-1.725000E+4
9.500000E+1	-5.257032E+0	2.426583E+0	-5.256604E+0	2.006619E-1	2.374417E+3	-1.871307E+3	4.645244E+3	-2.930423E+3	6.902940E+3	-1.069347E+4	8.140561E+3	-1.725000E+4
9.501000E+1	-5.257018E+0	2.505907E+0	-5.256590E+0	2.006620E-1	2.374721E+3	-1.871611E+3	4.645852E+3	-2.930119E+3	6.902940E+3	-1.069316E+4	8.141473E+3	-1.725000E+4
9.502000E+1	-5.257023E+0	2.566241E+0	-5.256595E+0	2.006620E-1	2.374358E+3	-1.870943E+3	4.646350E+3	-2.929870E+3	6.902634E+3	-1.069383E+4	8.141608E+3	-1.725030E+4
9.503000E+1	-5.257016E+0	2.570932E+0	-5.256588E+0	2.006620E-1	2.371237E+3	-1.866377E+3	4.646350E+3	-2.929870E+3	6.901090E+3	-1.069847E+4	8.138553E+3	-1.725183E+4
9.504000E+1	-5.257039E+0	2.458613E+0	-5.256611E+0	2.006618E-1	2.370842E+3	-1.867165E+3	4.646350E+3	-2.929870E+3	6.901090E+3	-1.069806E+4	8.138948E+3	-1.725224E+4
9.505000E+1	-5.257051E+0	2.499768E+0	-5.256623E+0	2.006617E-1	2.370448E+3	-1.867954E+3	4.646350E+3	-2.929870E+3	6.901090E+3	-1.069766E+4	8.139342E+3	-1.725264E+4
9.506000E+1	-5.257016E+0	2.596231E+0	-5.256588E+0	2.006620E-1	2.370053E+3	-1.868743E+3	4.646350E+3	-2.929870E+3	6.901090E+3	-1.069725E+4	8.139737E+3	-1.725305E+4
9.507000E+1	-5.257015E+0	2.577511E+0	-5.256587E+0	2.006621E-1	2.369659E+3	-1.869532E+3	4.646350E+3	-2.929870E+3	6.901090E+3	-1.069685E+4	8.140131E+3	-1.725345E+4
9.508000E+1	-5.257045E+0	2.555014E+0	-5.256617E+0	2.006617E-1	2.369672E+3	-1.869758E+3	4.646098E+3	-2.930122E+3	6.900838E+3	-1.069635E+4	8.140118E+3	-1.725344E+4
9.509000E+1	-5.257044E+0	2.420805E+0	-5.256616E+0	2.006618E-1	2.370313E+3	-1.869117E+3	4.645457E+3	-2.930763E+3	6.900197E+3	-1.069573E+4	8.139477E+3	-1.725278E+4
9.510000E+1	-5.257033E+0	2.514126E+0	-5.256605E+0	2.006619E-1	2.370953E+3	-1.868477E+3	4.644817E+3	-2.931403E+3	6.899557E+3	-1.069511E+4	8.138837E+3	-1.725213E+4
9.511000E+1	-5.257039E+0	2.598344E+0	-5.256611E+0	2.006618E-1	2.371474E+3	-1.868364E+3	4.644704E+3	-2.931924E+3	6.899444E+3	-1.069480E+4	8.137909E+3	-1.725160E+4
9.512000E+1	-5.257046E+0	2.503896E+0	-5.256618E+0	2.006617E-1	2.371877E+3	-1.868767E+3	4.645107E+3	-2.932327E+3	6.899847E+3	-1.069480E+4	8.136700E+3	-1.725121E+4
9.513000E+1	-5.257096E+0	2.464205E+0	-5.256668E+0	2.006612E-1	2.372280E+3	-1.869170E+3	4.645510E+3	-2.932730E+3	6.900250E+3	-1.069480E+4	8.135490E+3	-1.725082E+4
9.514000E+1	-5.257125E+0	2.486998E+0	-5.256697E+0	2.006609E-1	2.372683E+3	-1.869573E+3	4.645913E+3	-2.933133E+3	6.900653E+3	-1.069480E+4	8.134280E+3	-1.725042E+4
9.515000E+1	-5.257086E+0	2.556249E+0	-5.256658E+0	2.006613E-1	2.373087E+3	-1.869977E+3	4.646317E+3	-2.933537E+3	6.901057E+3	-1.069480E+4	8.133070E+3	-1.725003E+4
9.516000E+1	-5.257061E+0	2.524287E+0	-5.256633E+0	2.006616E-1	2.373120E+3	-1.870010E+3	4.646865E+3	-2.933055E+3	6.902121E+3	-1.069427E+4	8.134516E+3	-1.724947E+4
9.517000E+1	-5.257071E+0	2.421635E+0	-5.256642E+0	2.006615E-1	2.373120E+3	-1.870010E+3	4.647428E+3	-2.932492E+3	6.903245E+3	-1.069369E+4	8.136203E+3	-1.724889E+4
9.518000E+1	-5.257059E+0	2.496099E+0	-5.256631E+0	2.006616E-1	2.373120E+3	-1.870010E+3	4.647990E+3	-2.931930E+3	6.904369E+3	-1.069312E+4	8.137889E+3	-1.724832E+4
9.519000E+1	-5.257048E+0	2.567420E+0	-5.256620E+0	2.006617E-1	2.373255E+3	-1.869875E+3	4.648065E+3	-2.931720E+3	6.904655E+3	-1.069290E+4	8.138790E+3	-1.724824E+4
9.520000E+1	-5.257025E+0	2.531214E+0	-5.256597E+0	2.006620E-1	2.373471E+3	-1.869659E+3	4.647849E+3	-2.931720E+3	6.904439E+3	-1.069290E+4	8.139221E+3	-1.724846E+4
9.521000E+1	-5.257011E+0	2.448640E+0	-5.256583E+0	2.006621E-1	2.373686E+3	-1.869444E+3	4.647634E+3	-2.931720E+3	6.904224E+3	-1.069290E+4	8.139653E+3	-1.724868E+4
9.522000E+1	-5.257021E+0	2.417577E+0	-5.256593E+0	2.006620E-1	2.373902E+3	-1.869228E+3	4.647418E+3	-2.931720E+3	6.904008E+3	-1.069290E+4	8.140084E+3	-1.724890E+4
9.523000E+1	-5.257018E+0	2.591199E+0	-5.256590E+0	2.006620E-1	2.374118E+3	-1.869012E+3	4.647202E+3	-2.931720E+3	6.903792E+3	-1.069290E+4	8.140516E+3	-1.724912E+4
9.524000E+1	-5.257029E+0	2.614174E+0	-5.256601E+0	2.006619E-1	2.374333E+3	-1.868797E+3	4.646987E+3	-2.931720E+3	6.903577E+3	-1.069290E+4	8.140947E+3	-1.724935E+4
9.525000E+1	-5.257066E+0	2.542466E+0	-5.256638E+0	2.006615E-1	2.374549E+3	-1.868581E+3	4.646771E+3	-2.931720E+3	6.903361E+3	-1.069290E+4	8.141378E+3	-1.724957E+4
9.526000E+1	-5.257067E+0	2.417415E+0	-5.256638E+0	2.006615E-1	2.374765E+3	-1.868365E+3	4.646555E+3	-2.931720E+3	6.903145E+3	-1.069290E+4	8.141810E+3	-1.724979E+4
9.527000E+1	-5.257050E+0	2.477337E+0	-5.256622E+0	2.006617E-1	2.373102E+3	-1.864469E+3	4.646350E+3	-2.929870E+3	6.901090E+3	-1.069848E+4	8.138529E+3	-1.725181E+4
9.528000E+1	-5.257036E+0	2.562929E+0	-5.256608E+0	2.006618E-1	2.372739E+3	-1.864651E+3	4.646350E+3	-2.929870E+3	6.901090E+3	-1.069812E+4	8.138711E+3	-1.725200E+4
9.529000E+1	-5.257028E+0	2.489207E+0	-5.256600E+0	2.006619E-1	2.372375E+3	-1.864832E+3	4.646350E+3	-2.929870E+3	6.901090E+3	-1.069776E+4	8.138892E+3	-1.725218E+4
9.530000E+1	-5.257035E+0	2.368364E+0	-5.256607E+0	2.006618E-1	2.372011E+3	-1.865014E+3	4.646350E+3	-2.929870E+3	6.901090E+3	-1.069739E+4	8.139074E+3	-1.725237E+4
9.531000E+1	-5.257057E+0	2.533220E+0	-5.256629E+0	2.006616E-1	2.371648E+3	-1.865196E+3	4.646350E+3	-2.929870E+3	6.901090E+3	-1.069703E+4	8.139256E+3	-1.725256E+4
9.532000E+1	-5.257062E+0	2.590963E+0	-5.256634E+0	2.006616E-1	2.371284E+3	-1.865378E+3	4.646350E+3	-2.929870E+3	6.901090E+3	-1.069666E+4	8.139438E+3	-1.725274E+4
9.533000E+1	-5.257036E+0	2.521889E+0	-5.256608E+0	2.006618E-1	2.370921E+3	-1.865560E+3	4.646350E+3	-2.929870E+3	6.901090E+3	-1.069630E+4	8.139620E+3	-1.725293E+4
9.534000E+1	-5.257025E+0	2.441808E+0	-5.256597E+0	2.006620E-1	2.370557E+3	-1.865741E+3	4.646350E+3	-2.929870E+3	6.901090E+3	-1.069594E+4	8.139801E+3	-1.725312E+4
9.535000E+1	-5.257026E+0	2.525325E+0	-5.256598E+0	2.006619E-1	2.370193E+3	-1.865923E+3	4.646350E+3	-2.929870E+3	6.901090E+3	-1.069557E+4	8.139983E+3	-1.725330E+4
9.536000E+1	-5.257031E+0	2.578590E+0	-5.256603E+0	2.006619E-1	2.369830E+3	-1.866105E+3	4.646350E+3	-2.929870E+3	6.901090E+3	-1.069521E+4	8.140165E+3	-1.725349E+4
9.537000E+1	-5.257026E+0	2.491808E+0	-5.256598E+0	2.006619E-1	2.369466E+3	-1.866287E+3	4.646350E+3	-2.929870E+3	6.901090E+3	-1.069485E+4	8.140347E+3	-1.725368E+4
9.538000E+1	-5.257014E+0	2.554880E+0	-5.256585E+0	2.006621E-1	2.374970E+3	-1.871410E+3	4.645900E+3	-2.931720E+3	6.899690E+3	-1.069480E+4	8.135770E+3	-1.725136E+4
9.539000E+1	-5.257017E+0	2.456772E+0	-5.256589E+0	2.006620E-1	2.374970E+3	-1.870894E+3	4.645384E+3	-2.931720E+3	6.900206E+3	-1.069480E+4	8.134738E+3	-1.725086E+4
9.540000E+1	-5.257022E+0	2.511292E+0	-5.256594E+0	2.006620E-1	2.374970E+3	-1.870378E+3	4.644868E+3	-2.931720E+3	6.900722E+3	-1.069480E+4	8.133707E+3	-1.725036E+4
9.541000E+1	-5.257024E+0	2.530921E+0	-5.256596E+0	2.006620E-1	2.374970E+3	-1.869908E+3	4.644602E+3	-2.931720E+3	6.901141E+3	-1.069475E+4	8.133123E+3	-1.724995E+4
9.542000E+1	-5.257027E+0	2.455789E+0	-5.256599E+0	2.006619E-1	2.374970E+3	-1.869551E+3	4.644959E+3	-2.931720E+3	6.901319E+3	-1.069456E+4	8.133658E+3	-1.724976E+4
9.543000E+1	-5.257033E+0	2.431982E+0	-5.256605E+0	2.006619E-1	2.374970E+3	-1.869195E+3	4.645315E+3	-2.931720E+3	6.901498E+3	-1.069438E+4	8.134193E+3	-1.724958E+4
9.544000E+1	-5.257033E+0	2.499444E+0	-5.256605E+0	2.006619E-1	2.374970E+3	-1.868838E+3	4.645672E+3	-2.931720E+3	6.901676E+3	-1.069420E+4	8.134728E+3	-1.724940E+4
9.545000E+1	-5.257031E+0	2.511900E+0	-5.256603E+0	2.006619E-1	2.374970E+3	-1.868481E+3	4.646029E+3	-2.931720E+3	6.901854E+3	-1.069401E+4	8.135263E+3	-1.724921E+4
9.546000E+1	-5.257036E+0	2.515913E+0	-5.256608E+0	2.006618E-1	2.374970E+3	-1.868125E+3	4.646385E+3	-2.931720E+3	6.902033E+3	-1.069383E+4	8.135798E+3	-1.724903E+4
9.547000E+1	-5.257029E+0	2.396519E+0	-5.256601E+0	2.006619E-1	2.374970E+3	-1.867768E+3	4.646742E+3	-2.931720E+3	6.902211E+3	-1.069365E+4	8.136333E+3	-1.724885E+4
9.548000E+1	-5.257018E+0	2.587694E+0	-5.256590E+0	2.006620E-1	2.374970E+3	-1.867411E+3	4.647099E+3	-2.931720E+3	6.902389E+3	-1.069347E+4	8.136868E+3	-1.724867E+4
9.549000E+1	-5.257028E+0	2.584874E+0	-5.256600E+0	2.006619E-1	2.374970E+3	-1.867054E+3	4.647456E+3	-2.931720E+3	6.902568E+3	-1.069328E+4	8.137403E+3	-1.724848E+4
9.550000E+1	-5.257039E+0	2.470561E+0	-5.256611E+0	2.006618E-1	2.374970E+3	-1.866698E+3	4.647812E+3	-2.931720E+3	6.902746E+3	-1.069310E+4	8.137939E+3	-1.724830E+4
9.551000E+1	-5.257046E+0	2.459916E+0	-5.256618E+0	2.006617E-1	2.374970E+3	-1.866341E+3	4.648169E+3	-2.931720E+3	6.902925E+3	-1.069292E+4	8.138474E+3	-1.724812E+4
9.552000E+1	-5.257038E+0	2.532657E+0	-5.256610E+0	2.006618E-1	2.374880E+3	-1.862700E+3	4.648110E+3	-2.931541E+3	6.902850E+3	-1.069498E+4	8.140191E+3	-1.724819E+4
9.553000E+1	-5.257031E+0	2.646969E+0	-5.256603E+0	2.006619E-1	2.374782E+3	-1.862798E+3	4.648012E+3	-2.931344E+3	6.902752E+3	-1.069518E+4	8.139994E+3	-1.724829E+4
9.554000E+1	-5.257028E+0	2.595311E+0	-5.256600E+0	2.006619E-1	2.374684E+3	-1.862896E+3	4.647914E+3	-2.931148E+3	6.902654E+3	-1.069537E+4	8.139798E+3	-1.724839E+4
9.555000E+1	-5.257027E+0	2.478190E+0	-5.256599E+0	2.006619E-1	2.374586E+3	-1.862994E+3	4.647816E+3	-2.930952E+3	6.902556E+3	-1.069557E+4	8.139602E+3	-1.724849E+4
9.556000E+1	-5.257039E+0	2.462738E+0	-5.256611E+0	2.006618E-1	2.374488E+3	-1.863092E+3	4.647718E+3	-2.930756E+3	6.902458E+3	-1.069576E+4	8.139406E+3	-1.724860E+4
9.557000E+1	-5.257038E+0	2.504538E+0	-5.256610E+0	2.006618E-1	2.374390E+3	-1.863190E+3	4.647620E+3	-2.930559E+3	6.902360E+3	-1.069596E+4	8.139209E+3	-1.724870E+4
9.558000E+1	-5.257032E+0	2.538837E+0	-5.256604E+0	2.006619E-1	2.374291E+3	-1.863289E+3	4.647521E+3	-2.930363E+3	6.902261E+3	-1.069616E+4	8.139013E+3	-1.724880E+4
9.559000E+1	-5.257033E+0	2.430963E+0	-5.256605E+0	2.006619E-1	2.374193E+3	-1.863387E+3	4.647423E+3	-2.930167E+3	6.902163E+3	-1.069635E+4	8.138817E+3	-1.724890E+4
9.560000E+1	-5.257041E+0	2.390672E+0	-5.256612E+0	2.006618E-1	2.374095E+3	-1.863485E+3	4.647325E+3	-2.929970E+3	6.902065E+3	-1.069655E+4	8.138620E+3	-1.724900E+4
9.561000E+1	-5.257079E+0	2.503757E+0	-5.256651E+0	2.006614E-1	2.373997E+3	-1.863583E+3	4.647227E+3	-2.929774E+3	6.901967E+3	-1.069675E+4	8.138424E+3	-1.724910E+4
9.562000E+1	-5.257085E+0	2.516956E+0	-5.256657E+0	2.006613E-1	2.373899E+3	-1.863681E+3	4.647129E+3	-2.929578E+3	6.901869E+3	-1.069694E+4	8.138228E+3	-1.724920E+4
9.563000E+1	-5.257077E+0	2.507042E+0	-5.256649E+0	2.006614E-1	2.373801E+3	-1.863779E+3	4.647031E+3	-2.929382E+3	6.901771E+3	-1.069714E+4	8.138032E+3	-1.724930E+4
9.564000E+1	-5.257096E+0	2.423612E+0	-5.256667E+0	2.006612E-1	2.373703E+3	-1.863877E+3	4.646933E+3	-2.929185E+3	6.901673E+3	-1.069733E+4	8.137835E+3	-1.724940E+4
9.565000E+1	-5.257106E+0	2.558178E+0	-5.256677E+0	2.006611E-1	2.373604E+3	-1.863976E+3	4.646834E+3	-2.928989E+3	6.901574E+3	-1.069753E+4	8.137639E+3	-1.724950E+4
9.566000E+1	-5.257104E+0	2.672789E+0	-5.256676E+0	2.006611E-1	2.373506E+3	-1.864074E+3	4.646736E+3	-2.928793E+3	6.901476E+3	-1.069773E+4	8.137443E+3	-1.724960E+4
9.567000E+1	-5.257099E+0	2.497707E+0	-5.256671E+0	2.006612E-1	2.373408E+3	-1.864172E+3	4.646638E+3	-2.928596E+3	6.901378E+3	-1.069792E+4	8.137246E+3	-1.724970E+4
9.568000E+1	-5.257085E+0	2.433055E+0	-5.256657E+0	2.006613E-1	2.373310E+3	-1.864270E+3	4.646540E+3	-2.928400E+3	6.901280E+3	-1.069812E+4	8.137050E+3	-1.724980E+4
9.569000E+1	-5.257058E+0	2.493293E+0	-5.256630E+0	2.006616E-1	2.373212E+3	-1.864368E+3	4.646442E+3	-2.928204E+3	6.901182E+3	-1.069832E+4	8.136854E+3	-1.724991E+4
9.570000E+1	-5.257054E+0	2.567145E+0	-5.256626E+0	2.006617E-1	2.375058E+3	-1.868029E+3	4.646350E+3	-2.931632E+3	6.901046E+3	-1.069299E+4	8.138476E+3	-1.725004E+4
9.571000E+1	-5.257044E+0	2.551479E+0	-5.256616E+0	2.006618E-1	2.376432E+3	-1.865967E+3	4.646350E+3	-2.930258E+3	6.900359E+3	-1.069436E+4	8.137789E+3	-1.725071E+4
9.572000E+1	-5.257028E+0	2.441268E+0	-5.256600E+0	2.006619E-1	2.377806E+3	-1.863906E+3	4.646350E+3	-2.928884E+3	6.899672E+3	-1.069574E+4	8.137102E+3	-1.725138E+4
9.573000E+1	-5.257025E+0	2.469182E+0	-5.256596E+0	2.006620E-1	2.377964E+3	-1.862963E+3	4.646350E+3	-2.928020E+3	6.899240E+3	-1.069678E+4	8.136670E+3	-1.725198E+4
9.574000E+1	-5.257037E+0	2.512084E+0	-5.256609E+0	2.006618E-1	2.376062E+3	-1.863914E+3	4.646350E+3	-2.928020E+3	6.899240E+3	-1.069727E+4	8.136670E+3	-1.725247E+4
9.575000E+1	-5.257028E+0	2.511262E+0	-5.256600E+0	2.006619E-1	2.374159E+3	-1.864865E+3	4.646350E+3	-2.928020E+3	6.899240E+3	-1.069776E+4	8.136670E+3	-1.725296E+4
9.576000E+1	-5.257020E+0	2.476039E+0	-5.256592E+0	2.006620E-1	2.372257E+3	-1.865817E+3	4.646350E+3	-2.928020E+3	6.899240E+3	-1.069825E+4	8.136670E+3	-1.725345E+4
9.577000E+1	-5.257030E+0	2.402977E+0	-5.256602E+0	2.006619E-1	2.371483E+3	-1.866735E+3	4.646350E+3	-2.928233E+3	6.899027E+3	-1.069807E+4	8.136883E+3	-1.725370E+4
9.578000E+1	-5.257034E+0	2.550580E+0	-5.256606E+0	2.006619E-1	2.371924E+3	-1.867619E+3	4.646350E+3	-2.928674E+3	6.898586E+3	-1.069719E+4	8.137324E+3	-1.725370E+4
9.579000E+1	-5.257036E+0	2.563874E+0	-5.256608E+0	2.006618E-1	2.372366E+3	-1.868502E+3	4.646350E+3	-2.929116E+3	6.898144E+3	-1.069631E+4	8.137766E+3	-1.725370E+4
9.580000E+1	-5.257042E+0	2.488519E+0	-5.256614E+0	2.006618E-1	2.372808E+3	-1.869385E+3	4.646350E+3	-2.929558E+3	6.897702E+3	-1.069542E+4	8.138208E+3	-1.725370E+4
9.581000E+1	-5.257042E+0	2.439084E+0	-5.256614E+0	2.006618E-1	2.373120E+3	-1.870010E+3	4.646350E+3	-2.930040E+3	6.897560E+3	-1.069480E+4	8.138181E+3	-1.725353E+4
9.582000E+1	-5.257035E+0	2.506926E+0	-5.256607E+0	2.006618E-1	2.373120E+3	-1.870010E+3	4.646350E+3	-2.930619E+3	6.898139E+3	-1.069480E+4	8.137022E+3	-1.725293E+4
9.583000E+1	-5.257026E+0	2.642785E+0	-5.256598E+0	2.006619E-1	2.373120E+3	-1.870010E+3	4.646350E+3	-2.931199E+3	6.898719E+3	-1.069480E+4	8.135862E+3	-1.725234E+4
9.584000E+1	-5.257022E+0	2.542370E+0	-5.256594E+0	2.006620E-1	2.373120E+3	-1.870010E+3	4.646350E+3	-2.931758E+3	6.899240E+3	-1.069480E+4	8.134782E+3	-1.725176E+4
9.585000E+1	-5.257014E+0	2.461632E+0	-5.256585E+0	2.006621E-1	2.373120E+3	-1.870010E+3	4.646350E+3	-2.932137E+3	6.899240E+3	-1.069480E+4	8.134403E+3	-1.725139E+4
9.586000E+1	-5.257007E+0	2.525597E+0	-5.256579E+0	2.006621E-1	2.373120E+3	-1.870010E+3	4.646350E+3	-2.932515E+3	6.899240E+3	-1.069480E+4	8.134025E+3	-1.725103E+4
9.587000E+1	-5.257023E+0	2.529459E+0	-5.256595E+0	2.006620E-1	2.373120E+3	-1.870010E+3	4.646350E+3	-2.932894E+3	6.899240E+3	-1.069480E+4	8.133646E+3	-1.725066E+4
9.588000E+1	-5.257030E+0	2.558342E+0	-5.256602E+0	2.006619E-1	2.373120E+3	-1.870010E+3	4.646350E+3	-2.933273E+3	6.899240E+3	-1.069480E+4	8.133267E+3	-1.725029E+4
9.589000E+1	-5.257014E+0	2.448250E+0	-5.256586E+0	2.006621E-1	2.373201E+3	-1.870010E+3	4.646350E+3	-2.933489E+3	6.899240E+3	-1.069472E+4	8.133213E+3	-1.725000E+4
9.590000E+1	-5.257020E+0	2.431312E+0	-5.256592E+0	2.006620E-1	2.373580E+3	-1.870010E+3	4.646350E+3	-2.933110E+3	6.899240E+3	-1.069433E+4	8.134349E+3	-1.725000E+4
9.591000E+1	-5.257036E+0	2.595212E+0	-5.256608E+0	2.006618E-1	2.373958E+3	-1.870010E+3	4.646350E+3	-2.932732E+3	6.899240E+3	-1.069394E+4	8.135485E+3	-1.725000E+4
9.592000E+1	-5.257036E+0	2.601548E+0	-5.256608E+0	2.006618E-1	2.374337E+3	-1.870010E+3	4.646350E+3	-2.932353E+3	6.899240E+3	-1.069355E+4	8.136620E+3	-1.725000E+4
9.593000E+1	-5.257035E+0	2.580330E+0	-5.256607E+0	2.006618E-1	2.374715E+3	-1.870010E+3	4.646350E+3	-2.931975E+3	6.899240E+3	-1.069316E+4	8.137756E+3	-1.725000E+4
9.594000E+1	-5.257027E+0	2.410009E+0	-5.256599E+0	2.006619E-1	2.374862E+3	-1.869793E+3	4.646242E+3	-2.931503E+3	6.899132E+3	-1.069323E+4	8.138303E+3	-1.725011E+4
9.595000E+1	-5.257011E+0	2.572613E+0	-5.256583E+0	2.006621E-1	2.374530E+3	-1.869131E+3	4.645910E+3	-2.930841E+3	6.898800E+3	-1.069423E+4	8.137641E+3	-1.725043E+4
9.596000E+1	-5.257019E+0	2.619207E+0	-5.256591E+0	2.006620E-1	2.374199E+3	-1.868468E+3	4.645579E+3	-2.930178E+3	6.898469E+3	-1.069523E+4	8.136978E+3	-1.725075E+4
9.597000E+1	-5.257028E+0	2.507431E+0	-5.256600E+0	2.006619E-1	2.373868E+3	-1.867806E+3	4.645248E+3	-2.929516E+3	6.898138E+3	-1.069624E+4	8.136316E+3	-1.725107E+4
9.598000E+1	-5.257019E+0	2.423041E+0	-5.256591E+0	2.006620E-1	2.373537E+3	-1.867143E+3	4.644917E+3	-2.928853E+3	6.897807E+3	-1.069724E+4	8.135653E+3	-1.725139E+4
9.599000E+1	-5.257022E+0	2.492717E+0	-5.256593E+0	2.006620E-1	2.373205E+3	-1.866481E+3	4.644585E+3	-2.928191E+3	6.897475E+3	-1.069824E+4	8.134991E+3	-1.725172E+4
9.600000E+1	-5.257043E+0	2.554275E+0	-5.256615E+0	2.006618E-1	2.372898E+3	-1.866310E+3	4.644500E+3	-2.928020E+3	6.897168E+3	-1.069850E+4	8.134598E+3	-1.725203E+4
9.601000E+1	-5.257044E+0	2.538322E+0	-5.256616E+0	2.006618E-1	2.372599E+3	-1.866310E+3	4.644500E+3	-2.928020E+3	6.896869E+3	-1.069850E+4	8.134299E+3	-1.725234E+4
9.602000E+1	-5.257110E+0	2.413893E+0	-5.256681E+0	2.006611E-1	2.372300E+3	-1.866310E+3	4.644500E+3	-2.928020E+3	6.896570E+3	-1.069850E+4	8.134000E+3	-1.725264E+4
9.603000E+1	-5.257381E+0	2.469962E+0	-5.256953E+0	2.006583E-1	2.372000E+3	-1.866310E+3	4.644500E+3	-2.928020E+3	6.896270E+3	-1.069850E+4	8.133700E+3	-1.725295E+4
9.604000E+1	-5.257894E+0	2.535880E+0	-5.257466E+0	2.006531E-1	2.371701E+3	-1.866310E+3	4.644500E+3	-2.928020E+3	6.895971E+3	-1.069850E+4	8.133401E+3	-1.725326E+4
9.605000E+1	-5.258833E+0	2.516791E+0	-5.258405E+0	2.006435E-1	2.371402E+3	-1.866310E+3	4.644500E+3	-2.928020E+3	6.895672E+3	-1.069850E+4	8.133102E+3	-1.725356E+4
9.606000E+1	-5.260247E+0	2.427571E+0	-5.259819E+0	2.006291E-1	2.371788E+3	-1.866310E+3	4.643982E+3	-2.929056E+3	6.896058E+3	-1.069797E+4	8.133488E+3	-1.725370E+4
9.607000E+1	-5.261854E+0	2.446198E+0	-5.261426E+0	2.006127E-1	2.372716E+3	-1.866310E+3	4.643054E+3	-2.930911E+3	6.896986E+3	-1.069702E+4	8.134416E+3	-1.725370E+4
9.608000E+1	-5.264173E+0	2.567065E+0	-5.263745E+0	2.005890E-1	2.372933E+3	-1.867057E+3	4.642837E+3	-2.931907E+3	6.897764E+3	-1.069642E+4	8.134446E+3	-1.725351E+4
9.609000E+1	-5.269257E+0	2.526220E+0	-5.268829E+0	2.005371E-1	2.372602E+3	-1.868382E+3	4.643168E+3	-2.932238E+3	6.898426E+3	-1.069610E+4	8.133784E+3	-1.725317E+4
9.610000E+1	-5.276885E+0	2.441560E+0	-5.276457E+0	2.004593E-1	2.372271E+3	-1.869707E+3	4.643499E+3	-2.932569E+3	6.899089E+3	-1.069577E+4	8.133121E+3	-1.725283E+4
9.611000E+1	-5.287511E+0	2.422987E+0	-5.287083E+0	2.003509E-1	2.371939E+3	-1.871032E+3	4.643831E+3	-2.932901E+3	6.899751E+3	-1.069545E+4	8.132459E+3	-1.725249E+4
9.612000E+1	-5.301786E+0	2.492293E+0	-5.301358E+0	2.002052E-1	2.371608E+3	-1.872357E+3	4.644162E+3	-2.933232E+3	6.900414E+3	-1.069513E+4	8.131796E+3	-1.725215E+4
9.613000E+1	-5.318456E+0	2.567308E+0	-5.318028E+0	2.000351E-1	2.371277E+3	-1.873682E+3	4.644493E+3	-2.933563E+3	6.901076E+3	-1.069481E+4	8.131134E+3	-1.725181E+4
9.614000E+1	-5.336485E+0	2.496653E+0	-5.336057E+0	1.998511E-1	2.373873E+3	-1.874807E+3	4.647103E+3	-2.929619E+3	6.911845E+3	-1.069266E+4	8.143129E+3	-1.724710E+4
9.615000E+1	-5.355472E+0	2.409568E+0	-5.355044E+0	1.996574E-1	2.374729E+3	-1.873951E+3	4.647959E+3	-2.929334E+3	6.913558E+3	-1.069238E+4	8.146266E+3	-1.724595E+4
9.616000E+1	-5.373808E+0	2.502862E+0	-5.373380E+0	1.994703E-1	2.375585E+3	-1.873095E+3	4.648815E+3	-2.929048E+3	6.915270E+3	-1.069210E+4	8.149404E+3	-1.724481E+4
9.617000E+1	-5.390278E+0	2.554670E+0	-5.389850E+0	1.993022E-1	2.376441E+3	-1.872239E+3	4.649671E+3	-2.928763E+3	6.916982E+3	-1.069182E+4	8.152541E+3	-1.724367E+4
9.618000E+1	-5.404832E+0	2.554450E+0	-5.404404E+0	1.991537E-1	2.377297E+3	-1.871383E+3	4.650527E+3	-2.928478E+3	6.918694E+3	-1.069155E+4	8.155679E+3	-1.724253E+4
9.619000E+1	-5.417107E+0	2.390627E+0	-5.416679E+0	1.990285E-1	2.378153E+3	-1.870527E+3	4.651383E+3	-2.928192E+3	6.920407E+3	-1.069127E+4	8.158816E+3	-1.724139E+4
9.620000E+1	-5.427948E+0	2.436142E+0	-5.427520E+0	1.989178E-1	2.378789E+3	-1.870010E+3	4.652019E+3	-2.927664E+3	6.921796E+3	-1.069134E+4	8.161066E+3	-1.724070E+4
9.621000E+1	-5.438027E+0	2.550334E+0	-5.437599E+0	1.988150E-1	2.379088E+3	-1.870010E+3	4.652318E+3	-2.926767E+3	6.922693E+3	-1.069194E+4	8.161963E+3	-1.724070E+4
9.622000E+1	-5.447260E+0	2.512405E+0	-5.446832E+0	1.987208E-1	2.379387E+3	-1.870010E+3	4.652617E+3	-2.925869E+3	6.923591E+3	-1.069253E+4	8.162861E+3	-1.724070E+4
9.623000E+1	-5.455767E+0	2.491056E+0	-5.455339E+0	1.986340E-1	2.379686E+3	-1.870010E+3	4.652916E+3	-2.924971E+3	6.924489E+3	-1.069313E+4	8.163759E+3	-1.724070E+4
9.624000E+1	-5.464372E+0	2.446595E+0	-5.463944E+0	1.985462E-1	2.379985E+3	-1.870010E+3	4.653215E+3	-2.924074E+3	6.925386E+3	-1.069373E+4	8.164656E+3	-1.724070E+4
9.625000E+1	-5.472529E+0	2.507919E+0	-5.472101E+0	1.984629E-1	2.380285E+3	-1.870010E+3	4.653515E+3	-2.923176E+3	6.926284E+3	-1.069433E+4	8.165554E+3	-1.724070E+4
9.626000E+1	-5.480431E+0	2.518807E+0	-5.480003E+0	1.983823E-1	2.380322E+3	-1.870208E+3	4.653849E+3	-2.922470E+3	6.927188E+3	-1.069470E+4	8.166556E+3	-1.724060E+4
9.627000E+1	-5.489425E+0	2.402848E+0	-5.488997E+0	1.982905E-1	2.379395E+3	-1.871135E+3	4.654313E+3	-2.922470E+3	6.928115E+3	-1.069422E+4	8.167948E+3	-1.724015E+4
9.628000E+1	-5.498746E+0	2.404956E+0	-5.498318E+0	1.981954E-1	2.378467E+3	-1.872063E+3	4.654776E+3	-2.922470E+3	6.929043E+3	-1.069375E+4	8.169339E+3	-1.723970E+4
9.629000E+1	-5.508815E+0	2.509766E+0	-5.508387E+0	1.980927E-1	2.377540E+3	-1.872990E+3	4.655240E+3	-2.922470E+3	6.929970E+3	-1.069327E+4	8.170730E+3	-1.723925E+4
9.630000E+1	-5.520035E+0	2.594873E+0	-5.519607E+0	1.979782E-1	2.378480E+3	-1.874540E+3	4.656430E+3	-2.922470E+3	6.933181E+3	-1.069124E+4	8.173470E+3	-1.723805E+4
9.631000E+1	-5.531445E+0	2.480056E+0	-5.531017E+0	1.978617E-1	2.380684E+3	-1.875396E+3	4.657614E+3	-2.922306E+3	6.937059E+3	-1.068920E+4	8.176002E+3	-1.723651E+4
9.632000E+1	-5.543976E+0	2.334064E+0	-5.543548E+0	1.977339E-1	2.380910E+3	-1.875170E+3	4.657840E+3	-2.922080E+3	6.938189E+3	-1.068920E+4	8.176681E+3	-1.723584E+4
9.633000E+1	-5.556894E+0	2.469369E+0	-5.556466E+0	1.976021E-1	2.381136E+3	-1.874944E+3	4.658066E+3	-2.921854E+3	6.939319E+3	-1.068920E+4	8.177359E+3	-1.723517E+4
9.634000E+1	-5.569130E+0	2.501138E+0	-5.568702E+0	1.974772E-1	2.381363E+3	-1.874717E+3	4.658293E+3	-2.921627E+3	6.940449E+3	-1.068920E+4	8.178038E+3	-1.723449E+4
9.635000E+1	-5.579991E+0	2.423603E+0	-5.579563E+0	1.973664E-1	2.381589E+3	-1.874491E+3	4.658519E+3	-2.921401E+3	6.941579E+3	-1.068920E+4	8.178717E+3	-1.723382E+4
9.636000E+1	-5.589871E+0	2.396973E+0	-5.589443E+0	1.972656E-1	2.381815E+3	-1.874265E+3	4.658745E+3	-2.921175E+3	6.942708E+3	-1.068920E+4	8.179395E+3	-1.723315E+4
9.637000E+1	-5.600597E+0	2.408384E+0	-5.600169E+0	1.971561E-1	2.382041E+3	-1.874039E+3	4.658971E+3	-2.920949E+3	6.943838E+3	-1.068920E+4	8.180074E+3	-1.723248E+4
9.638000E+1	-5.611362E+0	2.536413E+0	-5.610934E+0	1.970463E-1	2.382268E+3	-1.873812E+3	4.659198E+3	-2.920722E+3	6.944968E+3	-1.068920E+4	8.180753E+3	-1.723180E+4
9.639000E+1	-5.621214E+0	2.490733E+0	-5.620786E+0	1.969457E-1	2.387690E+3	-1.876950E+3	4.661380E+3	-2.918540E+3	6.955651E+3	-1.068550E+4	8.193772E+3	-1.722734E+4
9.640000E+1	-5.630730E+0	2.465111E+0	-5.630302E+0	1.968486E-1	2.387175E+3	-1.875920E+3	4.661895E+3	-2.918025E+3	6.957710E+3	-1.068550E+4	8.197375E+3	-1.722631E+4
9.641000E+1	-5.640307E+0	2.399016E+0	-5.639879E+0	1.967509E-1	2.386660E+3	-1.874890E+3	4.662410E+3	-2.917510E+3	6.959769E+3	-1.068550E+4	8.200979E+3	-1.722528E+4
9.642000E+1	-5.651023E+0	2.453740E+0	-5.650595E+0	1.966416E-1	2.386145E+3	-1.873861E+3	4.662925E+3	-2.916995E+3	6.961829E+3	-1.068550E+4	8.204582E+3	-1.722425E+4
9.643000E+1	-5.661841E+0	2.527074E+0	-5.661413E+0	1.965312E-1	2.386457E+3	-1.873323E+3	4.663387E+3	-2.916533E+3	6.962517E+3	-1.068627E+4	8.205110E+3	-1.722410E+4
9.644000E+1	-5.671941E+0	2.406160E+0	-5.671513E+0	1.964281E-1	2.386909E+3	-1.872871E+3	4.663839E+3	-2.916081E+3	6.962969E+3	-1.068718E+4	8.205110E+3	-1.722410E+4
9.645000E+1	-5.681986E+0	2.338836E+0	-5.681558E+0	1.963256E-1	2.387362E+3	-1.872418E+3	4.664292E+3	-2.915628E+3	6.963422E+3	-1.068808E+4	8.205110E+3	-1.722410E+4
9.646000E+1	-5.691401E+0	2.490962E+0	-5.690973E+0	1.962295E-1	2.387815E+3	-1.871965E+3	4.664745E+3	-2.915175E+3	6.963875E+3	-1.068899E+4	8.205110E+3	-1.722410E+4
9.647000E+1	-5.700506E+0	2.530151E+0	-5.700078E+0	1.961366E-1	2.387327E+3	-1.872453E+3	4.664850E+3	-2.914773E+3	6.963980E+3	-1.068891E+4	8.205702E+3	-1.722439E+4
9.648000E+1	-5.710939E+0	2.523517E+0	-5.710511E+0	1.960302E-1	2.386554E+3	-1.873226E+3	4.664850E+3	-2.914387E+3	6.963980E+3	-1.068854E+4	8.206473E+3	-1.722476E+4
9.649000E+1	-5.722207E+0	2.379367E+0	-5.721778E+0	1.959152E-1	2.385781E+3	-1.873999E+3	4.664850E+3	-2.914000E+3	6.963980E+3	-1.068816E+4	8.207243E+3	-1.722514E+4
9.650000E+1	-5.733412E+0	2.474261E+0	-5.732984E+0	1.958009E-1	2.385008E+3	-1.874772E+3	4.664850E+3	-2.913614E+3	6.963980E+3	-1.068778E+4	8.208014E+3	-1.722552E+4
9.651000E+1	-5.744680E+0	2.589289E+0	-5.744252E+0	1.956859E-1	2.384235E+3	-1.875545E+3	4.664850E+3	-2.913227E+3	6.963980E+3	-1.068741E+4	8.208785E+3	-1.722589E+4
9.652000E+1	-5.756231E+0	2.506845E+0	-5.755803E+0	1.955680E-1	2.385290E+3	-1.875560E+3	4.663780E+3	-2.913755E+3	6.965050E+3	-1.068685E+4	8.208800E+3	-1.722538E+4
9.653000E+1	-5.768190E+0	2.432812E+0	-5.767762E+0	1.954460E-1	2.386381E+3	-1.875560E+3	4.662689E+3	-2.914301E+3	6.966141E+3	-1.068629E+4	8.208800E+3	-1.722485E+4
9.654000E+1	-5.779665E+0	2.413671E+0	-5.779237E+0	1.953289E-1	2.387472E+3	-1.875560E+3	4.661598E+3	-2.914846E+3	6.967232E+3	-1.068573E+4	8.208800E+3	-1.722432E+4
9.655000E+1	-5.791324E+0	2.518228E+0	-5.790896E+0	1.952099E-1	2.387920E+3	-1.875560E+3	4.661615E+3	-2.915303E+3	6.967913E+3	-1.068574E+4	8.208569E+3	-1.722386E+4
9.656000E+1	-5.802496E+0	2.540138E+0	-5.802068E+0	1.950959E-1	2.387920E+3	-1.875560E+3	4.662405E+3	-2.915697E+3	6.968307E+3	-1.068614E+4	8.208176E+3	-1.722346E+4
9.657000E+1	-5.812063E+0	2.440617E+0	-5.811635E+0	1.949983E-1	2.387920E+3	-1.875560E+3	4.663194E+3	-2.916092E+3	6.968702E+3	-1.068655E+4	8.207783E+3	-1.722305E+4
9.658000E+1	-5.820824E+0	2.448446E+0	-5.820396E+0	1.949089E-1	2.387920E+3	-1.875560E+3	4.663984E+3	-2.916487E+3	6.969097E+3	-1.068696E+4	8.207391E+3	-1.722264E+4
9.659000E+1	-5.829520E+0	2.515390E+0	-5.829092E+0	1.948202E-1	2.387920E+3	-1.875560E+3	4.664773E+3	-2.916881E+3	6.969491E+3	-1.068736E+4	8.206998E+3	-1.722224E+4
9.660000E+1	-5.838230E+0	2.497000E+0	-5.837801E+0	1.947313E-1	2.387920E+3	-1.876559E+3	4.665100E+3	-2.916670E+3	6.970279E+3	-1.068690E+4	8.208208E+3	-1.722220E+4
9.661000E+1	-5.847218E+0	2.430423E+0	-5.846790E+0	1.946396E-1	2.387920E+3	-1.877667E+3	4.665377E+3	-2.916393E+3	6.971110E+3	-1.068635E+4	8.209590E+3	-1.722220E+4
9.662000E+1	-5.856628E+0	2.306581E+0	-5.856200E+0	1.945436E-1	2.387920E+3	-1.878774E+3	4.665654E+3	-2.916116E+3	6.971941E+3	-1.068579E+4	8.210973E+3	-1.722220E+4
9.663000E+1	-5.866506E+0	2.476866E+0	-5.866078E+0	1.944428E-1	2.387920E+3	-1.879881E+3	4.665930E+3	-2.915840E+3	6.972771E+3	-1.068524E+4	8.212356E+3	-1.722220E+4
9.664000E+1	-5.876385E+0	2.509099E+0	-5.875957E+0	1.943420E-1	2.387920E+3	-1.880989E+3	4.666207E+3	-2.915563E+3	6.973602E+3	-1.068469E+4	8.213739E+3	-1.722220E+4
9.665000E+1	-5.886122E+0	2.437311E+0	-5.885694E+0	1.942426E-1	2.387920E+3	-1.882096E+3	4.666484E+3	-2.915286E+3	6.974432E+3	-1.068413E+4	8.215122E+3	-1.722220E+4
9.666000E+1	-5.895201E+0	2.385206E+0	-5.894773E+0	1.941500E-1	2.388036E+3	-1.882727E+3	4.666817E+3	-2.914953E+3	6.975313E+3	-1.068370E+4	8.216667E+3	-1.722209E+4
9.667000E+1	-5.905357E+0	2.452538E+0	-5.904929E+0	1.940463E-1	2.388563E+3	-1.881667E+3	4.667347E+3	-2.914423E+3	6.976373E+3	-1.068370E+4	8.218787E+3	-1.722157E+4
9.668000E+1	-5.915216E+0	2.556198E+0	-5.914788E+0	1.939457E-1	2.389090E+3	-1.880607E+3	4.667877E+3	-2.913893E+3	6.977433E+3	-1.068370E+4	8.220907E+3	-1.722106E+4
9.669000E+1	-5.924605E+0	2.459330E+0	-5.924177E+0	1.938499E-1	2.389617E+3	-1.879547E+3	4.668407E+3	-2.913363E+3	6.978493E+3	-1.068370E+4	8.223027E+3	-1.722054E+4
9.670000E+1	-5.933945E+0	2.369497E+0	-5.933517E+0	1.937546E-1	2.389614E+3	-1.878966E+3	4.668403E+3	-2.913073E+3	6.978780E+3	-1.068414E+4	8.223453E+3	-1.722040E+4
9.671000E+1	-5.943807E+0	2.422243E+0	-5.943379E+0	1.936540E-1	2.389413E+3	-1.878563E+3	4.668201E+3	-2.912871E+3	6.978780E+3	-1.068474E+4	8.223251E+3	-1.722040E+4
9.672000E+1	-5.954284E+0	2.470254E+0	-5.953856E+0	1.935471E-1	2.389213E+3	-1.878159E+3	4.668000E+3	-2.912670E+3	6.978780E+3	-1.068534E+4	8.223050E+3	-1.722040E+4
9.673000E+1	-5.964629E+0	2.541587E+0	-5.964201E+0	1.934415E-1	2.389012E+3	-1.877756E+3	4.667798E+3	-2.912468E+3	6.978780E+3	-1.068594E+4	8.222848E+3	-1.722040E+4
9.674000E+1	-5.974748E+0	2.410618E+0	-5.974320E+0	1.933382E-1	2.388812E+3	-1.877353E+3	4.667596E+3	-2.912266E+3	6.978780E+3	-1.068653E+4	8.222646E+3	-1.722040E+4
9.675000E+1	-5.984666E+0	2.401463E+0	-5.984238E+0	1.932370E-1	2.388611E+3	-1.876950E+3	4.667395E+3	-2.912065E+3	6.978780E+3	-1.068713E+4	8.222445E+3	-1.722040E+4
9.676000E+1	-5.995360E+0	2.512319E+0	-5.994931E+0	1.931279E-1	2.388411E+3	-1.876546E+3	4.667193E+3	-2.911863E+3	6.978780E+3	-1.068773E+4	8.222243E+3	-1.722040E+4
9.677000E+1	-6.006211E+0	2.484638E+0	-6.005783E+0	1.930172E-1	2.388210E+3	-1.876143E+3	4.666992E+3	-2.911662E+3	6.978780E+3	-1.068833E+4	8.222042E+3	-1.722040E+4
9.678000E+1	-6.016316E+0	2.460311E+0	-6.015888E+0	1.929141E-1	2.388009E+3	-1.875740E+3	4.666790E+3	-2.911460E+3	6.978780E+3	-1.068893E+4	8.221840E+3	-1.722040E+4
9.679000E+1	-6.026302E+0	2.315931E+0	-6.025874E+0	1.928122E-1	2.387663E+3	-1.876330E+3	4.666957E+3	-2.911627E+3	6.979037E+3	-1.068895E+4	8.222520E+3	-1.722065E+4
9.680000E+1	-6.036227E+0	2.435283E+0	-6.035799E+0	1.927109E-1	2.387200E+3	-1.877720E+3	4.667420E+3	-2.912090E+3	6.979500E+3	-1.068850E+4	8.223910E+3	-1.722110E+4
9.681000E+1	-6.045868E+0	2.569100E+0	-6.045440E+0	1.926125E-1	2.386737E+3	-1.879110E+3	4.667883E+3	-2.912553E+3	6.979963E+3	-1.068805E+4	8.225300E+3	-1.722155E+4
9.682000E+1	-6.055585E+0	2.445192E+0	-6.055157E+0	1.925134E-1	2.386273E+3	-1.880500E+3	4.668347E+3	-2.913017E+3	6.980427E+3	-1.068760E+4	8.226690E+3	-1.722200E+4
9.683000E+1	-6.066172E+0	2.451100E+0	-6.065744E+0	1.924054E-1	2.388816E+3	-1.882911E+3	4.667601E+3	-2.916019E+3	6.983429E+3	-1.068648E+4	8.224501E+3	-1.721758E+4
9.684000E+1	-6.076499E+0	2.451249E+0	-6.076071E+0	1.923000E-1	2.388313E+3	-1.880913E+3	4.666897E+3	-2.916329E+3	6.984921E+3	-1.068701E+4	8.224782E+3	-1.721650E+4
9.685000E+1	-6.086246E+0	2.525900E+0	-6.085818E+0	1.922005E-1	2.389154E+3	-1.880491E+3	4.667319E+3	-2.915064E+3	6.986186E+3	-1.068616E+4	8.227312E+3	-1.721606E+4
9.686000E+1	-6.096076E+0	2.478533E+0	-6.095648E+0	1.921002E-1	2.389995E+3	-1.880070E+3	4.667740E+3	-2.913799E+3	6.987451E+3	-1.068532E+4	8.229842E+3	-1.721563E+4
9.687000E+1	-6.105471E+0	2.406267E+0	-6.105043E+0	1.920043E-1	2.390836E+3	-1.879648E+3	4.668162E+3	-2.912534E+3	6.988716E+3	-1.068448E+4	8.232371E+3	-1.721520E+4
9.688000E+1	-6.115053E+0	2.393885E+0	-6.114624E+0	1.919066E-1	2.391621E+3	-1.879249E+3	4.668561E+3	-2.911359E+3	6.989891E+3	-1.068372E+4	8.234711E+3	-1.721480E+4
9.689000E+1	-6.124620E+0	2.470431E+0	-6.124192E+0	1.918089E-1	2.391765E+3	-1.879105E+3	4.668705E+3	-2.911215E+3	6.990035E+3	-1.068401E+4	8.234855E+3	-1.721480E+4
9.690000E+1	-6.134391E+0	2.472768E+0	-6.133963E+0	1.917092E-1	2.391909E+3	-1.878961E+3	4.668849E+3	-2.911071E+3	6.990179E+3	-1.068430E+4	8.234999E+3	-1.721480E+4
9.691000E+1	-6.144076E+0	2.449772E+0	-6.143648E+0	1.916104E-1	2.392053E+3	-1.878817E+3	4.668993E+3	-2.910927E+3	6.990323E+3	-1.068459E+4	8.235143E+3	-1.721480E+4
9.692000E+1	-6.153776E+0	2.362356E+0	-6.153348E+0	1.915114E-1	2.392197E+3	-1.878673E+3	4.669137E+3	-2.910783E+3	6.990467E+3	-1.068487E+4	8.235287E+3	-1.721480E+4
9.693000E+1	-6.163796E+0	2.467595E+0	-6.163368E+0	1.914092E-1	2.392340E+3	-1.878530E+3	4.669280E+3	-2.910640E+3	6.990610E+3	-1.068516E+4	8.235430E+3	-1.721480E+4
9.694000E+1	-6.174348E+0	2.460977E+0	-6.173920E+0	1.913015E-1	2.392484E+3	-1.878386E+3	4.669424E+3	-2.910496E+3	6.990754E+3	-1.068545E+4	8.235574E+3	-1.721480E+4
9.695000E+1	-6.184569E+0	2.471817E+0	-6.184141E+0	1.911972E-1	2.392628E+3	-1.878242E+3	4.669568E+3	-2.910352E+3	6.990898E+3	-1.068574E+4	8.235718E+3	-1.721480E+4
9.696000E+1	-6.194398E+0	2.393998E+0	-6.193970E+0	1.910969E-1	2.392772E+3	-1.878098E+3	4.669712E+3	-2.910208E+3	6.991042E+3	-1.068602E+4	8.235862E+3	-1.721480E+4
9.697000E+1	-6.205217E+0	2.423530E+0	-6.204789E+0	1.909865E-1	2.392916E+3	-1.877954E+3	4.669856E+3	-2.910064E+3	6.991186E+3	-1.068631E+4	8.236006E+3	-1.721480E+4
9.698000E+1	-6.215876E+0	2.504204E+0	-6.215448E+0	1.908778E-1	2.393059E+3	-1.877811E+3	4.669999E+3	-2.909921E+3	6.991329E+3	-1.068660E+4	8.236149E+3	-1.721480E+4
9.699000E+1	-6.225505E+0	2.436935E+0	-6.225077E+0	1.907795E-1	2.393203E+3	-1.877667E+3	4.670143E+3	-2.909777E+3	6.991473E+3	-1.068689E+4	8.236293E+3	-1.721480E+4
9.700000E+1	-6.235866E+0	2.370313E+0	-6.235438E+0	1.906738E-1	2.393347E+3	-1.877523E+3	4.670287E+3	-2.909633E+3	6.991617E+3	-1.068717E+4	8.236437E+3	-1.721480E+4
9.701000E+1	-6.246383E+0	2.395765E+0	-6.245955E+0	1.905665E-1	2.391610E+3	-1.881254E+3	4.670400E+3	-2.909520E+3	6.997424E+3	-1.068550E+4	8.243878E+3	-1.721656E+4
9.702000E+1	-6.257088E+0	2.457112E+0	-6.256659E+0	1.904572E-1	2.391610E+3	-1.881929E+3	4.670400E+3	-2.909520E+3	6.998096E+3	-1.068550E+4	8.243541E+3	-1.721588E+4
9.703000E+1	-6.268447E+0	2.531645E+0	-6.268019E+0	1.903413E-1	2.391610E+3	-1.882603E+3	4.670400E+3	-2.909520E+3	6.998769E+3	-1.068550E+4	8.243203E+3	-1.721521E+4
9.704000E+1	-6.279144E+0	2.387478E+0	-6.278716E+0	1.902322E-1	2.391610E+3	-1.883278E+3	4.670400E+3	-2.909520E+3	6.999442E+3	-1.068550E+4	8.242866E+3	-1.721453E+4
9.705000E+1	-6.289692E+0	2.333114E+0	-6.289263E+0	1.901245E-1	2.391610E+3	-1.883952E+3	4.670400E+3	-2.909520E+3	7.000115E+3	-1.068550E+4	8.242529E+3	-1.721386E+4
9.706000E+1	-6.300560E+0	2.477197E+0	-6.300132E+0	1.900136E-1	2.391610E+3	-1.884627E+3	4.670400E+3	-2.909520E+3	7.000787E+3	-1.068550E+4	8.242192E+3	-1.721318E+4
9.707000E+1	-6.311003E+0	2.476993E+0	-6.310575E+0	1.899071E-1	2.391610E+3	-1.885373E+3	4.670963E+3	-2.910083E+3	7.002659E+3	-1.068495E+4	8.243789E+3	-1.721187E+4
9.708000E+1	-6.320653E+0	2.486824E+0	-6.320225E+0	1.898086E-1	2.391610E+3	-1.886146E+3	4.671736E+3	-2.910856E+3	7.004978E+3	-1.068420E+4	8.246108E+3	-1.721033E+4
9.709000E+1	-6.330233E+0	2.374734E+0	-6.329805E+0	1.897108E-1	2.391804E+3	-1.886272E+3	4.672444E+3	-2.910982E+3	7.006908E+3	-1.068331E+4	8.248620E+3	-1.720910E+4
9.710000E+1	-6.339216E+0	2.431658E+0	-6.338788E+0	1.896192E-1	2.392384E+3	-1.885112E+3	4.673024E+3	-2.909822E+3	7.008068E+3	-1.068215E+4	8.251519E+3	-1.720851E+4
9.711000E+1	-6.348616E+0	2.494642E+0	-6.348188E+0	1.895233E-1	2.392963E+3	-1.883953E+3	4.673603E+3	-2.908663E+3	7.009227E+3	-1.068099E+4	8.254417E+3	-1.720791E+4
9.712000E+1	-6.357729E+0	2.445588E+0	-6.357301E+0	1.894303E-1	2.393571E+3	-1.882849E+3	4.674100E+3	-2.907615E+3	7.010165E+3	-1.068016E+4	8.256900E+3	-1.720746E+4
9.713000E+1	-6.366882E+0	2.408521E+0	-6.366454E+0	1.893369E-1	2.394344E+3	-1.882076E+3	4.674100E+3	-2.907228E+3	7.009778E+3	-1.068131E+4	8.256900E+3	-1.720785E+4
9.714000E+1	-6.376095E+0	2.419618E+0	-6.375667E+0	1.892429E-1	2.395117E+3	-1.881303E+3	4.674100E+3	-2.906842E+3	7.009392E+3	-1.068246E+4	8.256900E+3	-1.720825E+4
9.715000E+1	-6.385162E+0	2.523440E+0	-6.384734E+0	1.891503E-1	2.395890E+3	-1.880530E+3	4.674100E+3	-2.906455E+3	7.009005E+3	-1.068361E+4	8.256900E+3	-1.720865E+4
9.716000E+1	-6.394733E+0	2.518849E+0	-6.394305E+0	1.890527E-1	2.396662E+3	-1.879758E+3	4.674100E+3	-2.906069E+3	7.008619E+3	-1.068476E+4	8.256900E+3	-1.720904E+4
9.717000E+1	-6.405156E+0	2.438067E+0	-6.404727E+0	1.889463E-1	2.396541E+3	-1.879054E+3	4.674306E+3	-2.905614E+3	7.008164E+3	-1.068571E+4	8.256694E+3	-1.720950E+4
9.718000E+1	-6.416072E+0	2.449006E+0	-6.415644E+0	1.888349E-1	2.394802E+3	-1.878474E+3	4.674886E+3	-2.905034E+3	7.007584E+3	-1.068631E+4	8.256114E+3	-1.721006E+4
9.719000E+1	-6.426172E+0	2.461008E+0	-6.425744E+0	1.887319E-1	2.393063E+3	-1.877894E+3	4.675466E+3	-2.904454E+3	7.007004E+3	-1.068690E+4	8.255534E+3	-1.721063E+4
9.720000E+1	-6.435707E+0	2.495339E+0	-6.435279E+0	1.886346E-1	2.391546E+3	-1.877537E+3	4.675823E+3	-2.904097E+3	7.006456E+3	-1.068733E+4	8.255050E+3	-1.721117E+4
9.721000E+1	-6.445396E+0	2.436301E+0	-6.444968E+0	1.885357E-1	2.391160E+3	-1.878310E+3	4.675050E+3	-2.904870E+3	7.006070E+3	-1.068694E+4	8.255050E+3	-1.721156E+4
9.722000E+1	-6.454658E+0	2.333106E+0	-6.454230E+0	1.884412E-1	2.390773E+3	-1.879083E+3	4.674277E+3	-2.905643E+3	7.005683E+3	-1.068654E+4	8.255050E+3	-1.721196E+4
9.723000E+1	-6.463566E+0	2.483380E+0	-6.463138E+0	1.883503E-1	2.390387E+3	-1.879856E+3	4.673504E+3	-2.906416E+3	7.005297E+3	-1.068614E+4	8.255050E+3	-1.721236E+4
9.724000E+1	-6.472907E+0	2.464915E+0	-6.472479E+0	1.882550E-1	2.390001E+3	-1.880629E+3	4.672731E+3	-2.907189E+3	7.004911E+3	-1.068575E+4	8.255050E+3	-1.721275E+4
9.725000E+1	-6.482174E+0	2.385117E+0	-6.481746E+0	1.881604E-1	2.389921E+3	-1.881110E+3	4.672250E+3	-2.907750E+3	7.004670E+3	-1.068558E+4	8.254728E+3	-1.721300E+4
9.726000E+1	-6.491726E+0	2.352883E+0	-6.491298E+0	1.880630E-1	2.390347E+3	-1.881110E+3	4.672250E+3	-2.907964E+3	7.004670E+3	-1.068580E+4	8.253875E+3	-1.721300E+4
9.727000E+1	-6.501162E+0	2.399066E+0	-6.500734E+0	1.879667E-1	2.390774E+3	-1.881110E+3	4.672250E+3	-2.908177E+3	7.004670E+3	-1.068602E+4	8.253022E+3	-1.721300E+4
9.728000E+1	-6.510496E+0	2.535903E+0	-6.510068E+0	1.878714E-1	2.391200E+3	-1.881110E+3	4.672250E+3	-2.908390E+3	7.004670E+3	-1.068624E+4	8.252170E+3	-1.721300E+4
9.729000E+1	-6.520433E+0	2.424593E+0	-6.520005E+0	1.877700E-1	2.391627E+3	-1.881110E+3	4.672250E+3	-2.908603E+3	7.004670E+3	-1.068646E+4	8.251317E+3	-1.721300E+4
9.730000E+1	-6.530697E+0	2.370501E+0	-6.530269E+0	1.876653E-1	2.392053E+3	-1.881110E+3	4.672250E+3	-2.908817E+3	7.004670E+3	-1.068668E+4	8.250464E+3	-1.721300E+4
9.731000E+1	-6.541535E+0	2.394390E+0	-6.541107E+0	1.875547E-1	2.392480E+3	-1.881110E+3	4.672250E+3	-2.909030E+3	7.004670E+3	-1.068690E+4	8.249611E+3	-1.721300E+4
9.732000E+1	-6.552969E+0	2.494549E+0	-6.552541E+0	1.874380E-1	2.392906E+3	-1.881110E+3	4.672250E+3	-2.909243E+3	7.004670E+3	-1.068712E+4	8.248758E+3	-1.721300E+4
9.733000E+1	-6.563922E+0	2.510674E+0	-6.563494E+0	1.873263E-1	2.393332E+3	-1.881110E+3	4.672250E+3	-2.909456E+3	7.004670E+3	-1.068733E+4	8.247905E+3	-1.721300E+4
9.734000E+1	-6.573807E+0	2.392725E+0	-6.573379E+0	1.872254E-1	2.393460E+3	-1.881110E+3	4.672250E+3	-2.909611E+3	7.004761E+3	-1.068731E+4	8.247650E+3	-1.721291E+4
9.735000E+1	-6.583831E+0	2.334469E+0	-6.583403E+0	1.871231E-1	2.393460E+3	-1.881110E+3	4.672250E+3	-2.909741E+3	7.004891E+3	-1.068717E+4	8.247650E+3	-1.721277E+4
9.736000E+1	-6.593356E+0	2.436790E+0	-6.592928E+0	1.870259E-1	2.393460E+3	-1.881110E+3	4.672250E+3	-2.909870E+3	7.005020E+3	-1.068704E+4	8.247650E+3	-1.721264E+4
9.737000E+1	-6.602351E+0	2.426569E+0	-6.601923E+0	1.869341E-1	2.393460E+3	-1.881110E+3	4.672250E+3	-2.910000E+3	7.005150E+3	-1.068691E+4	8.247650E+3	-1.721251E+4
9.738000E+1	-6.611013E+0	2.455850E+0	-6.610585E+0	1.868457E-1	2.393460E+3	-1.881110E+3	4.672250E+3	-2.910130E+3	7.005280E+3	-1.068677E+4	8.247650E+3	-1.721237E+4
9.739000E+1	-6.619849E+0	2.311899E+0	-6.619421E+0	1.867556E-1	2.393460E+3	-1.881110E+3	4.672250E+3	-2.910259E+3	7.005409E+3	-1.068664E+4	8.247650E+3	-1.721224E+4
9.740000E+1	-6.628709E+0	2.457132E+0	-6.628280E+0	1.866652E-1	2.393460E+3	-1.881110E+3	4.672250E+3	-2.910389E+3	7.005539E+3	-1.068651E+4	8.247650E+3	-1.721211E+4
9.741000E+1	-6.637796E+0	2.524784E+0	-6.637368E+0	1.865724E-1	2.393460E+3	-1.881110E+3	4.672250E+3	-2.910519E+3	7.005669E+3	-1.068637E+4	8.247650E+3	-1.721197E+4
9.742000E+1	-6.648015E+0	2.422930E+0	-6.647587E+0	1.864682E-1	2.393460E+3	-1.881110E+3	4.672250E+3	-2.910648E+3	7.005798E+3	-1.068624E+4	8.247650E+3	-1.721184E+4
9.743000E+1	-6.658037E+0	2.385494E+0	-6.657609E+0	1.863659E-1	2.393460E+3	-1.881110E+3	4.672250E+3	-2.910778E+3	7.005928E+3	-1.068611E+4	8.247650E+3	-1.721171E+4
9.744000E+1	-6.667919E+0	2.372709E+0	-6.667491E+0	1.862651E-1	2.393460E+3	-1.881110E+3	4.672250E+3	-2.910908E+3	7.006058E+3	-1.068597E+4	8.247650E+3	-1.721157E+4
9.745000E+1	-6.677602E+0	2.429358E+0	-6.677174E+0	1.861663E-1	2.393460E+3	-1.881110E+3	4.672250E+3	-2.911037E+3	7.006187E+3	-1.068584E+4	8.247650E+3	-1.721144E+4
9.746000E+1	-6.686809E+0	2.479992E+0	-6.686381E+0	1.860723E-1	2.393460E+3	-1.881110E+3	4.672250E+3	-2.911167E+3	7.006317E+3	-1.068571E+4	8.247650E+3	-1.721131E+4
9.747000E+1	-6.696160E+0	2.295580E+0	-6.695732E+0	1.859769E-1	2.393460E+3	-1.881110E+3	4.672250E+3	-2.911297E+3	7.006447E+3	-1.068558E+4	8.247650E+3	-1.721118E+4
9.748000E+1	-6.706399E+0	2.312850E+0	-6.705971E+0	1.858724E-1	2.391710E+3	-1.877809E+3	4.675850E+3	-2.904070E+3	7.012170E+3	-1.068900E+4	8.262540E+3	-1.721110E+4
9.749000E+1	-6.718023E+0	2.374830E+0	-6.717595E+0	1.857538E-1	2.391939E+3	-1.878726E+3	4.675621E+3	-2.904299E+3	7.012399E+3	-1.068854E+4	8.262769E+3	-1.721110E+4
9.750000E+1	-6.729036E+0	2.409010E+0	-6.728608E+0	1.856414E-1	2.392168E+3	-1.879642E+3	4.675392E+3	-2.904528E+3	7.012628E+3	-1.068808E+4	8.262998E+3	-1.721110E+4
9.751000E+1	-6.740770E+0	2.377760E+0	-6.740342E+0	1.855217E-1	2.392397E+3	-1.880558E+3	4.675163E+3	-2.904757E+3	7.012857E+3	-1.068763E+4	8.263227E+3	-1.721110E+4
9.752000E+1	-6.752631E+0	2.263376E+0	-6.752203E+0	1.854007E-1	2.392626E+3	-1.881475E+3	4.674934E+3	-2.904986E+3	7.013086E+3	-1.068717E+4	8.263456E+3	-1.721110E+4
9.753000E+1	-6.763441E+0	2.397487E+0	-6.763013E+0	1.852904E-1	2.392855E+3	-1.882391E+3	4.674705E+3	-2.905215E+3	7.013315E+3	-1.068671E+4	8.263685E+3	-1.721110E+4
9.754000E+1	-6.772751E+0	2.467731E+0	-6.772323E+0	1.851954E-1	2.393084E+3	-1.883307E+3	4.674476E+3	-2.905444E+3	7.013544E+3	-1.068625E+4	8.263914E+3	-1.721110E+4
9.755000E+1	-6.781950E+0	2.438008E+0	-6.781522E+0	1.851015E-1	2.393313E+3	-1.884224E+3	4.674247E+3	-2.905673E+3	7.013773E+3	-1.068579E+4	8.264143E+3	-1.721110E+4
9.756000E+1	-6.791745E+0	2.337440E+0	-6.791317E+0	1.850015E-1	2.393569E+3	-1.884810E+3	4.674100E+3	-2.905874E+3	7.014029E+3	-1.068550E+4	8.264236E+3	-1.721099E+4
9.757000E+1	-6.801329E+0	2.387457E+0	-6.800901E+0	1.849037E-1	2.393870E+3	-1.884810E+3	4.674100E+3	-2.906025E+3	7.014330E+3	-1.068550E+4	8.264085E+3	-1.721069E+4
9.758000E+1	-6.810918E+0	2.521173E+0	-6.810490E+0	1.848059E-1	2.394172E+3	-1.884810E+3	4.674100E+3	-2.906176E+3	7.014632E+3	-1.068550E+4	8.263934E+3	-1.721039E+4
9.759000E+1	-6.820475E+0	2.396872E+0	-6.820047E+0	1.847084E-1	2.394474E+3	-1.884810E+3	4.674100E+3	-2.906327E+3	7.014934E+3	-1.068550E+4	8.263783E+3	-1.721009E+4
9.760000E+1	-6.830282E+0	2.326039E+0	-6.829854E+0	1.846083E-1	2.394775E+3	-1.884810E+3	4.674100E+3	-2.906478E+3	7.015235E+3	-1.068550E+4	8.263632E+3	-1.720978E+4
9.761000E+1	-6.840346E+0	2.344464E+0	-6.839918E+0	1.845056E-1	2.395077E+3	-1.884810E+3	4.674100E+3	-2.906628E+3	7.015537E+3	-1.068550E+4	8.263482E+3	-1.720948E+4
9.762000E+1	-6.849833E+0	2.445248E+0	-6.849405E+0	1.844088E-1	2.395378E+3	-1.884810E+3	4.674100E+3	-2.906779E+3	7.015838E+3	-1.068550E+4	8.263331E+3	-1.720918E+4
9.763000E+1	-6.859513E+0	2.508490E+0	-6.859085E+0	1.843100E-1	2.395680E+3	-1.884810E+3	4.674100E+3	-2.906930E+3	7.016140E+3	-1.068550E+4	8.263180E+3	-1.720888E+4
9.764000E+1	-6.869233E+0	2.395643E+0	-6.868805E+0	1.842108E-1	2.395982E+3	-1.884810E+3	4.674100E+3	-2.907081E+3	7.016442E+3	-1.068550E+4	8.263029E+3	-1.720858E+4
9.765000E+1	-6.879107E+0	2.355328E+0	-6.878679E+0	1.841101E-1	2.396283E+3	-1.884810E+3	4.674100E+3	-2.907232E+3	7.016743E+3	-1.068550E+4	8.262878E+3	-1.720828E+4
9.766000E+1	-6.889415E+0	2.483489E+0	-6.888987E+0	1.840049E-1	2.396585E+3	-1.884810E+3	4.674100E+3	-2.907382E+3	7.017045E+3	-1.068550E+4	8.262728E+3	-1.720798E+4
9.767000E+1	-6.900558E+0	2.428814E+0	-6.900130E+0	1.838912E-1	2.396886E+3	-1.884810E+3	4.674100E+3	-2.907533E+3	7.017346E+3	-1.068550E+4	8.262577E+3	-1.720767E+4
9.768000E+1	-6.912128E+0	2.394381E+0	-6.911700E+0	1.837731E-1	2.398931E+3	-1.879299E+3	4.674100E+3	-2.902081E+3	7.019549E+3	-1.069106E+4	8.269919E+3	-1.720934E+4
9.769000E+1	-6.923241E+0	2.240669E+0	-6.922813E+0	1.836597E-1	2.398089E+3	-1.879721E+3	4.674100E+3	-2.901659E+3	7.020391E+3	-1.069063E+4	8.270761E+3	-1.720975E+4
9.770000E+1	-6.933768E+0	2.414669E+0	-6.933340E+0	1.835523E-1	2.397246E+3	-1.880142E+3	4.674100E+3	-2.901238E+3	7.021234E+3	-1.069019E+4	8.271604E+3	-1.721016E+4
9.771000E+1	-6.943595E+0	2.498862E+0	-6.943167E+0	1.834521E-1	2.396404E+3	-1.880563E+3	4.674100E+3	-2.900817E+3	7.022076E+3	-1.068976E+4	8.272446E+3	-1.721057E+4
9.772000E+1	-6.953544E+0	2.372744E+0	-6.953116E+0	1.833505E-1	2.395561E+3	-1.880984E+3	4.674100E+3	-2.900396E+3	7.022919E+3	-1.068933E+4	8.273289E+3	-1.721098E+4
9.773000E+1	-6.962894E+0	2.349853E+0	-6.962466E+0	1.832551E-1	2.394717E+3	-1.881110E+3	4.673507E+3	-2.901455E+3	7.022577E+3	-1.068862E+4	8.272355E+3	-1.721110E+4
9.774000E+1	-6.971905E+0	2.350606E+0	-6.971477E+0	1.831632E-1	2.393873E+3	-1.881110E+3	4.672663E+3	-2.903144E+3	7.021733E+3	-1.068780E+4	8.270666E+3	-1.721110E+4
9.775000E+1	-6.981177E+0	2.435160E+0	-6.980749E+0	1.830686E-1	2.393197E+3	-1.880847E+3	4.671987E+3	-2.904233E+3	7.021057E+3	-1.068766E+4	8.269050E+3	-1.721084E+4
9.776000E+1	-6.990607E+0	2.395092E+0	-6.990178E+0	1.829723E-1	2.392681E+3	-1.880331E+3	4.671471E+3	-2.904749E+3	7.020541E+3	-1.068816E+4	8.267504E+3	-1.721034E+4
9.777000E+1	-6.999490E+0	2.296532E+0	-6.999062E+0	1.828817E-1	2.392166E+3	-1.879816E+3	4.670956E+3	-2.905264E+3	7.020026E+3	-1.068866E+4	8.265959E+3	-1.720984E+4
9.778000E+1	-7.008098E+0	2.370103E+0	-7.007670E+0	1.827939E-1	2.391651E+3	-1.879301E+3	4.670441E+3	-2.905779E+3	7.019511E+3	-1.068916E+4	8.264413E+3	-1.720934E+4
9.779000E+1	-7.017146E+0	2.400630E+0	-7.016718E+0	1.827015E-1	2.392017E+3	-1.879260E+3	4.670400E+3	-2.906227E+3	7.020283E+3	-1.068880E+4	8.265916E+3	-1.720888E+4
9.780000E+1	-7.026045E+0	2.395073E+0	-7.025617E+0	1.826107E-1	2.392458E+3	-1.879260E+3	4.670400E+3	-2.906668E+3	7.021166E+3	-1.068837E+4	8.267683E+3	-1.720843E+4
9.781000E+1	-7.035023E+0	2.371497E+0	-7.034595E+0	1.825191E-1	2.392900E+3	-1.879260E+3	4.670400E+3	-2.907110E+3	7.022050E+3	-1.068795E+4	8.269449E+3	-1.720798E+4
9.782000E+1	-7.044844E+0	2.281434E+0	-7.044416E+0	1.824189E-1	2.393341E+3	-1.879260E+3	4.670400E+3	-2.907551E+3	7.022933E+3	-1.068752E+4	8.271216E+3	-1.720752E+4
9.783000E+1	-7.055998E+0	2.481888E+0	-7.055570E+0	1.823051E-1	2.393884E+3	-1.879260E+3	4.670824E+3	-2.907246E+3	7.023170E+3	-1.068740E+4	8.272962E+3	-1.720784E+4
9.784000E+1	-7.067480E+0	2.427699E+0	-7.067052E+0	1.821879E-1	2.394464E+3	-1.879260E+3	4.671404E+3	-2.906666E+3	7.023170E+3	-1.068740E+4	8.274701E+3	-1.720843E+4
9.785000E+1	-7.077372E+0	2.354315E+0	-7.076944E+0	1.820870E-1	2.395044E+3	-1.879260E+3	4.671984E+3	-2.906086E+3	7.023170E+3	-1.068740E+4	8.276441E+3	-1.720903E+4
9.786000E+1	-7.086373E+0	2.264631E+0	-7.085945E+0	1.819951E-1	2.395110E+3	-1.879260E+3	4.672450E+3	-2.905820E+3	7.023370E+3	-1.068800E+4	8.277240E+3	-1.720930E+4
9.787000E+1	-7.095906E+0	2.373583E+0	-7.095478E+0	1.818979E-1	2.394739E+3	-1.879260E+3	4.672821E+3	-2.905820E+3	7.023741E+3	-1.068910E+4	8.277240E+3	-1.720930E+4
9.788000E+1	-7.106472E+0	2.436248E+0	-7.106044E+0	1.817900E-1	2.394368E+3	-1.879260E+3	4.673192E+3	-2.905820E+3	7.024112E+3	-1.069020E+4	8.277240E+3	-1.720930E+4
9.789000E+1	-7.116272E+0	2.351759E+0	-7.115844E+0	1.816900E-1	2.393997E+3	-1.879260E+3	4.673563E+3	-2.905820E+3	7.024483E+3	-1.069130E+4	8.277240E+3	-1.720930E+4
9.790000E+1	-7.124638E+0	2.320263E+0	-7.124210E+0	1.816047E-1	2.393626E+3	-1.879260E+3	4.673934E+3	-2.905820E+3	7.024854E+3	-1.069241E+4	8.277240E+3	-1.720930E+4
9.791000E+1	-7.133124E+0	2.389926E+0	-7.132696E+0	1.815181E-1	2.393460E+3	-1.879388E+3	4.674100E+3	-2.905820E+3	7.025020E+3	-1.069278E+4	8.277368E+3	-1.720942E+4
9.792000E+1	-7.142778E+0	2.415868E+0	-7.142350E+0	1.814196E-1	2.393460E+3	-1.879620E+3	4.674100E+3	-2.905820E+3	7.025020E+3	-1.069255E+4	8.277600E+3	-1.720965E+4
9.793000E+1	-7.153082E+0	2.449083E+0	-7.152654E+0	1.813144E-1	2.393460E+3	-1.879852E+3	4.674100E+3	-2.905820E+3	7.025020E+3	-1.069232E+4	8.277832E+3	-1.720988E+4
9.794000E+1	-7.163450E+0	2.252631E+0	-7.163022E+0	1.812086E-1	2.393460E+3	-1.880084E+3	4.674100E+3	-2.905820E+3	7.025020E+3	-1.069210E+4	8.278064E+3	-1.721010E+4
9.795000E+1	-7.173084E+0	2.338181E+0	-7.172656E+0	1.811103E-1	2.393460E+3	-1.880316E+3	4.674100E+3	-2.905820E+3	7.025020E+3	-1.069187E+4	8.278296E+3	-1.721033E+4
9.796000E+1	-7.182420E+0	2.509402E+0	-7.181992E+0	1.810151E-1	2.393460E+3	-1.880548E+3	4.674100E+3	-2.905820E+3	7.025020E+3	-1.069165E+4	8.278528E+3	-1.721055E+4
9.797000E+1	-7.192667E+0	2.424688E+0	-7.192239E+0	1.809105E-1	2.393460E+3	-1.880780E+3	4.674100E+3	-2.905820E+3	7.025020E+3	-1.069142E+4	8.278760E+3	-1.721078E+4
9.798000E+1	-7.203734E+0	2.348911E+0	-7.203306E+0	1.807976E-1	2.393460E+3	-1.881011E+3	4.674100E+3	-2.905820E+3	7.025020E+3	-1.069120E+4	8.278991E+3	-1.721100E+4
9.799000E+1	-7.215098E+0	2.286110E+0	-7.214670E+0	1.806816E-1	2.393665E+3	-1.881315E+3	4.674100E+3	-2.905820E+3	7.025328E+3	-1.069089E+4	8.279193E+3	-1.721089E+4
9.800000E+1	-7.226476E+0	2.412309E+0	-7.226048E+0	1.805655E-1	2.394022E+3	-1.881672E+3	4.674100E+3	-2.905820E+3	7.025863E+3	-1.069054E+4	8.279371E+3	-1.721054E+4
9.801000E+1	-7.237722E+0	2.458600E+0	-7.237294E+0	1.804508E-1	2.394378E+3	-1.882028E+3	4.674100E+3	-2.905820E+3	7.026398E+3	-1.069018E+4	8.279549E+3	-1.721018E+4
9.802000E+1	-7.248953E+0	2.324968E+0	-7.248525E+0	1.803362E-1	2.394735E+3	-1.882385E+3	4.674100E+3	-2.905820E+3	7.026933E+3	-1.068982E+4	8.279728E+3	-1.720982E+4
9.803000E+1	-7.259306E+0	2.315885E+0	-7.258878E+0	1.802305E-1	2.395092E+3	-1.882742E+3	4.674100E+3	-2.905820E+3	7.027468E+3	-1.068947E+4	8.279906E+3	-1.720947E+4
9.804000E+1	-7.269911E+0	2.384669E+0	-7.269483E+0	1.801223E-1	2.395449E+3	-1.883099E+3	4.674100E+3	-2.905820E+3	7.028003E+3	-1.068911E+4	8.280084E+3	-1.720911E+4
9.805000E+1	-7.280388E+0	2.519052E+0	-7.279960E+0	1.800154E-1	2.395805E+3	-1.883455E+3	4.674100E+3	-2.905820E+3	7.028538E+3	-1.068875E+4	8.280263E+3	-1.720875E+4
9.806000E+1	-7.290017E+0	2.419199E+0	-7.289589E+0	1.799171E-1	2.396162E+3	-1.883812E+3	4.674100E+3	-2.905820E+3	7.029073E+3	-1.068840E+4	8.280441E+3	-1.720840E+4
9.807000E+1	-7.299610E+0	2.335280E+0	-7.299182E+0	1.798192E-1	2.396519E+3	-1.884169E+3	4.674100E+3	-2.905820E+3	7.029608E+3	-1.068804E+4	8.280619E+3	-1.720804E+4
9.808000E+1	-7.309300E+0	2.460870E+0	-7.308872E+0	1.797204E-1	2.396876E+3	-1.884526E+3	4.674100E+3	-2.905820E+3	7.030143E+3	-1.068768E+4	8.280798E+3	-1.720768E+4
9.809000E+1	-7.318764E+0	2.500350E+0	-7.318336E+0	1.796238E-1	2.396220E+3	-1.884340E+3	4.674570E+3	-2.905350E+3	7.032450E+3	-1.068740E+4	8.281880E+3	-1.720646E+4
9.810000E+1	-7.327916E+0	2.431869E+0	-7.327488E+0	1.795304E-1	2.397236E+3	-1.886584E+3	4.677800E+3	-2.902120E+3	7.041632E+3	-1.068558E+4	8.293928E+3	-1.720194E+4
9.811000E+1	-7.337186E+0	2.368101E+0	-7.336758E+0	1.794358E-1	2.397423E+3	-1.886397E+3	4.677800E+3	-2.902120E+3	7.041538E+3	-1.068576E+4	8.294022E+3	-1.720203E+4
9.812000E+1	-7.346363E+0	2.330257E+0	-7.345935E+0	1.793422E-1	2.397611E+3	-1.886209E+3	4.677800E+3	-2.902120E+3	7.041445E+3	-1.068595E+4	8.294115E+3	-1.720212E+4
9.813000E+1	-7.355826E+0	2.536971E+0	-7.355398E+0	1.792456E-1	2.397798E+3	-1.886022E+3	4.677800E+3	-2.902120E+3	7.041351E+3	-1.068614E+4	8.294209E+3	-1.720221E+4
9.814000E+1	-7.365312E+0	2.441602E+0	-7.364884E+0	1.791488E-1	2.397985E+3	-1.885835E+3	4.677800E+3	-2.902120E+3	7.041257E+3	-1.068633E+4	8.294303E+3	-1.720230E+4
9.815000E+1	-7.374455E+0	2.382506E+0	-7.374027E+0	1.790555E-1	2.398173E+3	-1.885647E+3	4.677800E+3	-2.902120E+3	7.041164E+3	-1.068651E+4	8.294396E+3	-1.720239E+4
9.816000E+1	-7.383901E+0	2.340308E+0	-7.383473E+0	1.789591E-1	2.398360E+3	-1.885460E+3	4.677800E+3	-2.902120E+3	7.041070E+3	-1.068670E+4	8.294490E+3	-1.720248E+4
9.817000E+1	-7.393614E+0	2.395688E+0	-7.393186E+0	1.788600E-1	2.398547E+3	-1.885273E+3	4.677800E+3	-2.902120E+3	7.040976E+3	-1.068689E+4	8.294584E+3	-1.720257E+4
9.818000E+1	-7.403458E+0	2.451661E+0	-7.403029E+0	1.787596E-1	2.398735E+3	-1.885085E+3	4.677800E+3	-2.902120E+3	7.040883E+3	-1.068707E+4	8.294677E+3	-1.720267E+4
9.819000E+1	-7.413148E+0	2.380710E+0	-7.412720E+0	1.786607E-1	2.398922E+3	-1.884898E+3	4.677800E+3	-2.902120E+3	7.040789E+3	-1.068726E+4	8.294771E+3	-1.720276E+4
9.820000E+1	-7.422804E+0	2.274290E+0	-7.422376E+0	1.785622E-1	2.399110E+3	-1.884710E+3	4.677800E+3	-2.902120E+3	7.040695E+3	-1.068745E+4	8.294865E+3	-1.720285E+4
9.821000E+1	-7.432723E+0	2.404595E+0	-7.432295E+0	1.784610E-1	2.399297E+3	-1.884523E+3	4.677800E+3	-2.902120E+3	7.040602E+3	-1.068764E+4	8.294958E+3	-1.720294E+4
9.822000E+1	-7.442575E+0	2.497211E+0	-7.442147E+0	1.783604E-1	2.399484E+3	-1.884336E+3	4.677800E+3	-2.902120E+3	7.040508E+3	-1.068782E+4	8.295052E+3	-1.720303E+4
9.823000E+1	-7.451889E+0	2.500712E+0	-7.451461E+0	1.782654E-1	2.399672E+3	-1.884148E+3	4.677800E+3	-2.902120E+3	7.040414E+3	-1.068801E+4	8.295146E+3	-1.720312E+4
9.824000E+1	-7.461108E+0	2.319136E+0	-7.460680E+0	1.781713E-1	2.399859E+3	-1.883961E+3	4.677800E+3	-2.902120E+3	7.040321E+3	-1.068820E+4	8.295239E+3	-1.720321E+4
9.825000E+1	-7.470926E+0	2.350896E+0	-7.470498E+0	1.780711E-1	2.400046E+3	-1.883774E+3	4.677800E+3	-2.902120E+3	7.040227E+3	-1.068839E+4	8.295333E+3	-1.720330E+4
9.826000E+1	-7.481409E+0	2.481860E+0	-7.480981E+0	1.779642E-1	2.400234E+3	-1.883586E+3	4.677800E+3	-2.902120E+3	7.040133E+3	-1.068857E+4	8.295427E+3	-1.720340E+4
9.827000E+1	-7.492289E+0	2.391756E+0	-7.491861E+0	1.778531E-1	2.400421E+3	-1.883399E+3	4.677800E+3	-2.902120E+3	7.040039E+3	-1.068876E+4	8.295521E+3	-1.720349E+4
9.828000E+1	-7.502670E+0	2.334855E+0	-7.502242E+0	1.777472E-1	2.400608E+3	-1.883212E+3	4.677800E+3	-2.902120E+3	7.039946E+3	-1.068895E+4	8.295614E+3	-1.720358E+4
9.829000E+1	-7.511426E+0	2.306904E+0	-7.510998E+0	1.776579E-1	2.400796E+3	-1.883024E+3	4.677800E+3	-2.902120E+3	7.039852E+3	-1.068914E+4	8.295708E+3	-1.720367E+4
9.830000E+1	-7.519197E+0	2.396341E+0	-7.518769E+0	1.775786E-1	2.393613E+3	-1.883011E+3	4.676001E+3	-2.907517E+3	7.039973E+3	-1.069095E+4	8.288696E+3	-1.720365E+4
9.831000E+1	-7.527338E+0	2.445659E+0	-7.526910E+0	1.774955E-1	2.394572E+3	-1.883331E+3	4.676321E+3	-2.906558E+3	7.040932E+3	-1.068998E+4	8.290935E+3	-1.720334E+4
9.832000E+1	-7.536103E+0	2.328834E+0	-7.535675E+0	1.774060E-1	2.395531E+3	-1.883650E+3	4.676640E+3	-2.905599E+3	7.041891E+3	-1.068901E+4	8.293173E+3	-1.720303E+4
9.833000E+1	-7.545351E+0	2.312833E+0	-7.544923E+0	1.773117E-1	2.396491E+3	-1.883970E+3	4.676960E+3	-2.904639E+3	7.042851E+3	-1.068804E+4	8.295412E+3	-1.720272E+4
9.834000E+1	-7.555625E+0	2.365741E+0	-7.555197E+0	1.772068E-1	2.397450E+3	-1.884290E+3	4.677280E+3	-2.903680E+3	7.043810E+3	-1.068707E+4	8.297651E+3	-1.720241E+4
9.835000E+1	-7.565262E+0	2.445295E+0	-7.564834E+0	1.771085E-1	2.398410E+3	-1.884610E+3	4.677600E+3	-2.902720E+3	7.044770E+3	-1.068611E+4	8.299890E+3	-1.720209E+4
9.836000E+1	-7.575333E+0	2.414409E+0	-7.574905E+0	1.770057E-1	2.398836E+3	-1.879260E+3	4.677713E+3	-2.902033E+3	7.045283E+3	-1.069127E+4	8.301029E+3	-1.720379E+4
9.837000E+1	-7.585502E+0	2.259356E+0	-7.585074E+0	1.769020E-1	2.398373E+3	-1.879260E+3	4.677481E+3	-2.901801E+3	7.045051E+3	-1.069174E+4	8.300334E+3	-1.720403E+4
9.838000E+1	-7.595167E+0	2.443406E+0	-7.594739E+0	1.768034E-1	2.397909E+3	-1.879260E+3	4.677249E+3	-2.901569E+3	7.044819E+3	-1.069220E+4	8.299638E+3	-1.720427E+4
9.839000E+1	-7.604385E+0	2.486141E+0	-7.603956E+0	1.767093E-1	2.397445E+3	-1.879260E+3	4.677018E+3	-2.901338E+3	7.044588E+3	-1.069266E+4	8.298943E+3	-1.720450E+4
9.840000E+1	-7.613497E+0	2.403444E+0	-7.613069E+0	1.766163E-1	2.396981E+3	-1.879260E+3	4.676786E+3	-2.901106E+3	7.044356E+3	-1.069313E+4	8.298247E+3	-1.720474E+4
9.841000E+1	-7.623077E+0	2.314984E+0	-7.622649E+0	1.765186E-1	2.396518E+3	-1.879260E+3	4.676554E+3	-2.900874E+3	7.044124E+3	-1.069359E+4	8.297551E+3	-1.720498E+4
9.842000E+1	-7.632823E+0	2.320925E+0	-7.632395E+0	1.764191E-1	2.396054E+3	-1.879260E+3	4.676322E+3	-2.900642E+3	7.043892E+3	-1.069406E+4	8.296856E+3	-1.720522E+4
9.843000E+1	-7.643193E+0	2.437050E+0	-7.642765E+0	1.763133E-1	2.395590E+3	-1.879260E+3	4.676090E+3	-2.900410E+3	7.043660E+3	-1.069452E+4	8.296160E+3	-1.720546E+4
9.844000E+1	-7.653570E+0	2.408600E+0	-7.653142E+0	1.762074E-1	2.395454E+3	-1.881398E+3	4.675950E+3	-2.901976E+3	7.045658E+3	-1.069110E+4	8.299584E+3	-1.720516E+4
9.845000E+1	-7.663008E+0	2.341496E+0	-7.662580E+0	1.761111E-1	2.395818E+3	-1.882125E+3	4.675950E+3	-2.901612E+3	7.046385E+3	-1.069110E+4	8.299948E+3	-1.720406E+4
9.846000E+1	-7.672535E+0	2.333586E+0	-7.672107E+0	1.760139E-1	2.396181E+3	-1.882853E+3	4.675950E+3	-2.901249E+3	7.047113E+3	-1.069110E+4	8.300311E+3	-1.720296E+4
9.847000E+1	-7.682297E+0	2.405062E+0	-7.681869E+0	1.759143E-1	2.396545E+3	-1.883580E+3	4.675950E+3	-2.900885E+3	7.047840E+3	-1.069110E+4	8.300675E+3	-1.720186E+4
9.848000E+1	-7.691358E+0	2.441895E+0	-7.690930E+0	1.758218E-1	2.396909E+3	-1.884308E+3	4.675950E+3	-2.900521E+3	7.048568E+3	-1.069110E+4	8.301039E+3	-1.720076E+4
9.849000E+1	-7.699982E+0	2.350854E+0	-7.699554E+0	1.757338E-1	2.397160E+3	-1.884810E+3	4.676360E+3	-2.900065E+3	7.049685E+3	-1.069089E+4	8.301700E+3	-1.720000E+4
9.850000E+1	-7.709279E+0	2.291326E+0	-7.708850E+0	1.756390E-1	2.397160E+3	-1.884810E+3	4.677685E+3	-2.899403E+3	7.051672E+3	-1.069021E+4	8.303025E+3	-1.720000E+4
9.851000E+1	-7.718697E+0	2.410877E+0	-7.718269E+0	1.755428E-1	2.397160E+3	-1.884810E+3	4.679010E+3	-2.898740E+3	7.053660E+3	-1.068953E+4	8.304350E+3	-1.720000E+4
9.852000E+1	-7.729301E+0	2.413717E+0	-7.728873E+0	1.754346E-1	2.397596E+3	-1.884810E+3	4.679432E+3	-2.898420E+3	7.055055E+3	-1.068899E+4	8.306079E+3	-1.719979E+4
9.853000E+1	-7.740568E+0	2.380539E+0	-7.740140E+0	1.753197E-1	2.398439E+3	-1.884810E+3	4.679011E+3	-2.898420E+3	7.055895E+3	-1.068858E+4	8.308187E+3	-1.719938E+4
9.854000E+1	-7.751587E+0	2.278714E+0	-7.751159E+0	1.752072E-1	2.399282E+3	-1.884810E+3	4.678589E+3	-2.898420E+3	7.056736E+3	-1.068817E+4	8.310295E+3	-1.719897E+4
9.855000E+1	-7.762175E+0	2.374259E+0	-7.761747E+0	1.750992E-1	2.400125E+3	-1.884810E+3	4.678167E+3	-2.898420E+3	7.057577E+3	-1.068776E+4	8.312403E+3	-1.719856E+4
9.856000E+1	-7.772946E+0	2.474073E+0	-7.772518E+0	1.749893E-1	2.400860E+3	-1.884661E+3	4.677800E+3	-2.898420E+3	7.058260E+3	-1.068750E+4	8.314290E+3	-1.719825E+4
9.857000E+1	-7.783843E+0	2.376340E+0	-7.783415E+0	1.748781E-1	2.400860E+3	-1.883502E+3	4.677800E+3	-2.898420E+3	7.057874E+3	-1.068827E+4	8.314676E+3	-1.719862E+4
9.858000E+1	-7.794688E+0	2.314295E+0	-7.794260E+0	1.747674E-1	2.400860E+3	-1.882342E+3	4.677800E+3	-2.898420E+3	7.057487E+3	-1.068905E+4	8.315063E+3	-1.719900E+4
9.859000E+1	-7.804666E+0	2.313579E+0	-7.804238E+0	1.746656E-1	2.400860E+3	-1.881183E+3	4.677800E+3	-2.898420E+3	7.057101E+3	-1.068982E+4	8.315449E+3	-1.719938E+4
9.860000E+1	-7.813934E+0	2.454635E+0	-7.813506E+0	1.745710E-1	2.400860E+3	-1.880024E+3	4.677800E+3	-2.898420E+3	7.056715E+3	-1.069059E+4	8.315835E+3	-1.719975E+4
9.861000E+1	-7.824030E+0	2.423516E+0	-7.823602E+0	1.744680E-1	2.400662E+3	-1.879260E+3	4.677998E+3	-2.898222E+3	7.056658E+3	-1.069110E+4	8.316287E+3	-1.720020E+4
9.862000E+1	-7.833765E+0	2.320399E+0	-7.833337E+0	1.743687E-1	2.400082E+3	-1.879260E+3	4.678578E+3	-2.897642E+3	7.057238E+3	-1.069110E+4	8.316863E+3	-1.720080E+4
9.863000E+1	-7.842827E+0	2.323464E+0	-7.842399E+0	1.742762E-1	2.399503E+3	-1.879260E+3	4.679157E+3	-2.897063E+3	7.057817E+3	-1.069110E+4	8.317440E+3	-1.720139E+4
9.864000E+1	-7.851967E+0	2.393083E+0	-7.851539E+0	1.741830E-1	2.398988E+3	-1.879326E+3	4.679694E+3	-2.896570E+3	7.058376E+3	-1.069106E+4	8.317996E+3	-1.720188E+4
9.865000E+1	-7.860942E+0	2.357257E+0	-7.860514E+0	1.740914E-1	2.398841E+3	-1.879768E+3	4.679989E+3	-2.896570E+3	7.058818E+3	-1.069076E+4	8.318438E+3	-1.720173E+4
9.866000E+1	-7.869871E+0	2.364875E+0	-7.869443E+0	1.740003E-1	2.398693E+3	-1.880210E+3	4.680283E+3	-2.896570E+3	7.059260E+3	-1.069047E+4	8.318880E+3	-1.720157E+4
9.867000E+1	-7.879724E+0	2.197185E+0	-7.879296E+0	1.738997E-1	2.398546E+3	-1.880651E+3	4.680577E+3	-2.896570E+3	7.059701E+3	-1.069017E+4	8.319321E+3	-1.720142E+4
9.868000E+1	-7.890146E+0	2.359176E+0	-7.889718E+0	1.737934E-1	2.398399E+3	-1.881093E+3	4.680872E+3	-2.896570E+3	7.060143E+3	-1.068988E+4	8.319763E+3	-1.720127E+4
9.869000E+1	-7.899940E+0	2.400952E+0	-7.899511E+0	1.736934E-1	2.398252E+3	-1.881534E+3	4.681166E+3	-2.896570E+3	7.060584E+3	-1.068958E+4	8.320204E+3	-1.720112E+4
9.870000E+1	-7.909239E+0	2.402834E+0	-7.908811E+0	1.735985E-1	2.398105E+3	-1.881976E+3	4.681461E+3	-2.896570E+3	7.061026E+3	-1.068929E+4	8.320646E+3	-1.720097E+4
9.871000E+1	-7.918530E+0	2.260223E+0	-7.918101E+0	1.735037E-1	2.397957E+3	-1.882418E+3	4.681755E+3	-2.896570E+3	7.061468E+3	-1.068899E+4	8.321088E+3	-1.720082E+4
9.872000E+1	-7.927813E+0	2.288666E+0	-7.927385E+0	1.734090E-1	2.397810E+3	-1.882859E+3	4.682050E+3	-2.896570E+3	7.061909E+3	-1.068870E+4	8.321529E+3	-1.720067E+4
9.873000E+1	-7.937276E+0	2.395026E+0	-7.936848E+0	1.733124E-1	2.397663E+3	-1.883301E+3	4.682344E+3	-2.896570E+3	7.062351E+3	-1.068841E+4	8.321971E+3	-1.720052E+4
9.874000E+1	-7.947720E+0	2.386100E+0	-7.947292E+0	1.732059E-1	2.397516E+3	-1.883743E+3	4.682639E+3	-2.896570E+3	7.062793E+3	-1.068811E+4	8.322413E+3	-1.720037E+4
9.875000E+1	-7.958041E+0	2.285301E+0	-7.957613E+0	1.731006E-1	2.397369E+3	-1.884184E+3	4.682933E+3	-2.896570E+3	7.063234E+3	-1.068782E+4	8.322854E+3	-1.720021E+4
9.876000E+1	-7.967405E+0	2.306855E+0	-7.966977E+0	1.730050E-1	2.397221E+3	-1.884626E+3	4.683227E+3	-2.896570E+3	7.063676E+3	-1.068752E+4	8.323296E+3	-1.720006E+4
9.877000E+1	-7.976960E+0	2.377012E+0	-7.976532E+0	1.729075E-1	2.399866E+3	-1.884810E+3	4.683350E+3	-2.899276E+3	7.066566E+3	-1.068740E+4	8.320774E+3	-1.719729E+4
9.878000E+1	-7.987324E+0	2.415139E+0	-7.986896E+0	1.728018E-1	2.402248E+3	-1.886892E+3	4.682656E+3	-2.900964E+3	7.067560E+3	-1.068740E+4	8.319780E+3	-1.719630E+4
9.879000E+1	-7.997519E+0	2.309070E+0	-7.997091E+0	1.726977E-1	2.404014E+3	-1.889542E+3	4.681773E+3	-2.901847E+3	7.067560E+3	-1.068740E+4	8.319780E+3	-1.719630E+4
9.880000E+1	-8.007484E+0	2.294050E+0	-8.007056E+0	1.725960E-1	2.403574E+3	-1.890360E+3	4.682486E+3	-2.899161E+3	7.068546E+3	-1.068639E+4	8.325698E+3	-1.719534E+4
9.881000E+1	-8.017463E+0	2.334601E+0	-8.017035E+0	1.724942E-1	2.402557E+3	-1.889750E+3	4.683197E+3	-2.896417E+3	7.069257E+3	-1.068611E+4	8.330575E+3	-1.719481E+4
9.882000E+1	-8.027346E+0	2.385753E+0	-8.026918E+0	1.723934E-1	2.402171E+3	-1.888204E+3	4.682811E+3	-2.896031E+3	7.068871E+3	-1.068766E+4	8.329802E+3	-1.719558E+4
9.883000E+1	-8.037828E+0	2.345395E+0	-8.037400E+0	1.722864E-1	2.401785E+3	-1.886658E+3	4.682425E+3	-2.895645E+3	7.068485E+3	-1.068920E+4	8.329029E+3	-1.719635E+4
9.884000E+1	-8.047936E+0	2.207189E+0	-8.047508E+0	1.721833E-1	2.401398E+3	-1.885112E+3	4.682038E+3	-2.895258E+3	7.068098E+3	-1.069075E+4	8.328256E+3	-1.719712E+4
9.885000E+1	-8.058050E+0	2.299157E+0	-8.057622E+0	1.720801E-1	2.401012E+3	-1.883567E+3	4.681652E+3	-2.894872E+3	7.067712E+3	-1.069229E+4	8.327483E+3	-1.719790E+4
9.886000E+1	-8.067609E+0	2.425890E+0	-8.067181E+0	1.719825E-1	2.400610E+3	-1.882459E+3	4.681250E+3	-2.894470E+3	7.067810E+3	-1.069266E+4	8.327430E+3	-1.719820E+4
9.887000E+1	-8.077357E+0	2.321483E+0	-8.076929E+0	1.718831E-1	2.400197E+3	-1.881635E+3	4.680837E+3	-2.894057E+3	7.068223E+3	-1.069226E+4	8.327843E+3	-1.719820E+4
9.888000E+1	-8.086795E+0	2.318690E+0	-8.086367E+0	1.717868E-1	2.399785E+3	-1.880810E+3	4.680425E+3	-2.893645E+3	7.068635E+3	-1.069185E+4	8.328255E+3	-1.719820E+4
9.889000E+1	-8.094903E+0	2.343947E+0	-8.094475E+0	1.717040E-1	2.399373E+3	-1.879986E+3	4.680013E+3	-2.893233E+3	7.069047E+3	-1.069145E+4	8.328667E+3	-1.719820E+4
9.890000E+1	-8.103011E+0	2.458752E+0	-8.102583E+0	1.716213E-1	2.399010E+3	-1.879435E+3	4.679767E+3	-2.892928E+3	7.069468E+3	-1.069104E+4	8.329088E+3	-1.719814E+4
9.891000E+1	-8.111696E+0	2.366289E+0	-8.111268E+0	1.715327E-1	2.399010E+3	-1.880899E+3	4.680743E+3	-2.893416E+3	7.069956E+3	-1.069054E+4	8.329576E+3	-1.719764E+4
9.892000E+1	-8.121182E+0	2.246724E+0	-8.120754E+0	1.714359E-1	2.399010E+3	-1.882363E+3	4.681719E+3	-2.893904E+3	7.070444E+3	-1.069004E+4	8.330064E+3	-1.719714E+4
9.893000E+1	-8.130843E+0	2.288049E+0	-8.130415E+0	1.713373E-1	2.399010E+3	-1.883828E+3	4.682695E+3	-2.894393E+3	7.070933E+3	-1.068954E+4	8.330553E+3	-1.719664E+4
9.894000E+1	-8.139437E+0	2.400147E+0	-8.139009E+0	1.712496E-1	2.399127E+3	-1.884927E+3	4.683350E+3	-2.894837E+3	7.071377E+3	-1.068920E+4	8.330645E+3	-1.719619E+4
9.895000E+1	-8.148363E+0	2.406362E+0	-8.147935E+0	1.711585E-1	2.399484E+3	-1.885284E+3	4.683350E+3	-2.895194E+3	7.071734E+3	-1.068920E+4	8.329932E+3	-1.719584E+4
9.896000E+1	-8.157678E+0	2.340743E+0	-8.157250E+0	1.710634E-1	2.399841E+3	-1.885641E+3	4.683350E+3	-2.895551E+3	7.072091E+3	-1.068920E+4	8.329218E+3	-1.719549E+4
9.897000E+1	-8.167977E+0	2.227946E+0	-8.167549E+0	1.709584E-1	2.400198E+3	-1.885998E+3	4.683350E+3	-2.895908E+3	7.072448E+3	-1.068920E+4	8.328505E+3	-1.719514E+4
9.898000E+1	-8.178922E+0	2.393267E+0	-8.178494E+0	1.708467E-1	2.400554E+3	-1.886354E+3	4.683350E+3	-2.896264E+3	7.072804E+3	-1.068920E+4	8.327791E+3	-1.719480E+4
9.899000E+1	-8.190012E+0	2.373892E+0	-8.189584E+0	1.707335E-1	2.400860E+3	-1.886766E+3	4.683244E+3	-2.896676E+3	7.073110E+3	-1.068920E+4	8.327180E+3	-1.719460E+4
9.900000E+1	-8.200971E+0	2.326987E+0	-8.200543E+0	1.706217E-1	2.400860E+3	-1.887508E+3	4.682502E+3	-2.897418E+3	7.073110E+3	-1.068920E+4	8.327180E+3	-1.719533E+4
9.901000E+1	-8.212240E+0	2.281229E+0	-8.211812E+0	1.705067E-1	2.400860E+3	-1.888250E+3	4.681760E+3	-2.898160E+3	7.073110E+3	-1.068920E+4	8.327180E+3	-1.719605E+4
9.902000E+1	-8.222737E+0	2.332325E+0	-8.222309E+0	1.703996E-1	2.400860E+3	-1.888429E+3	4.681419E+3	-2.898420E+3	7.073029E+3	-1.068928E+4	8.327343E+3	-1.719630E+4
9.903000E+1	-8.232879E+0	2.443221E+0	-8.232451E+0	1.702961E-1	2.400860E+3	-1.888303E+3	4.681293E+3	-2.898420E+3	7.072903E+3	-1.068941E+4	8.327594E+3	-1.719630E+4
9.904000E+1	-8.243622E+0	2.397859E+0	-8.243194E+0	1.701865E-1	2.400860E+3	-1.888178E+3	4.681168E+3	-2.898420E+3	7.072778E+3	-1.068954E+4	8.327844E+3	-1.719630E+4
9.905000E+1	-8.254385E+0	2.271334E+0	-8.253957E+0	1.700766E-1	2.400860E+3	-1.888053E+3	4.681043E+3	-2.898420E+3	7.072653E+3	-1.068967E+4	8.328095E+3	-1.719630E+4
9.906000E+1	-8.264967E+0	2.350394E+0	-8.264539E+0	1.699687E-1	2.400860E+3	-1.887927E+3	4.680917E+3	-2.898420E+3	7.072527E+3	-1.068980E+4	8.328346E+3	-1.719630E+4
9.907000E+1	-8.275281E+0	2.334807E+0	-8.274853E+0	1.698634E-1	2.400860E+3	-1.887802E+3	4.680792E+3	-2.898420E+3	7.072402E+3	-1.068993E+4	8.328596E+3	-1.719630E+4
9.908000E+1	-8.284690E+0	2.369060E+0	-8.284262E+0	1.697674E-1	2.400860E+3	-1.887677E+3	4.680667E+3	-2.898420E+3	7.072277E+3	-1.069006E+4	8.328847E+3	-1.719630E+4
9.909000E+1	-8.294456E+0	2.314420E+0	-8.294028E+0	1.696678E-1	2.400860E+3	-1.887551E+3	4.680541E+3	-2.898420E+3	7.072151E+3	-1.069018E+4	8.329098E+3	-1.719630E+4
9.910000E+1	-8.304005E+0	2.315849E+0	-8.303577E+0	1.695703E-1	2.400860E+3	-1.887426E+3	4.680416E+3	-2.898420E+3	7.072026E+3	-1.069031E+4	8.329348E+3	-1.719630E+4
9.911000E+1	-8.312762E+0	2.420168E+0	-8.312334E+0	1.694810E-1	2.400860E+3	-1.887301E+3	4.680291E+3	-2.898420E+3	7.071901E+3	-1.069044E+4	8.329599E+3	-1.719630E+4
9.912000E+1	-8.322376E+0	2.432927E+0	-8.321947E+0	1.693829E-1	2.400860E+3	-1.887175E+3	4.680165E+3	-2.898420E+3	7.071775E+3	-1.069057E+4	8.329850E+3	-1.719630E+4
9.913000E+1	-8.332077E+0	2.338378E+0	-8.331649E+0	1.692839E-1	2.400860E+3	-1.887050E+3	4.680040E+3	-2.898420E+3	7.071650E+3	-1.069070E+4	8.330100E+3	-1.719630E+4
9.914000E+1	-8.341978E+0	2.200555E+0	-8.341550E+0	1.691828E-1	2.400860E+3	-1.886925E+3	4.679915E+3	-2.898420E+3	7.071525E+3	-1.069083E+4	8.330351E+3	-1.719630E+4
9.915000E+1	-8.351997E+0	2.338985E+0	-8.351569E+0	1.690806E-1	2.400860E+3	-1.886799E+3	4.679789E+3	-2.898420E+3	7.071399E+3	-1.069096E+4	8.330602E+3	-1.719630E+4
9.916000E+1	-8.361858E+0	2.404545E+0	-8.361430E+0	1.689800E-1	2.400860E+3	-1.886674E+3	4.679664E+3	-2.898420E+3	7.071274E+3	-1.069109E+4	8.330852E+3	-1.719630E+4
9.917000E+1	-8.371781E+0	2.296646E+0	-8.371352E+0	1.688787E-1	2.399621E+3	-1.884182E+3	4.682739E+3	-2.894092E+3	7.074332E+3	-1.069168E+4	8.335191E+3	-1.719757E+4
9.918000E+1	-8.381559E+0	2.238397E+0	-8.381131E+0	1.687789E-1	2.400308E+3	-1.885556E+3	4.682052E+3	-2.895466E+3	7.075706E+3	-1.069030E+4	8.335878E+3	-1.719687E+4
9.919000E+1	-8.391666E+0	2.364127E+0	-8.391238E+0	1.686758E-1	2.400990E+3	-1.886790E+3	4.681500E+3	-2.896440E+3	7.076940E+3	-1.068933E+4	8.336300E+3	-1.719630E+4
9.920000E+1	-8.402112E+0	2.418221E+0	-8.401684E+0	1.685692E-1	2.401653E+3	-1.887453E+3	4.681500E+3	-2.895777E+3	7.077603E+3	-1.069001E+4	8.335637E+3	-1.719630E+4
9.921000E+1	-8.412290E+0	2.355636E+0	-8.411862E+0	1.684654E-1	2.402315E+3	-1.888115E+3	4.681500E+3	-2.895115E+3	7.078265E+3	-1.069069E+4	8.334975E+3	-1.719630E+4
9.922000E+1	-8.422044E+0	2.208378E+0	-8.421616E+0	1.683658E-1	2.402710E+3	-1.888510E+3	4.681660E+3	-2.894880E+3	7.078660E+3	-1.069094E+4	8.334899E+3	-1.719630E+4
9.923000E+1	-8.431419E+0	2.327253E+0	-8.430991E+0	1.682702E-1	2.402710E+3	-1.888510E+3	4.682054E+3	-2.895274E+3	7.078660E+3	-1.069053E+4	8.335689E+3	-1.719630E+4
9.924000E+1	-8.440866E+0	2.338902E+0	-8.440438E+0	1.681738E-1	2.402710E+3	-1.888510E+3	4.682449E+3	-2.895669E+3	7.078660E+3	-1.069013E+4	8.336478E+3	-1.719630E+4
9.925000E+1	-8.450252E+0	2.337405E+0	-8.449824E+0	1.680780E-1	2.402710E+3	-1.888510E+3	4.682844E+3	-2.896064E+3	7.078660E+3	-1.068972E+4	8.337267E+3	-1.719630E+4
9.926000E+1	-8.459364E+0	2.276119E+0	-8.458936E+0	1.679850E-1	2.402710E+3	-1.888510E+3	4.683238E+3	-2.896458E+3	7.078660E+3	-1.068931E+4	8.338057E+3	-1.719630E+4
9.927000E+1	-8.469247E+0	2.261392E+0	-8.468819E+0	1.678842E-1	2.402710E+3	-1.887263E+3	4.683350E+3	-2.896570E+3	7.078244E+3	-1.068963E+4	8.339111E+3	-1.719630E+4
9.928000E+1	-8.479499E+0	2.383952E+0	-8.479070E+0	1.677796E-1	2.402710E+3	-1.885524E+3	4.683350E+3	-2.896570E+3	7.077665E+3	-1.069022E+4	8.340271E+3	-1.719630E+4
9.929000E+1	-8.489533E+0	2.380042E+0	-8.489105E+0	1.676772E-1	2.402710E+3	-1.883785E+3	4.683350E+3	-2.896570E+3	7.077085E+3	-1.069082E+4	8.341430E+3	-1.719630E+4
9.930000E+1	-8.500226E+0	2.235317E+0	-8.499798E+0	1.675681E-1	2.402710E+3	-1.883144E+3	4.683534E+3	-2.896202E+3	7.077178E+3	-1.069165E+4	8.341980E+3	-1.719630E+4
9.931000E+1	-8.509962E+0	2.137962E+0	-8.509534E+0	1.674687E-1	2.402710E+3	-1.883494E+3	4.683884E+3	-2.895502E+3	7.077878E+3	-1.069269E+4	8.341980E+3	-1.719630E+4
9.932000E+1	-8.519308E+0	2.237977E+0	-8.518880E+0	1.673733E-1	2.402710E+3	-1.883844E+3	4.684234E+3	-2.894802E+3	7.078578E+3	-1.069373E+4	8.341980E+3	-1.719630E+4
9.933000E+1	-8.528511E+0	2.366914E+0	-8.528083E+0	1.672794E-1	2.402710E+3	-1.884194E+3	4.684584E+3	-2.894102E+3	7.079278E+3	-1.069477E+4	8.341980E+3	-1.719630E+4
9.934000E+1	-8.537701E+0	2.278350E+0	-8.537273E+0	1.671857E-1	2.402710E+3	-1.884544E+3	4.684934E+3	-2.893402E+3	7.079978E+3	-1.069581E+4	8.341980E+3	-1.719630E+4
9.935000E+1	-8.547464E+0	2.233168E+0	-8.547036E+0	1.670860E-1	2.402604E+3	-1.885127E+3	4.685200E+3	-2.892870E+3	7.080616E+3	-1.069639E+4	8.342297E+3	-1.719630E+4
9.936000E+1	-8.557380E+0	2.352018E+0	-8.556951E+0	1.669849E-1	2.402163E+3	-1.886452E+3	4.685200E+3	-2.892870E+3	7.081057E+3	-1.069551E+4	8.343622E+3	-1.719630E+4
9.937000E+1	-8.567090E+0	2.419879E+0	-8.566662E+0	1.668858E-1	2.401721E+3	-1.887777E+3	4.685200E+3	-2.892870E+3	7.081499E+3	-1.069462E+4	8.344947E+3	-1.719630E+4
9.938000E+1	-8.577268E+0	2.362630E+0	-8.576840E+0	1.667819E-1	2.401279E+3	-1.889102E+3	4.685200E+3	-2.892870E+3	7.081941E+3	-1.069374E+4	8.346272E+3	-1.719630E+4
9.939000E+1	-8.587746E+0	2.224769E+0	-8.587318E+0	1.666750E-1	2.400871E+3	-1.890360E+3	4.685178E+3	-2.892892E+3	7.082349E+3	-1.069290E+4	8.347496E+3	-1.719630E+4
9.940000E+1	-8.596904E+0	2.297575E+0	-8.596476E+0	1.665816E-1	2.401092E+3	-1.890360E+3	4.684736E+3	-2.893334E+3	7.082128E+3	-1.069290E+4	8.346834E+3	-1.719630E+4
9.941000E+1	-8.605422E+0	2.456068E+0	-8.604994E+0	1.664946E-1	2.401313E+3	-1.890360E+3	4.684294E+3	-2.893776E+3	7.081907E+3	-1.069290E+4	8.346171E+3	-1.719630E+4
9.942000E+1	-8.614564E+0	2.346339E+0	-8.614136E+0	1.664013E-1	2.401534E+3	-1.890360E+3	4.683853E+3	-2.894217E+3	7.081686E+3	-1.069290E+4	8.345509E+3	-1.719630E+4
9.943000E+1	-8.624138E+0	2.347006E+0	-8.623709E+0	1.663037E-1	2.401755E+3	-1.890360E+3	4.683411E+3	-2.894659E+3	7.081465E+3	-1.069290E+4	8.344846E+3	-1.719630E+4
9.944000E+1	-8.633131E+0	2.253859E+0	-8.632702E+0	1.662119E-1	2.401975E+3	-1.890360E+3	4.682969E+3	-2.895101E+3	7.081245E+3	-1.069290E+4	8.344184E+3	-1.719630E+4
9.945000E+1	-8.642458E+0	2.342325E+0	-8.642030E+0	1.661167E-1	2.402196E+3	-1.890360E+3	4.682528E+3	-2.895542E+3	7.081024E+3	-1.069290E+4	8.343521E+3	-1.719630E+4
9.946000E+1	-8.651567E+0	2.358006E+0	-8.651139E+0	1.660238E-1	2.402417E+3	-1.890360E+3	4.682086E+3	-2.895984E+3	7.080803E+3	-1.069290E+4	8.342859E+3	-1.719630E+4
9.947000E+1	-8.661204E+0	2.273128E+0	-8.660776E+0	1.659254E-1	2.402638E+3	-1.890360E+3	4.681644E+3	-2.896426E+3	7.080582E+3	-1.069290E+4	8.342197E+3	-1.719630E+4
9.948000E+1	-8.670852E+0	2.244789E+0	-8.670424E+0	1.658270E-1	2.398826E+3	-1.886844E+3	4.683350E+3	-2.898236E+3	7.080877E+3	-1.069443E+4	8.338831E+3	-1.719450E+4
9.949000E+1	-8.679751E+0	2.365887E+0	-8.679323E+0	1.657362E-1	2.398554E+3	-1.887116E+3	4.683350E+3	-2.897964E+3	7.081423E+3	-1.069389E+4	8.339649E+3	-1.719450E+4
9.950000E+1	-8.688245E+0	2.412700E+0	-8.687817E+0	1.656495E-1	2.398281E+3	-1.887389E+3	4.683350E+3	-2.897691E+3	7.081968E+3	-1.069334E+4	8.340468E+3	-1.719450E+4
9.951000E+1	-8.698071E+0	2.385867E+0	-8.697643E+0	1.655492E-1	2.398008E+3	-1.887662E+3	4.683350E+3	-2.897418E+3	7.082514E+3	-1.069280E+4	8.341286E+3	-1.719450E+4
9.952000E+1	-8.708655E+0	2.220036E+0	-8.708227E+0	1.654412E-1	2.397735E+3	-1.887935E+3	4.683350E+3	-2.897145E+3	7.083060E+3	-1.069225E+4	8.342104E+3	-1.719450E+4
9.953000E+1	-8.718657E+0	2.359179E+0	-8.718229E+0	1.653392E-1	2.397462E+3	-1.888208E+3	4.683350E+3	-2.896872E+3	7.083605E+3	-1.069170E+4	8.342923E+3	-1.719450E+4
9.954000E+1	-8.728839E+0	2.410178E+0	-8.728411E+0	1.652353E-1	2.397190E+3	-1.888480E+3	4.683350E+3	-2.896600E+3	7.084151E+3	-1.069116E+4	8.343741E+3	-1.719450E+4
9.955000E+1	-8.738531E+0	2.367057E+0	-8.738103E+0	1.651364E-1	2.398227E+3	-1.886910E+3	4.682817E+3	-2.896037E+3	7.084210E+3	-1.069217E+4	8.344897E+3	-1.719450E+4
9.956000E+1	-8.748311E+0	2.257133E+0	-8.747883E+0	1.650366E-1	2.399423E+3	-1.885115E+3	4.682218E+3	-2.895438E+3	7.084210E+3	-1.069336E+4	8.346093E+3	-1.719450E+4
9.957000E+1	-8.758155E+0	2.272206E+0	-8.757727E+0	1.649361E-1	2.400620E+3	-1.883320E+3	4.681620E+3	-2.894840E+3	7.084210E+3	-1.069456E+4	8.347290E+3	-1.719450E+4
9.958000E+1	-8.767470E+0	2.422266E+0	-8.767042E+0	1.648411E-1	2.399871E+3	-1.882960E+3	4.680511E+3	-2.893731E+3	7.084210E+3	-1.069678E+4	8.346541E+3	-1.719546E+4
9.959000E+1	-8.777446E+0	2.379123E+0	-8.777018E+0	1.647393E-1	2.399066E+3	-1.883183E+3	4.679706E+3	-2.892814E+3	7.084266E+3	-1.069833E+4	8.345847E+3	-1.719630E+4
9.960000E+1	-8.787578E+0	2.282632E+0	-8.787150E+0	1.646359E-1	2.399249E+3	-1.883918E+3	4.679889E+3	-2.892631E+3	7.084449E+3	-1.069778E+4	8.346398E+3	-1.719630E+4
9.961000E+1	-8.797875E+0	2.283665E+0	-8.797447E+0	1.645308E-1	2.399433E+3	-1.884652E+3	4.680073E+3	-2.892447E+3	7.084633E+3	-1.069722E+4	8.346949E+3	-1.719630E+4
9.962000E+1	-8.809602E+0	2.333711E+0	-8.809174E+0	1.644112E-1	2.399617E+3	-1.885387E+3	4.680257E+3	-2.892263E+3	7.084817E+3	-1.069666E+4	8.347500E+3	-1.719630E+4
9.963000E+1	-8.820853E+0	2.420396E+0	-8.820425E+0	1.642964E-1	2.399800E+3	-1.886122E+3	4.680440E+3	-2.892080E+3	7.085000E+3	-1.069611E+4	8.348051E+3	-1.719630E+4
9.964000E+1	-8.830393E+0	2.258560E+0	-8.829965E+0	1.641990E-1	2.399984E+3	-1.886856E+3	4.680624E+3	-2.891896E+3	7.085184E+3	-1.069555E+4	8.348602E+3	-1.719630E+4
9.965000E+1	-8.839171E+0	2.227933E+0	-8.838743E+0	1.641094E-1	2.400168E+3	-1.887591E+3	4.680808E+3	-2.891712E+3	7.085368E+3	-1.069500E+4	8.349153E+3	-1.719630E+4
9.966000E+1	-8.848149E+0	2.377963E+0	-8.847721E+0	1.640178E-1	2.400351E+3	-1.888325E+3	4.680991E+3	-2.891529E+3	7.085551E+3	-1.069444E+4	8.349704E+3	-1.719630E+4
9.967000E+1	-8.856838E+0	2.414990E+0	-8.856410E+0	1.639292E-1	2.400535E+3	-1.889060E+3	4.681175E+3	-2.891345E+3	7.085735E+3	-1.069388E+4	8.350255E+3	-1.719630E+4
9.968000E+1	-8.865501E+0	2.323478E+0	-8.865073E+0	1.638408E-1	2.400719E+3	-1.889795E+3	4.681359E+3	-2.891161E+3	7.085919E+3	-1.069333E+4	8.350806E+3	-1.719630E+4
9.969000E+1	-8.874585E+0	2.214850E+0	-8.874157E+0	1.637481E-1	2.400923E+3	-1.888510E+3	4.681563E+3	-2.894720E+3	7.089949E+3	-1.069474E+4	8.349506E+3	-1.719254E+4
9.970000E+1	-8.883394E+0	2.289213E+0	-8.882966E+0	1.636582E-1	2.401196E+3	-1.888510E+3	4.681836E+3	-2.894720E+3	7.090767E+3	-1.069446E+4	8.350051E+3	-1.719227E+4
9.971000E+1	-8.892202E+0	2.411312E+0	-8.891774E+0	1.635683E-1	2.401468E+3	-1.888510E+3	4.682108E+3	-2.894720E+3	7.091585E+3	-1.069418E+4	8.350597E+3	-1.719201E+4
9.972000E+1	-8.901328E+0	2.354158E+0	-8.900900E+0	1.634752E-1	2.401741E+3	-1.888510E+3	4.682381E+3	-2.894720E+3	7.092404E+3	-1.069389E+4	8.351143E+3	-1.719174E+4
9.973000E+1	-8.910586E+0	2.316249E+0	-8.910157E+0	1.633807E-1	2.402014E+3	-1.888510E+3	4.682654E+3	-2.894720E+3	7.093222E+3	-1.069361E+4	8.351688E+3	-1.719148E+4
9.974000E+1	-8.921115E+0	2.246274E+0	-8.920687E+0	1.632733E-1	2.402287E+3	-1.888510E+3	4.682927E+3	-2.894720E+3	7.094040E+3	-1.069333E+4	8.352234E+3	-1.719121E+4
9.975000E+1	-8.931370E+0	2.361375E+0	-8.930942E+0	1.631686E-1	2.402560E+3	-1.888510E+3	4.683200E+3	-2.894720E+3	7.094859E+3	-1.069305E+4	8.352779E+3	-1.719095E+4
9.976000E+1	-8.940808E+0	2.389868E+0	-8.940380E+0	1.630723E-1	2.402970E+3	-1.888510E+3	4.683870E+3	-2.894460E+3	7.096611E+3	-1.069238E+4	8.355161E+3	-1.719053E+4
9.977000E+1	-8.951131E+0	2.255370E+0	-8.950703E+0	1.629670E-1	2.403550E+3	-1.888510E+3	4.685030E+3	-2.893880E+3	7.099509E+3	-1.069122E+4	8.359798E+3	-1.718994E+4
9.978000E+1	-8.961870E+0	2.235297E+0	-8.961442E+0	1.628574E-1	2.404129E+3	-1.888510E+3	4.686189E+3	-2.893301E+3	7.102407E+3	-1.069006E+4	8.364436E+3	-1.718934E+4
9.979000E+1	-8.972423E+0	2.365707E+0	-8.971994E+0	1.627497E-1	2.406151E+3	-1.889305E+3	4.687050E+3	-2.890484E+3	7.104560E+3	-1.069079E+4	8.369471E+3	-1.718813E+4
9.980000E+1	-8.982454E+0	2.381439E+0	-8.982026E+0	1.626474E-1	2.407717E+3	-1.889817E+3	4.687050E+3	-2.887592E+3	7.104560E+3	-1.069344E+4	8.371308E+3	-1.718764E+4
9.981000E+1	-8.992757E+0	2.330950E+0	-8.992329E+0	1.625422E-1	2.406892E+3	-1.888992E+3	4.687050E+3	-2.888004E+3	7.104560E+3	-1.069427E+4	8.370896E+3	-1.718847E+4
9.982000E+1	-9.003060E+0	2.207375E+0	-9.002631E+0	1.624371E-1	2.406068E+3	-1.888168E+3	4.687050E+3	-2.888416E+3	7.104560E+3	-1.069509E+4	8.370484E+3	-1.718929E+4
9.983000E+1	-9.012377E+0	2.373060E+0	-9.011949E+0	1.623420E-1	2.405244E+3	-1.887344E+3	4.687050E+3	-2.888828E+3	7.104560E+3	-1.069592E+4	8.370072E+3	-1.719012E+4
9.984000E+1	-9.021892E+0	2.363242E+0	-9.021464E+0	1.622449E-1	2.404472E+3	-1.886572E+3	4.687050E+3	-2.889170E+3	7.104560E+3	-1.069642E+4	8.369818E+3	-1.719080E+4
9.985000E+1	-9.032135E+0	2.293240E+0	-9.031707E+0	1.621404E-1	2.403957E+3	-1.886057E+3	4.687050E+3	-2.889170E+3	7.104560E+3	-1.069539E+4	8.370333E+3	-1.719080E+4
9.986000E+1	-9.042067E+0	2.228691E+0	-9.041639E+0	1.620391E-1	2.403441E+3	-1.885541E+3	4.687050E+3	-2.889170E+3	7.104560E+3	-1.069436E+4	8.370849E+3	-1.719080E+4
9.987000E+1	-9.051776E+0	2.265088E+0	-9.051347E+0	1.619400E-1	2.402926E+3	-1.885026E+3	4.687050E+3	-2.889170E+3	7.104560E+3	-1.069333E+4	8.371364E+3	-1.719080E+4
9.988000E+1	-9.061267E+0	2.427400E+0	-9.060839E+0	1.618432E-1	2.403188E+3	-1.885049E+3	4.686811E+3	-2.889409E+3	7.105038E+3	-1.069290E+4	8.371341E+3	-1.719008E+4
9.989000E+1	-9.070998E+0	2.344302E+0	-9.070570E+0	1.617439E-1	2.404013E+3	-1.885461E+3	4.686399E+3	-2.889821E+3	7.105863E+3	-1.069290E+4	8.370929E+3	-1.718883E+4
9.990000E+1	-9.080702E+0	2.239276E+0	-9.080274E+0	1.616448E-1	2.404837E+3	-1.885874E+3	4.685986E+3	-2.890234E+3	7.106687E+3	-1.069290E+4	8.370516E+3	-1.718758E+4
9.991000E+1	-9.089796E+0	2.273943E+0	-9.089368E+0	1.615520E-1	2.405662E+3	-1.886286E+3	4.685574E+3	-2.890646E+3	7.107512E+3	-1.069290E+4	8.370104E+3	-1.718633E+4
9.992000E+1	-9.098492E+0	2.390857E+0	-9.098064E+0	1.614633E-1	2.406410E+3	-1.886708E+3	4.685200E+3	-2.891115E+3	7.108355E+3	-1.069290E+4	8.369730E+3	-1.718520E+4
9.993000E+1	-9.108694E+0	2.405293E+0	-9.108266E+0	1.613592E-1	2.406410E+3	-1.887223E+3	4.685200E+3	-2.892146E+3	7.109383E+3	-1.069290E+4	8.369730E+3	-1.718520E+4
9.994000E+1	-9.118917E+0	2.275166E+0	-9.118489E+0	1.612549E-1	2.406410E+3	-1.887738E+3	4.685200E+3	-2.893176E+3	7.110410E+3	-1.069290E+4	8.369730E+3	-1.718520E+4
9.995000E+1	-9.128061E+0	2.238043E+0	-9.127633E+0	1.611616E-1	2.406410E+3	-1.888253E+3	4.685200E+3	-2.894207E+3	7.111438E+3	-1.069290E+4	8.369730E+3	-1.718520E+4
9.996000E+1	-9.137123E+0	2.339873E+0	-9.136695E+0	1.610691E-1	2.406198E+3	-1.888510E+3	4.685412E+3	-2.894508E+3	7.111738E+3	-1.069269E+4	8.370364E+3	-1.718520E+4
9.997000E+1	-9.145722E+0	2.354528E+0	-9.145294E+0	1.609814E-1	2.405777E+3	-1.888510E+3	4.685833E+3	-2.894087E+3	7.111317E+3	-1.069228E+4	8.371626E+3	-1.718520E+4
9.998000E+1	-9.154653E+0	2.341905E+0	-9.154225E+0	1.608902E-1	2.405355E+3	-1.888510E+3	4.686255E+3	-2.893665E+3	7.110895E+3	-1.069187E+4	8.372889E+3	-1.718520E+4
9.999000E+1	-9.164027E+0	2.200887E+0	-9.163599E+0	1.607946E-1	2.404934E+3	-1.888510E+3	4.686676E+3	-2.893244E+3	7.110474E+3	-1.069146E+4	8.374151E+3	-1.718520E+4
1.000000E+2	-9.173555E+0	2.358060E+0	-9.173127E+0	1.606974E-1	2.404609E+3	-1.888510E+3	4.687050E+3	-2.892821E+3	7.110100E+3	-1.069120E+4	8.375245E+3	-1.718523E+4
1.000100E+2	-9.183706E+0	2.428158E+0	-9.183278E+0	1.605938E-1	2.405040E+3	-1.888510E+3	4.687050E+3	-2.892390E+3	7.110100E+3	-1.069206E+4	8.375030E+3	-1.718545E+4
1.000200E+2	-9.194285E+0	2.317912E+0	-9.193857E+0	1.604858E-1	2.405472E+3	-1.888510E+3	4.687050E+3	-2.891958E+3	7.110100E+3	-1.069292E+4	8.374814E+3	-1.718567E+4
1.000300E+2	-9.204850E+0	2.279213E+0	-9.204422E+0	1.603780E-1	2.405903E+3	-1.888510E+3	4.687050E+3	-2.891527E+3	7.110100E+3	-1.069379E+4	8.374598E+3	-1.718589E+4
1.000400E+2	-9.215797E+0	2.271086E+0	-9.215369E+0	1.602663E-1	2.406335E+3	-1.888510E+3	4.687050E+3	-2.891095E+3	7.110100E+3	-1.069465E+4	8.374383E+3	-1.718611E+4
1.000500E+2	-9.227084E+0	2.310413E+0	-9.226656E+0	1.601511E-1	2.406766E+3	-1.888510E+3	4.687050E+3	-2.890664E+3	7.110100E+3	-1.069551E+4	8.374167E+3	-1.718633E+4
1.000600E+2	-9.238855E+0	2.360032E+0	-9.238427E+0	1.600310E-1	2.407197E+3	-1.888510E+3	4.687050E+3	-2.890233E+3	7.110100E+3	-1.069637E+4	8.373951E+3	-1.718655E+4
1.000700E+2	-9.250041E+0	2.272084E+0	-9.249612E+0	1.599169E-1	2.407629E+3	-1.888510E+3	4.687050E+3	-2.889801E+3	7.110100E+3	-1.069724E+4	8.373736E+3	-1.718678E+4
1.000800E+2	-9.260979E+0	2.241544E+0	-9.260551E+0	1.598053E-1	2.408060E+3	-1.888510E+3	4.687050E+3	-2.889370E+3	7.110100E+3	-1.069810E+4	8.373520E+3	-1.718700E+4
1.000900E+2	-9.271412E+0	2.308065E+0	-9.270984E+0	1.596988E-1	2.406186E+3	-1.885034E+3	4.687162E+3	-2.887432E+3	7.110324E+3	-1.069828E+4	8.375607E+3	-1.718879E+4
1.001000E+2	-9.281093E+0	2.359309E+0	-9.280665E+0	1.596000E-1	2.405670E+3	-1.885550E+3	4.687420E+3	-2.887690E+3	7.110840E+3	-1.069776E+4	8.376380E+3	-1.718854E+4
1.001100E+2	-9.290906E+0	2.320828E+0	-9.290478E+0	1.594999E-1	2.405155E+3	-1.886065E+3	4.687678E+3	-2.887948E+3	7.111355E+3	-1.069724E+4	8.377153E+3	-1.718829E+4
1.001200E+2	-9.300570E+0	2.224907E+0	-9.300142E+0	1.594013E-1	2.404639E+3	-1.886581E+3	4.687935E+3	-2.888205E+3	7.111871E+3	-1.069673E+4	8.377926E+3	-1.718804E+4
1.001300E+2	-9.309740E+0	2.310797E+0	-9.309312E+0	1.593077E-1	2.404124E+3	-1.887096E+3	4.688193E+3	-2.888463E+3	7.112386E+3	-1.069621E+4	8.378699E+3	-1.718779E+4
1.001400E+2	-9.319566E+0	2.323668E+0	-9.319138E+0	1.592075E-1	2.403609E+3	-1.887611E+3	4.688451E+3	-2.888721E+3	7.112901E+3	-1.069570E+4	8.379472E+3	-1.718754E+4
1.001500E+2	-9.329019E+0	2.274054E+0	-9.328590E+0	1.591110E-1	2.403093E+3	-1.888127E+3	4.688708E+3	-2.888978E+3	7.113417E+3	-1.069518E+4	8.380245E+3	-1.718729E+4
1.001600E+2	-9.337410E+0	2.233403E+0	-9.336982E+0	1.590254E-1	2.403502E+3	-1.889302E+3	4.688900E+3	-2.889962E+3	7.115384E+3	-1.069399E+4	8.380028E+3	-1.718629E+4
1.001700E+2	-9.345835E+0	2.277791E+0	-9.345407E+0	1.589394E-1	2.404629E+3	-1.890429E+3	4.688900E+3	-2.890951E+3	7.117708E+3	-1.069283E+4	8.379178E+3	-1.718506E+4
1.001800E+2	-9.355387E+0	2.429720E+0	-9.354959E+0	1.588419E-1	2.404735E+3	-1.890535E+3	4.688900E+3	-2.890845E+3	7.118024E+3	-1.069273E+4	8.379494E+3	-1.718485E+4
1.001900E+2	-9.365948E+0	2.337790E+0	-9.365520E+0	1.587342E-1	2.404840E+3	-1.890640E+3	4.688900E+3	-2.890740E+3	7.118341E+3	-1.069263E+4	8.379811E+3	-1.718464E+4
1.002000E+2	-9.376205E+0	2.262902E+0	-9.375777E+0	1.586295E-1	2.404946E+3	-1.890746E+3	4.688900E+3	-2.890634E+3	7.118657E+3	-1.069252E+4	8.380127E+3	-1.718443E+4
1.002100E+2	-9.386020E+0	2.270663E+0	-9.385592E+0	1.585294E-1	2.405051E+3	-1.890851E+3	4.688900E+3	-2.890529E+3	7.118973E+3	-1.069242E+4	8.380443E+3	-1.718422E+4
1.002200E+2	-9.396606E+0	2.369412E+0	-9.396178E+0	1.584213E-1	2.405156E+3	-1.890956E+3	4.688900E+3	-2.890424E+3	7.119289E+3	-1.069232E+4	8.380759E+3	-1.718401E+4
1.002300E+2	-9.407073E+0	2.387983E+0	-9.406645E+0	1.583145E-1	2.405262E+3	-1.891062E+3	4.688900E+3	-2.890318E+3	7.119606E+3	-1.069222E+4	8.381076E+3	-1.718380E+4
1.002400E+2	-9.416130E+0	2.266544E+0	-9.415702E+0	1.582221E-1	2.405367E+3	-1.891167E+3	4.688900E+3	-2.890213E+3	7.119922E+3	-1.069211E+4	8.381392E+3	-1.718359E+4
1.002500E+2	-9.424642E+0	2.217953E+0	-9.424214E+0	1.581353E-1	2.405473E+3	-1.891273E+3	4.688900E+3	-2.890107E+3	7.120238E+3	-1.069201E+4	8.381708E+3	-1.718337E+4
1.002600E+2	-9.433267E+0	2.336478E+0	-9.432839E+0	1.580472E-1	2.405578E+3	-1.891378E+3	4.688900E+3	-2.890002E+3	7.120554E+3	-1.069191E+4	8.382024E+3	-1.718316E+4
1.002700E+2	-9.442178E+0	2.316582E+0	-9.441749E+0	1.579563E-1	2.405684E+3	-1.891484E+3	4.688900E+3	-2.889896E+3	7.120871E+3	-1.069181E+4	8.382341E+3	-1.718295E+4
1.002800E+2	-9.451751E+0	2.319448E+0	-9.451323E+0	1.578586E-1	2.405789E+3	-1.891589E+3	4.688900E+3	-2.889791E+3	7.121187E+3	-1.069170E+4	8.382657E+3	-1.718274E+4
1.002900E+2	-9.462023E+0	2.171214E+0	-9.461595E+0	1.577538E-1	2.405894E+3	-1.891694E+3	4.688900E+3	-2.889686E+3	7.121503E+3	-1.069160E+4	8.382973E+3	-1.718253E+4
1.003000E+2	-9.471787E+0	2.311732E+0	-9.471359E+0	1.576542E-1	2.406000E+3	-1.891800E+3	4.688900E+3	-2.889580E+3	7.121819E+3	-1.069150E+4	8.383289E+3	-1.718232E+4
1.003100E+2	-9.480649E+0	2.411866E+0	-9.480221E+0	1.575637E-1	2.406105E+3	-1.891905E+3	4.688900E+3	-2.889475E+3	7.122136E+3	-1.069140E+4	8.383606E+3	-1.718211E+4
1.003200E+2	-9.490699E+0	2.337380E+0	-9.490271E+0	1.574612E-1	2.406211E+3	-1.892011E+3	4.688900E+3	-2.889369E+3	7.122452E+3	-1.069129E+4	8.383922E+3	-1.718190E+4
1.003300E+2	-9.500545E+0	2.227340E+0	-9.500117E+0	1.573607E-1	2.406316E+3	-1.892116E+3	4.688900E+3	-2.889264E+3	7.122768E+3	-1.069119E+4	8.384238E+3	-1.718169E+4
1.003400E+2	-9.510134E+0	2.292032E+0	-9.509706E+0	1.572629E-1	2.408260E+3	-1.891827E+3	4.688804E+3	-2.887320E+3	7.120912E+3	-1.069148E+4	8.389591E+3	-1.718179E+4
1.003500E+2	-9.520959E+0	2.321074E+0	-9.520531E+0	1.571524E-1	2.408260E+3	-1.888290E+3	4.687920E+3	-2.887320E+3	7.118260E+3	-1.069502E+4	8.385170E+3	-1.718447E+4
1.003600E+2	-9.531500E+0	2.319145E+0	-9.531072E+0	1.570449E-1	2.406405E+3	-1.886670E+3	4.687045E+3	-2.887330E+3	7.115660E+3	-1.069660E+4	8.384520E+3	-1.718890E+4
1.003700E+2	-9.541548E+0	2.222803E+0	-9.541120E+0	1.569423E-1	2.406085E+3	-1.887310E+3	4.686725E+3	-2.887970E+3	7.116300E+3	-1.069660E+4	8.384520E+3	-1.718858E+4
1.003800E+2	-9.551860E+0	2.314732E+0	-9.551432E+0	1.568371E-1	2.405765E+3	-1.887949E+3	4.686405E+3	-2.888609E+3	7.116939E+3	-1.069660E+4	8.384520E+3	-1.718827E+4
1.003900E+2	-9.562199E+0	2.330173E+0	-9.561771E+0	1.567316E-1	2.405445E+3	-1.888589E+3	4.686085E+3	-2.889249E+3	7.117579E+3	-1.069660E+4	8.384520E+3	-1.718796E+4
1.004000E+2	-9.572449E+0	2.272185E+0	-9.572021E+0	1.566270E-1	2.405126E+3	-1.889229E+3	4.685766E+3	-2.889889E+3	7.118219E+3	-1.069660E+4	8.384520E+3	-1.718765E+4
1.004100E+2	-9.581762E+0	2.220235E+0	-9.581334E+0	1.565320E-1	2.404806E+3	-1.889868E+3	4.685446E+3	-2.890528E+3	7.118858E+3	-1.069660E+4	8.384520E+3	-1.718734E+4
1.004200E+2	-9.591240E+0	2.172447E+0	-9.590812E+0	1.564353E-1	2.404560E+3	-1.890441E+3	4.685281E+3	-2.891020E+3	7.121362E+3	-1.069652E+4	8.381063E+3	-1.718512E+4
1.004300E+2	-9.601255E+0	2.274766E+0	-9.600827E+0	1.563331E-1	2.404560E+3	-1.890791E+3	4.685631E+3	-2.891020E+3	7.122062E+3	-1.069618E+4	8.382113E+3	-1.718478E+4
1.004400E+2	-9.611269E+0	2.281605E+0	-9.610840E+0	1.562309E-1	2.404560E+3	-1.891141E+3	4.685981E+3	-2.891020E+3	7.122762E+3	-1.069584E+4	8.383163E+3	-1.718444E+4
1.004500E+2	-9.621523E+0	2.259476E+0	-9.621095E+0	1.561263E-1	2.404560E+3	-1.891491E+3	4.686331E+3	-2.891020E+3	7.123462E+3	-1.069550E+4	8.384213E+3	-1.718410E+4
1.004600E+2	-9.631313E+0	2.221636E+0	-9.630885E+0	1.560264E-1	2.404560E+3	-1.891841E+3	4.686681E+3	-2.891020E+3	7.124162E+3	-1.069516E+4	8.385263E+3	-1.718376E+4
1.004700E+2	-9.640282E+0	2.268166E+0	-9.639853E+0	1.559348E-1	2.404560E+3	-1.892191E+3	4.687031E+3	-2.891020E+3	7.124862E+3	-1.069482E+4	8.386313E+3	-1.718342E+4
1.004800E+2	-9.649146E+0	2.382647E+0	-9.648718E+0	1.558444E-1	2.405963E+3	-1.891509E+3	4.687050E+3	-2.889617E+3	7.124900E+3	-1.069548E+4	8.388474E+3	-1.718408E+4
1.004900E+2	-9.657629E+0	2.309878E+0	-9.657201E+0	1.557578E-1	2.407447E+3	-1.890767E+3	4.687050E+3	-2.888133E+3	7.124900E+3	-1.069620E+4	8.390700E+3	-1.718480E+4
1.005000E+2	-9.667139E+0	2.218882E+0	-9.666711E+0	1.556608E-1	2.408013E+3	-1.890113E+3	4.687050E+3	-2.887320E+3	7.124407E+3	-1.069709E+4	8.391180E+3	-1.718545E+4
1.005100E+2	-9.676947E+0	2.285309E+0	-9.676519E+0	1.555607E-1	2.407468E+3	-1.889568E+3	4.687050E+3	-2.887320E+3	7.123316E+3	-1.069818E+4	8.389543E+3	-1.718601E+4
1.005200E+2	-9.687772E+0	2.312370E+0	-9.687344E+0	1.554502E-1	2.406922E+3	-1.889022E+3	4.687050E+3	-2.887320E+3	7.122224E+3	-1.069928E+4	8.387907E+3	-1.718657E+4
1.005300E+2	-9.697938E+0	2.266110E+0	-9.697510E+0	1.553465E-1	2.406385E+3	-1.888535E+3	4.687075E+3	-2.887295E+3	7.121250E+3	-1.070025E+4	8.386496E+3	-1.718707E+4
1.005400E+2	-9.708394E+0	2.163260E+0	-9.707966E+0	1.552398E-1	2.405973E+3	-1.888947E+3	4.687487E+3	-2.886883E+3	7.122075E+3	-1.069943E+4	8.388557E+3	-1.718665E+4
1.005500E+2	-9.718781E+0	2.186625E+0	-9.718352E+0	1.551338E-1	2.405560E+3	-1.889360E+3	4.687900E+3	-2.886470E+3	7.122899E+3	-1.069860E+4	8.390618E+3	-1.718623E+4
1.005600E+2	-9.728265E+0	2.311690E+0	-9.727837E+0	1.550371E-1	2.405148E+3	-1.889772E+3	4.688312E+3	-2.886058E+3	7.123724E+3	-1.069778E+4	8.392679E+3	-1.718580E+4
1.005700E+2	-9.737364E+0	2.266806E+0	-9.736936E+0	1.549442E-1	2.404736E+3	-1.890184E+3	4.688724E+3	-2.885646E+3	7.124548E+3	-1.069695E+4	8.394740E+3	-1.718538E+4
1.005800E+2	-9.746451E+0	2.255659E+0	-9.746023E+0	1.548515E-1	2.404969E+3	-1.890564E+3	4.688900E+3	-2.885674E+3	7.125309E+3	-1.069640E+4	8.395620E+3	-1.718500E+4
1.005900E+2	-9.755055E+0	2.202710E+0	-9.754627E+0	1.547637E-1	2.405682E+3	-1.890921E+3	4.688900E+3	-2.886031E+3	7.126022E+3	-1.069605E+4	8.395620E+3	-1.718465E+4
1.006000E+2	-9.763991E+0	2.313481E+0	-9.763563E+0	1.546725E-1	2.406396E+3	-1.891278E+3	4.688900E+3	-2.886388E+3	7.126736E+3	-1.069571E+4	8.395620E+3	-1.718431E+4
1.006100E+2	-9.774400E+0	2.358682E+0	-9.773972E+0	1.545663E-1	2.407109E+3	-1.891635E+3	4.688900E+3	-2.886745E+3	7.127449E+3	-1.069536E+4	8.395620E+3	-1.718396E+4
1.006200E+2	-9.784669E+0	2.246899E+0	-9.784241E+0	1.544615E-1	2.407823E+3	-1.891991E+3	4.688900E+3	-2.887101E+3	7.128163E+3	-1.069501E+4	8.395620E+3	-1.718361E+4
1.006300E+2	-9.794895E+0	2.189598E+0	-9.794467E+0	1.543572E-1	2.408224E+3	-1.892246E+3	4.688864E+3	-2.887356E+3	7.128600E+3	-1.069483E+4	8.395513E+3	-1.718340E+4
1.006400E+2	-9.805320E+0	2.203240E+0	-9.804892E+0	1.542508E-1	2.408132E+3	-1.892337E+3	4.688772E+3	-2.887448E+3	7.128600E+3	-1.069492E+4	8.395236E+3	-1.718340E+4
1.006500E+2	-9.815606E+0	2.312436E+0	-9.815178E+0	1.541458E-1	2.408040E+3	-1.892429E+3	4.688680E+3	-2.887540E+3	7.128600E+3	-1.069501E+4	8.394959E+3	-1.718340E+4
1.006600E+2	-9.826545E+0	2.294095E+0	-9.826117E+0	1.540342E-1	2.407947E+3	-1.892521E+3	4.688587E+3	-2.887633E+3	7.128600E+3	-1.069510E+4	8.394682E+3	-1.718340E+4
1.006700E+2	-9.837664E+0	2.204839E+0	-9.837235E+0	1.539207E-1	2.407855E+3	-1.892613E+3	4.688495E+3	-2.887725E+3	7.128600E+3	-1.069519E+4	8.394405E+3	-1.718340E+4
1.006800E+2	-9.849408E+0	2.250066E+0	-9.848980E+0	1.538009E-1	2.407763E+3	-1.892704E+3	4.688403E+3	-2.887817E+3	7.128600E+3	-1.069528E+4	8.394129E+3	-1.718340E+4
1.006900E+2	-9.861674E+0	2.317777E+0	-9.861246E+0	1.536757E-1	2.407671E+3	-1.892796E+3	4.688311E+3	-2.887909E+3	7.128600E+3	-1.069537E+4	8.393852E+3	-1.718340E+4
1.007000E+2	-9.873434E+0	2.282448E+0	-9.873006E+0	1.535557E-1	2.407578E+3	-1.892888E+3	4.688218E+3	-2.888002E+3	7.128600E+3	-1.069546E+4	8.393575E+3	-1.718340E+4
1.007100E+2	-9.884118E+0	2.252526E+0	-9.883690E+0	1.534467E-1	2.407486E+3	-1.892980E+3	4.688126E+3	-2.888094E+3	7.128600E+3	-1.069555E+4	8.393298E+3	-1.718340E+4
1.007200E+2	-9.893977E+0	2.239479E+0	-9.893549E+0	1.533461E-1	2.407394E+3	-1.893072E+3	4.688034E+3	-2.888186E+3	7.128600E+3	-1.069564E+4	8.393021E+3	-1.718340E+4
1.007300E+2	-9.904081E+0	2.411204E+0	-9.903653E+0	1.532430E-1	2.407301E+3	-1.893163E+3	4.687941E+3	-2.888279E+3	7.128600E+3	-1.069573E+4	8.392744E+3	-1.718340E+4
1.007400E+2	-9.913122E+0	2.339445E+0	-9.912694E+0	1.531508E-1	2.407209E+3	-1.893255E+3	4.687849E+3	-2.888371E+3	7.128600E+3	-1.069582E+4	8.392467E+3	-1.718340E+4
1.007500E+2	-9.922141E+0	2.228283E+0	-9.921713E+0	1.530587E-1	2.407117E+3	-1.893347E+3	4.687757E+3	-2.888463E+3	7.128600E+3	-1.069591E+4	8.392191E+3	-1.718340E+4
1.007600E+2	-9.931770E+0	2.096695E+0	-9.931341E+0	1.529605E-1	2.407025E+3	-1.893439E+3	4.687665E+3	-2.888555E+3	7.128600E+3	-1.069600E+4	8.391914E+3	-1.718340E+4
1.007700E+2	-9.941538E+0	2.201142E+0	-9.941110E+0	1.528608E-1	2.406932E+3	-1.893531E+3	4.687572E+3	-2.888648E+3	7.128600E+3	-1.069609E+4	8.391637E+3	-1.718340E+4
1.007800E+2	-9.951699E+0	2.349476E+0	-9.951271E+0	1.527571E-1	2.406840E+3	-1.893622E+3	4.687480E+3	-2.888740E+3	7.128600E+3	-1.069618E+4	8.391360E+3	-1.718340E+4
1.007900E+2	-9.962180E+0	2.288335E+0	-9.961752E+0	1.526502E-1	2.406748E+3	-1.893714E+3	4.687388E+3	-2.888832E+3	7.128600E+3	-1.069627E+4	8.391083E+3	-1.718340E+4
1.008000E+2	-9.971537E+0	2.139395E+0	-9.971108E+0	1.525547E-1	2.406655E+3	-1.893806E+3	4.687295E+3	-2.888925E+3	7.128600E+3	-1.069636E+4	8.390806E+3	-1.718340E+4
1.008100E+2	-9.980881E+0	2.267417E+0	-9.980453E+0	1.524593E-1	2.406563E+3	-1.893898E+3	4.687203E+3	-2.889017E+3	7.128600E+3	-1.069645E+4	8.390529E+3	-1.718340E+4
1.008200E+2	-9.990420E+0	2.307301E+0	-9.989992E+0	1.523620E-1	2.406471E+3	-1.893989E+3	4.687111E+3	-2.889109E+3	7.128600E+3	-1.069654E+4	8.390253E+3	-1.718340E+4
1.008300E+2	-9.999988E+0	2.337183E+0	-9.999560E+0	1.522644E-1	2.406339E+3	-1.893979E+3	4.687050E+3	-2.889170E+3	7.128600E+3	-1.069660E+4	8.390283E+3	-1.718347E+4
1.008400E+2	-1.000867E+1	2.211289E+0	-1.000825E+1	1.521757E-1	2.406131E+3	-1.893772E+3	4.687050E+3	-2.889170E+3	7.128600E+3	-1.069660E+4	8.390908E+3	-1.718367E+4
1.008500E+2	-1.001727E+1	2.276593E+0	-1.001684E+1	1.520880E-1	2.405922E+3	-1.893565E+3	4.687050E+3	-2.889170E+3	7.128600E+3	-1.069660E+4	8.391533E+3	-1.718387E+4
1.008600E+2	-1.002601E+1	2.376990E+0	-1.002558E+1	1.519989E-1	2.405714E+3	-1.893358E+3	4.687050E+3	-2.889170E+3	7.128600E+3	-1.069660E+4	8.392158E+3	-1.718408E+4
1.008700E+2	-1.003471E+1	2.310129E+0	-1.003428E+1	1.519100E-1	2.405506E+3	-1.893151E+3	4.687050E+3	-2.889170E+3	7.128600E+3	-1.069660E+4	8.392783E+3	-1.718428E+4
1.008800E+2	-1.004456E+1	2.227187E+0	-1.004413E+1	1.518096E-1	2.405297E+3	-1.892943E+3	4.687050E+3	-2.889170E+3	7.128600E+3	-1.069660E+4	8.393408E+3	-1.718448E+4
1.008900E+2	-1.005445E+1	2.192518E+0	-1.005402E+1	1.517086E-1	2.405089E+3	-1.892736E+3	4.687050E+3	-2.889170E+3	7.128600E+3	-1.069660E+4	8.394033E+3	-1.718469E+4
1.009000E+2	-1.006370E+1	2.309740E+0	-1.006327E+1	1.516142E-1	2.404881E+3	-1.892529E+3	4.687050E+3	-2.889170E+3	7.128600E+3	-1.069660E+4	8.394658E+3	-1.718489E+4
1.009100E+2	-1.007354E+1	2.369136E+0	-1.007312E+1	1.515138E-1	2.404672E+3	-1.892322E+3	4.687050E+3	-2.889170E+3	7.128600E+3	-1.069660E+4	8.395283E+3	-1.718509E+4
1.009200E+2	-1.008323E+1	2.233014E+0	-1.008280E+1	1.514150E-1	2.404560E+3	-1.890360E+3	4.690750E+3	-2.887260E+3	7.139640E+3	-1.069654E+4	8.403200E+3	-1.717976E+4
1.009300E+2	-1.009270E+1	2.232474E+0	-1.009227E+1	1.513183E-1	2.404560E+3	-1.890360E+3	4.690750E+3	-2.887096E+3	7.139476E+3	-1.069638E+4	8.403692E+3	-1.717992E+4
1.009400E+2	-1.010338E+1	2.256131E+0	-1.010295E+1	1.512093E-1	2.404560E+3	-1.890360E+3	4.690750E+3	-2.886932E+3	7.139312E+3	-1.069622E+4	8.404184E+3	-1.718008E+4
1.009500E+2	-1.011361E+1	2.357770E+0	-1.011319E+1	1.511049E-1	2.404560E+3	-1.890360E+3	4.690750E+3	-2.886768E+3	7.139148E+3	-1.069606E+4	8.404677E+3	-1.718024E+4
1.009600E+2	-1.012272E+1	2.316124E+0	-1.012229E+1	1.510120E-1	2.404560E+3	-1.890360E+3	4.690750E+3	-2.886604E+3	7.138984E+3	-1.069590E+4	8.405169E+3	-1.718040E+4
1.009700E+2	-1.013177E+1	2.167684E+0	-1.013135E+1	1.509196E-1	2.404560E+3	-1.890360E+3	4.690750E+3	-2.886440E+3	7.138820E+3	-1.069574E+4	8.405661E+3	-1.718056E+4
1.009800E+2	-1.014107E+1	2.269399E+0	-1.014064E+1	1.508247E-1	2.404560E+3	-1.890360E+3	4.690750E+3	-2.886276E+3	7.138656E+3	-1.069558E+4	8.406153E+3	-1.718072E+4
1.009900E+2	-1.014989E+1	2.371594E+0	-1.014946E+1	1.507348E-1	2.404560E+3	-1.890360E+3	4.690750E+3	-2.886111E+3	7.138491E+3	-1.069542E+4	8.406646E+3	-1.718088E+4
1.010000E+2	-1.015867E+1	2.268755E+0	-1.015824E+1	1.506451E-1	2.404560E+3	-1.890360E+3	4.690750E+3	-2.885947E+3	7.138327E+3	-1.069526E+4	8.407138E+3	-1.718104E+4
1.010100E+2	-1.016819E+1	2.179203E+0	-1.016776E+1	1.505481E-1	2.404560E+3	-1.890360E+3	4.690750E+3	-2.885783E+3	7.138163E+3	-1.069510E+4	8.407630E+3	-1.718120E+4
1.010200E+2	-1.017814E+1	2.178971E+0	-1.017771E+1	1.504465E-1	2.404560E+3	-1.890360E+3	4.690750E+3	-2.885619E+3	7.137999E+3	-1.069495E+4	8.408123E+3	-1.718135E+4
1.010300E+2	-1.018802E+1	2.363843E+0	-1.018759E+1	1.503457E-1	2.404591E+3	-1.890329E+3	4.690719E+3	-2.885470E+3	7.137850E+3	-1.069486E+4	8.408601E+3	-1.718150E+4
1.010400E+2	-1.019933E+1	2.263105E+0	-1.019890E+1	1.502303E-1	2.404928E+3	-1.889992E+3	4.690382E+3	-2.885470E+3	7.137850E+3	-1.069554E+4	8.408938E+3	-1.718150E+4
1.010500E+2	-1.021048E+1	2.237226E+0	-1.021005E+1	1.501165E-1	2.405266E+3	-1.889654E+3	4.690044E+3	-2.885470E+3	7.137850E+3	-1.069621E+4	8.409276E+3	-1.718150E+4
1.010600E+2	-1.022120E+1	2.232211E+0	-1.022077E+1	1.500071E-1	2.405603E+3	-1.889317E+3	4.689707E+3	-2.885470E+3	7.137850E+3	-1.069689E+4	8.409613E+3	-1.718150E+4
1.010700E+2	-1.023167E+1	2.302536E+0	-1.023124E+1	1.499003E-1	2.405941E+3	-1.888979E+3	4.689369E+3	-2.885470E+3	7.137850E+3	-1.069756E+4	8.409951E+3	-1.718150E+4
1.010800E+2	-1.024208E+1	2.308367E+0	-1.024165E+1	1.497941E-1	2.406278E+3	-1.888642E+3	4.689032E+3	-2.885470E+3	7.137850E+3	-1.069824E+4	8.410288E+3	-1.718150E+4
1.010900E+2	-1.025233E+1	2.237588E+0	-1.025190E+1	1.496895E-1	2.405331E+3	-1.890617E+3	4.690750E+3	-2.883620E+3	7.139957E+3	-1.069850E+4	8.412013E+3	-1.718289E+4
1.011000E+2	-1.026181E+1	2.144224E+0	-1.026138E+1	1.495927E-1	2.406596E+3	-1.891039E+3	4.690750E+3	-2.883620E+3	7.140379E+3	-1.069850E+4	8.411591E+3	-1.718204E+4
1.011100E+2	-1.027152E+1	2.301011E+0	-1.027109E+1	1.494937E-1	2.407860E+3	-1.891460E+3	4.690750E+3	-2.883620E+3	7.140800E+3	-1.069850E+4	8.411170E+3	-1.718120E+4
1.011200E+2	-1.028160E+1	2.317708E+0	-1.028117E+1	1.493908E-1	2.409125E+3	-1.891882E+3	4.690750E+3	-2.883620E+3	7.141222E+3	-1.069850E+4	8.410748E+3	-1.718036E+4
1.011300E+2	-1.029161E+1	2.277792E+0	-1.029118E+1	1.492887E-1	2.409958E+3	-1.892210E+3	4.690750E+3	-2.883620E+3	7.141854E+3	-1.069850E+4	8.410420E+3	-1.717970E+4
1.011400E+2	-1.030098E+1	2.126556E+0	-1.030056E+1	1.491930E-1	2.409271E+3	-1.892210E+3	4.690750E+3	-2.883620E+3	7.143228E+3	-1.069850E+4	8.410420E+3	-1.717970E+4
1.011500E+2	-1.031090E+1	2.254675E+0	-1.031047E+1	1.490918E-1	2.408584E+3	-1.892210E+3	4.690750E+3	-2.883620E+3	7.144602E+3	-1.069850E+4	8.410420E+3	-1.717970E+4
1.011600E+2	-1.032100E+1	2.328727E+0	-1.032057E+1	1.489887E-1	2.408260E+3	-1.892654E+3	4.690973E+3	-2.883843E+3	7.145696E+3	-1.069805E+4	8.411534E+3	-1.717947E+4
1.011700E+2	-1.033181E+1	2.225461E+0	-1.033138E+1	1.488784E-1	2.408260E+3	-1.893495E+3	4.691394E+3	-2.884264E+3	7.146539E+3	-1.069721E+4	8.413642E+3	-1.717904E+4
1.011800E+2	-1.034202E+1	2.190091E+0	-1.034159E+1	1.487743E-1	2.408260E+3	-1.894336E+3	4.691816E+3	-2.884686E+3	7.147382E+3	-1.069637E+4	8.415750E+3	-1.717861E+4
1.011900E+2	-1.035217E+1	2.245997E+0	-1.035174E+1	1.486707E-1	2.408260E+3	-1.895177E+3	4.692238E+3	-2.885108E+3	7.148225E+3	-1.069552E+4	8.417858E+3	-1.717817E+4
1.012000E+2	-1.036329E+1	2.315806E+0	-1.036286E+1	1.485572E-1	2.408334E+3	-1.895380E+3	4.692451E+3	-2.885396E+3	7.148727E+3	-1.069502E+4	8.419521E+3	-1.717795E+4
1.012100E+2	-1.037539E+1	2.322299E+0	-1.037496E+1	1.484337E-1	2.408864E+3	-1.891673E+3	4.691391E+3	-2.884866E+3	7.147137E+3	-1.069660E+4	8.418461E+3	-1.717901E+4
1.012200E+2	-1.038641E+1	2.247816E+0	-1.038598E+1	1.483213E-1	2.409394E+3	-1.887967E+3	4.690332E+3	-2.884336E+3	7.145547E+3	-1.069817E+4	8.417402E+3	-1.718007E+4
1.012300E+2	-1.039536E+1	2.258967E+0	-1.039493E+1	1.482300E-1	2.409924E+3	-1.884260E+3	4.689272E+3	-2.883806E+3	7.143957E+3	-1.069975E+4	8.416342E+3	-1.718113E+4
1.012400E+2	-1.040443E+1	2.300587E+0	-1.040400E+1	1.481375E-1	2.409307E+3	-1.883228E+3	4.689168E+3	-2.883620E+3	7.143400E+3	-1.070057E+4	8.415970E+3	-1.718150E+4
1.012500E+2	-1.041350E+1	2.336186E+0	-1.041307E+1	1.480449E-1	2.408070E+3	-1.883640E+3	4.689580E+3	-2.883620E+3	7.143400E+3	-1.070100E+4	8.415970E+3	-1.718150E+4
1.012600E+2	-1.042114E+1	2.246298E+0	-1.042071E+1	1.479669E-1	2.406834E+3	-1.884052E+3	4.689992E+3	-2.883620E+3	7.143400E+3	-1.070142E+4	8.415970E+3	-1.718150E+4
1.012700E+2	-1.042910E+1	2.123741E+0	-1.042867E+1	1.478857E-1	2.405597E+3	-1.884464E+3	4.690404E+3	-2.883620E+3	7.143400E+3	-1.070185E+4	8.415970E+3	-1.718150E+4
1.012800E+2	-1.043832E+1	2.299669E+0	-1.043789E+1	1.477916E-1	2.404651E+3	-1.884992E+3	4.690750E+3	-2.883620E+3	7.143491E+3	-1.070211E+4	8.416152E+3	-1.718150E+4
1.012900E+2	-1.044787E+1	2.310152E+0	-1.044744E+1	1.476942E-1	2.405213E+3	-1.886116E+3	4.690750E+3	-2.883620E+3	7.144053E+3	-1.070153E+4	8.417276E+3	-1.718150E+4
1.013000E+2	-1.045760E+1	2.250194E+0	-1.045718E+1	1.475948E-1	2.405775E+3	-1.887240E+3	4.690750E+3	-2.883620E+3	7.144615E+3	-1.070095E+4	8.418400E+3	-1.718150E+4
1.013100E+2	-1.046743E+1	2.208963E+0	-1.046700E+1	1.474945E-1	2.406337E+3	-1.888364E+3	4.690750E+3	-2.883620E+3	7.145177E+3	-1.070037E+4	8.419524E+3	-1.718150E+4
1.013200E+2	-1.047647E+1	2.237752E+0	-1.047604E+1	1.474023E-1	2.406410E+3	-1.888678E+3	4.690582E+3	-2.883788E+3	7.145418E+3	-1.070030E+4	8.418997E+3	-1.718150E+4
1.013300E+2	-1.048536E+1	2.401848E+0	-1.048493E+1	1.473116E-1	2.406410E+3	-1.888871E+3	4.690389E+3	-2.883981E+3	7.145611E+3	-1.070030E+4	8.418224E+3	-1.718150E+4
1.013400E+2	-1.049569E+1	2.266376E+0	-1.049526E+1	1.472062E-1	2.406410E+3	-1.889065E+3	4.690195E+3	-2.884175E+3	7.145805E+3	-1.070030E+4	8.417452E+3	-1.718150E+4
1.013500E+2	-1.050677E+1	2.257179E+0	-1.050634E+1	1.470931E-1	2.406410E+3	-1.889258E+3	4.690002E+3	-2.884368E+3	7.145998E+3	-1.070030E+4	8.416679E+3	-1.718150E+4
1.013600E+2	-1.051772E+1	2.288750E+0	-1.051729E+1	1.469814E-1	2.406410E+3	-1.889451E+3	4.689809E+3	-2.884561E+3	7.146191E+3	-1.070030E+4	8.415906E+3	-1.718150E+4
1.013700E+2	-1.052791E+1	2.279486E+0	-1.052749E+1	1.468774E-1	2.406410E+3	-1.889644E+3	4.689616E+3	-2.884754E+3	7.146384E+3	-1.070030E+4	8.415133E+3	-1.718150E+4
1.013800E+2	-1.053662E+1	2.313174E+0	-1.053620E+1	1.467885E-1	2.406410E+3	-1.889838E+3	4.689422E+3	-2.884948E+3	7.146578E+3	-1.070030E+4	8.414360E+3	-1.718150E+4
1.013900E+2	-1.054516E+1	2.230752E+0	-1.054473E+1	1.467014E-1	2.406410E+3	-1.890031E+3	4.689229E+3	-2.885141E+3	7.146771E+3	-1.070030E+4	8.413587E+3	-1.718150E+4
1.014000E+2	-1.055360E+1	2.149965E+0	-1.055317E+1	1.466153E-1	2.406410E+3	-1.890224E+3	4.689036E+3	-2.885334E+3	7.146964E+3	-1.070030E+4	8.412814E+3	-1.718150E+4
1.014100E+2	-1.056167E+1	2.332415E+0	-1.056125E+1	1.465329E-1	2.406621E+3	-1.890571E+3	4.688900E+3	-2.885681E+3	7.146889E+3	-1.070030E+4	8.412059E+3	-1.718150E+4
1.014200E+2	-1.056999E+1	2.347953E+0	-1.056957E+1	1.464480E-1	2.407335E+3	-1.891285E+3	4.688900E+3	-2.886395E+3	7.146175E+3	-1.070030E+4	8.411345E+3	-1.718150E+4
1.014300E+2	-1.057990E+1	2.283888E+0	-1.057948E+1	1.463469E-1	2.408048E+3	-1.891998E+3	4.688900E+3	-2.887108E+3	7.145462E+3	-1.070030E+4	8.410632E+3	-1.718150E+4
1.014400E+2	-1.059000E+1	2.165802E+0	-1.058957E+1	1.462438E-1	2.408260E+3	-1.891279E+3	4.687969E+3	-2.886389E+3	7.144319E+3	-1.070030E+4	8.413214E+3	-1.718246E+4
1.014500E+2	-1.059994E+1	2.286769E+0	-1.059951E+1	1.461424E-1	2.408337E+3	-1.890206E+3	4.687127E+3	-2.885393E+3	7.143630E+3	-1.070045E+4	8.416124E+3	-1.718332E+4
1.014600E+2	-1.060998E+1	2.330404E+0	-1.060956E+1	1.460399E-1	2.408587E+3	-1.889705E+3	4.687377E+3	-2.885143E+3	7.144382E+3	-1.070095E+4	8.416625E+3	-1.718306E+4
1.014700E+2	-1.062046E+1	2.264919E+0	-1.062003E+1	1.459330E-1	2.408838E+3	-1.889204E+3	4.687628E+3	-2.884892E+3	7.145134E+3	-1.070146E+4	8.417126E+3	-1.718281E+4
1.014800E+2	-1.063146E+1	2.249883E+0	-1.063103E+1	1.458208E-1	2.409089E+3	-1.888703E+3	4.687879E+3	-2.884641E+3	7.145886E+3	-1.070196E+4	8.417627E+3	-1.718255E+4
1.014900E+2	-1.064263E+1	2.239149E+0	-1.064220E+1	1.457068E-1	2.409339E+3	-1.888202E+3	4.688129E+3	-2.884391E+3	7.146637E+3	-1.070246E+4	8.418128E+3	-1.718229E+4
1.015000E+2	-1.065347E+1	2.368281E+0	-1.065304E+1	1.455962E-1	2.409590E+3	-1.887701E+3	4.688380E+3	-2.884140E+3	7.147389E+3	-1.070296E+4	8.418629E+3	-1.718203E+4
1.015100E+2	-1.066433E+1	2.332112E+0	-1.066390E+1	1.454854E-1	2.409840E+3	-1.887200E+3	4.688630E+3	-2.883890E+3	7.148141E+3	-1.070346E+4	8.419130E+3	-1.718178E+4
1.015200E+2	-1.067552E+1	2.188775E+0	-1.067509E+1	1.453712E-1	2.410091E+3	-1.886698E+3	4.688881E+3	-2.883639E+3	7.148892E+3	-1.070396E+4	8.419632E+3	-1.718152E+4
1.015300E+2	-1.068677E+1	2.183349E+0	-1.068634E+1	1.452564E-1	2.408790E+3	-1.889301E+3	4.690220E+3	-2.880986E+3	7.151591E+3	-1.070400E+4	8.423631E+3	-1.718022E+4
1.015400E+2	-1.069711E+1	2.281010E+0	-1.069669E+1	1.451508E-1	2.408260E+3	-1.890647E+3	4.690654E+3	-2.880026E+3	7.152554E+3	-1.070381E+4	8.425220E+3	-1.717970E+4
1.015500E+2	-1.070630E+1	2.302468E+0	-1.070588E+1	1.450571E-1	2.408260E+3	-1.891102E+3	4.690502E+3	-2.880178E+3	7.152402E+3	-1.070350E+4	8.425220E+3	-1.717970E+4
1.015600E+2	-1.071529E+1	2.253575E+0	-1.071487E+1	1.449653E-1	2.408260E+3	-1.891557E+3	4.690350E+3	-2.880330E+3	7.152250E+3	-1.070320E+4	8.425220E+3	-1.717970E+4
1.015700E+2	-1.072282E+1	2.131924E+0	-1.072239E+1	1.448886E-1	2.408260E+3	-1.892013E+3	4.690198E+3	-2.880482E+3	7.152098E+3	-1.070290E+4	8.425220E+3	-1.717970E+4
1.015800E+2	-1.072942E+1	2.283326E+0	-1.072899E+1	1.448212E-1	2.408260E+3	-1.892468E+3	4.690046E+3	-2.880634E+3	7.151946E+3	-1.070259E+4	8.425220E+3	-1.717970E+4
1.015900E+2	-1.073674E+1	2.254734E+0	-1.073631E+1	1.447465E-1	2.408260E+3	-1.892923E+3	4.689894E+3	-2.880786E+3	7.151794E+3	-1.070229E+4	8.425220E+3	-1.717970E+4
1.016000E+2	-1.074467E+1	2.247036E+0	-1.074424E+1	1.446656E-1	2.408260E+3	-1.893379E+3	4.689742E+3	-2.880938E+3	7.151642E+3	-1.070198E+4	8.425220E+3	-1.717970E+4
1.016100E+2	-1.075283E+1	2.138446E+0	-1.075240E+1	1.445823E-1	2.408260E+3	-1.893834E+3	4.689590E+3	-2.881090E+3	7.151490E+3	-1.070168E+4	8.425220E+3	-1.717970E+4
1.016200E+2	-1.076215E+1	2.213141E+0	-1.076172E+1	1.444872E-1	2.408260E+3	-1.894289E+3	4.689438E+3	-2.881242E+3	7.151338E+3	-1.070138E+4	8.425220E+3	-1.717970E+4
1.016300E+2	-1.077233E+1	2.365971E+0	-1.077190E+1	1.443833E-1	2.408260E+3	-1.894745E+3	4.689286E+3	-2.881394E+3	7.151186E+3	-1.070107E+4	8.425220E+3	-1.717970E+4
1.016400E+2	-1.078234E+1	2.265013E+0	-1.078192E+1	1.442811E-1	2.408260E+3	-1.895200E+3	4.689134E+3	-2.881546E+3	7.151034E+3	-1.070077E+4	8.425220E+3	-1.717970E+4
1.016500E+2	-1.079223E+1	2.158546E+0	-1.079180E+1	1.441803E-1	2.408260E+3	-1.895655E+3	4.688982E+3	-2.881698E+3	7.150882E+3	-1.070046E+4	8.425220E+3	-1.717970E+4
1.016600E+2	-1.080314E+1	2.194493E+0	-1.080271E+1	1.440689E-1	2.406542E+3	-1.893918E+3	4.688966E+3	-2.885470E+3	7.154500E+3	-1.070030E+4	8.425418E+3	-1.717963E+4
1.016700E+2	-1.081443E+1	2.263233E+0	-1.081400E+1	1.439538E-1	2.406827E+3	-1.893634E+3	4.689109E+3	-2.885470E+3	7.154500E+3	-1.070030E+4	8.425845E+3	-1.717949E+4
1.016800E+2	-1.082567E+1	2.307280E+0	-1.082524E+1	1.438391E-1	2.407113E+3	-1.893349E+3	4.689251E+3	-2.885470E+3	7.154500E+3	-1.070030E+4	8.426272E+3	-1.717934E+4
1.016900E+2	-1.083631E+1	2.199953E+0	-1.083588E+1	1.437305E-1	2.407398E+3	-1.893065E+3	4.689394E+3	-2.885470E+3	7.154500E+3	-1.070030E+4	8.426699E+3	-1.717919E+4
1.017000E+2	-1.084682E+1	2.241023E+0	-1.084639E+1	1.436232E-1	2.407683E+3	-1.892780E+3	4.689537E+3	-2.885470E+3	7.154500E+3	-1.070030E+4	8.427127E+3	-1.717905E+4
1.017100E+2	-1.085721E+1	2.319358E+0	-1.085678E+1	1.435172E-1	2.407969E+3	-1.892495E+3	4.689679E+3	-2.885470E+3	7.154500E+3	-1.070030E+4	8.427554E+3	-1.717890E+4
1.017200E+2	-1.086693E+1	2.275970E+0	-1.086651E+1	1.434180E-1	2.408254E+3	-1.892211E+3	4.689822E+3	-2.885470E+3	7.154500E+3	-1.070030E+4	8.427981E+3	-1.717875E+4
1.017300E+2	-1.087627E+1	2.247752E+0	-1.087584E+1	1.433227E-1	2.408540E+3	-1.891926E+3	4.689965E+3	-2.885470E+3	7.154500E+3	-1.070030E+4	8.428409E+3	-1.717861E+4
1.017400E+2	-1.088612E+1	2.141843E+0	-1.088569E+1	1.432222E-1	2.408825E+3	-1.891642E+3	4.690107E+3	-2.885470E+3	7.154500E+3	-1.070030E+4	8.428836E+3	-1.717846E+4
1.017500E+2	-1.089499E+1	2.238362E+0	-1.089456E+1	1.431317E-1	2.409110E+3	-1.891357E+3	4.690250E+3	-2.885470E+3	7.154500E+3	-1.070030E+4	8.429263E+3	-1.717831E+4
1.017600E+2	-1.090368E+1	2.317678E+0	-1.090325E+1	1.430430E-1	2.409396E+3	-1.891072E+3	4.690393E+3	-2.885470E+3	7.154500E+3	-1.070030E+4	8.429690E+3	-1.717817E+4
1.017700E+2	-1.091299E+1	2.158105E+0	-1.091256E+1	1.429480E-1	2.409681E+3	-1.890788E+3	4.690536E+3	-2.885470E+3	7.154500E+3	-1.070030E+4	8.430118E+3	-1.717802E+4
1.017800E+2	-1.092156E+1	2.149018E+0	-1.092113E+1	1.428606E-1	2.409966E+3	-1.890503E+3	4.690678E+3	-2.885470E+3	7.154500E+3	-1.070030E+4	8.430545E+3	-1.717787E+4
1.017900E+2	-1.093102E+1	2.211866E+0	-1.093059E+1	1.427640E-1	2.409847E+3	-1.890097E+3	4.691013E+3	-2.884945E+3	7.155027E+3	-1.070108E+4	8.430497E+3	-1.717807E+4
1.018000E+2	-1.094138E+1	2.339840E+0	-1.094095E+1	1.426583E-1	2.409317E+3	-1.889567E+3	4.691543E+3	-2.883887E+3	7.156087E+3	-1.070266E+4	8.429967E+3	-1.717861E+4
1.018100E+2	-1.095169E+1	2.287954E+0	-1.095126E+1	1.425532E-1	2.408787E+3	-1.889037E+3	4.692073E+3	-2.882830E+3	7.157147E+3	-1.070423E+4	8.429437E+3	-1.717916E+4
1.018200E+2	-1.096188E+1	2.148785E+0	-1.096146E+1	1.424491E-1	2.410107E+3	-1.895900E+3	4.692600E+3	-2.881783E+3	7.163753E+3	-1.070030E+4	8.438150E+3	-1.717600E+4
1.018300E+2	-1.097059E+1	2.211331E+0	-1.097017E+1	1.423602E-1	2.409577E+3	-1.895900E+3	4.692600E+3	-2.882310E+3	7.164280E+3	-1.070085E+4	8.436560E+3	-1.717545E+4
1.018400E+2	-1.097965E+1	2.258689E+0	-1.097922E+1	1.422679E-1	2.409047E+3	-1.895900E+3	4.692600E+3	-2.882838E+3	7.164808E+3	-1.070139E+4	8.434970E+3	-1.717491E+4
1.018500E+2	-1.098976E+1	2.231360E+0	-1.098933E+1	1.421647E-1	2.408517E+3	-1.895900E+3	4.692600E+3	-2.883365E+3	7.165335E+3	-1.070194E+4	8.433380E+3	-1.717436E+4
1.018600E+2	-1.100030E+1	2.195122E+0	-1.099987E+1	1.420571E-1	2.408533E+3	-1.895900E+3	4.692872E+3	-2.883620E+3	7.165863E+3	-1.070192E+4	8.433430E+3	-1.717410E+4
1.018700E+2	-1.100929E+1	2.140379E+0	-1.100886E+1	1.419654E-1	2.409063E+3	-1.895900E+3	4.693399E+3	-2.883620E+3	7.166393E+3	-1.070137E+4	8.435020E+3	-1.717410E+4
1.018800E+2	-1.101779E+1	2.301663E+0	-1.101737E+1	1.418786E-1	2.409593E+3	-1.895900E+3	4.693926E+3	-2.883620E+3	7.166923E+3	-1.070083E+4	8.436610E+3	-1.717410E+4
1.018900E+2	-1.102657E+1	2.221241E+0	-1.102614E+1	1.417890E-1	2.410120E+3	-1.895879E+3	4.694430E+3	-2.883599E+3	7.167440E+3	-1.070030E+4	8.438191E+3	-1.717410E+4
1.019000E+2	-1.103570E+1	2.196436E+0	-1.103527E+1	1.416959E-1	2.410533E+3	-1.895057E+3	4.694020E+3	-2.882777E+3	7.167440E+3	-1.070030E+4	8.439428E+3	-1.717410E+4
1.019100E+2	-1.104531E+1	2.120634E+0	-1.104488E+1	1.415978E-1	2.410945E+3	-1.894235E+3	4.693610E+3	-2.881955E+3	7.167440E+3	-1.070030E+4	8.440664E+3	-1.717410E+4
1.019200E+2	-1.105422E+1	2.193528E+0	-1.105379E+1	1.415069E-1	2.411357E+3	-1.893413E+3	4.693200E+3	-2.881133E+3	7.167440E+3	-1.070030E+4	8.441901E+3	-1.717410E+4
1.019300E+2	-1.106361E+1	2.277820E+0	-1.106318E+1	1.414111E-1	2.411769E+3	-1.892591E+3	4.692790E+3	-2.880311E+3	7.167440E+3	-1.070030E+4	8.443137E+3	-1.717410E+4
1.019400E+2	-1.107345E+1	2.222895E+0	-1.107302E+1	1.413107E-1	2.412253E+3	-1.891917E+3	4.692307E+3	-2.879930E+3	7.167147E+3	-1.070117E+4	8.443124E+3	-1.717440E+4
1.019500E+2	-1.108318E+1	2.147628E+0	-1.108275E+1	1.412114E-1	2.412799E+3	-1.891371E+3	4.691761E+3	-2.879930E+3	7.166601E+3	-1.070279E+4	8.442033E+3	-1.717496E+4
1.019600E+2	-1.109338E+1	2.266742E+0	-1.109296E+1	1.411073E-1	2.413344E+3	-1.890826E+3	4.691216E+3	-2.879930E+3	7.166056E+3	-1.070441E+4	8.440942E+3	-1.717552E+4
1.019700E+2	-1.110380E+1	2.276289E+0	-1.110337E+1	1.410010E-1	2.413778E+3	-1.890360E+3	4.690782E+3	-2.879898E+3	7.165622E+3	-1.070577E+4	8.440106E+3	-1.717600E+4
1.019800E+2	-1.111473E+1	2.314284E+0	-1.111430E+1	1.408895E-1	2.413560E+3	-1.890360E+3	4.691000E+3	-2.879680E+3	7.165840E+3	-1.070556E+4	8.440760E+3	-1.717600E+4
1.019900E+2	-1.112574E+1	2.196875E+0	-1.112531E+1	1.407771E-1	2.413342E+3	-1.890360E+3	4.691218E+3	-2.879462E+3	7.166058E+3	-1.070534E+4	8.441415E+3	-1.717600E+4
1.020000E+2	-1.113579E+1	2.211201E+0	-1.113536E+1	1.406746E-1	2.413123E+3	-1.890360E+3	4.691437E+3	-2.879243E+3	7.166277E+3	-1.070513E+4	8.442070E+3	-1.717600E+4
1.020100E+2	-1.114446E+1	2.333669E+0	-1.114403E+1	1.405861E-1	2.412905E+3	-1.890360E+3	4.691655E+3	-2.879025E+3	7.166495E+3	-1.070492E+4	8.442724E+3	-1.717600E+4
1.020200E+2	-1.115284E+1	2.301094E+0	-1.115241E+1	1.405006E-1	2.412687E+3	-1.890360E+3	4.691873E+3	-2.878807E+3	7.166713E+3	-1.070471E+4	8.443379E+3	-1.717600E+4
1.020300E+2	-1.116248E+1	2.177404E+0	-1.116205E+1	1.404022E-1	2.412469E+3	-1.890360E+3	4.692091E+3	-2.878589E+3	7.166931E+3	-1.070449E+4	8.444034E+3	-1.717600E+4
1.020400E+2	-1.117221E+1	2.104633E+0	-1.117178E+1	1.403029E-1	2.412251E+3	-1.890360E+3	4.692309E+3	-2.878371E+3	7.167149E+3	-1.070428E+4	8.444688E+3	-1.717600E+4
1.020500E+2	-1.118088E+1	2.293482E+0	-1.118045E+1	1.402145E-1	2.412032E+3	-1.890360E+3	4.692528E+3	-2.878152E+3	7.167368E+3	-1.070407E+4	8.445343E+3	-1.717600E+4
1.020600E+2	-1.119018E+1	2.373897E+0	-1.118976E+1	1.401195E-1	2.411501E+3	-1.890819E+3	4.693057E+3	-2.878539E+3	7.167899E+3	-1.070355E+4	8.444641E+3	-1.717553E+4
1.020700E+2	-1.119984E+1	2.208451E+0	-1.119941E+1	1.400210E-1	2.410814E+3	-1.891506E+3	4.693740E+3	-2.879226E+3	7.168586E+3	-1.070288E+4	8.443267E+3	-1.717482E+4
1.020800E+2	-1.120978E+1	2.147243E+0	-1.120935E+1	1.399196E-1	2.410127E+3	-1.892193E+3	4.694424E+3	-2.879913E+3	7.169273E+3	-1.070222E+4	8.441893E+3	-1.717412E+4
1.020900E+2	-1.122000E+1	2.176499E+0	-1.121957E+1	1.398153E-1	2.410110E+3	-1.893028E+3	4.693622E+3	-2.881571E+3	7.170113E+3	-1.070300E+4	8.441037E+3	-1.717410E+4
1.021000E+2	-1.122951E+1	2.250414E+0	-1.122908E+1	1.397182E-1	2.410110E+3	-1.893867E+3	4.692783E+3	-2.883253E+3	7.170956E+3	-1.070382E+4	8.440194E+3	-1.717410E+4
1.021100E+2	-1.123926E+1	2.252630E+0	-1.123883E+1	1.396187E-1	2.410285E+3	-1.894050E+3	4.692600E+3	-2.883446E+3	7.171315E+3	-1.070365E+4	8.440534E+3	-1.717410E+4
1.021200E+2	-1.124991E+1	2.097837E+0	-1.124948E+1	1.395100E-1	2.410508E+3	-1.894050E+3	4.692600E+3	-2.883224E+3	7.171538E+3	-1.070320E+4	8.441205E+3	-1.717410E+4
1.021300E+2	-1.126108E+1	2.223697E+0	-1.126065E+1	1.393961E-1	2.410732E+3	-1.894050E+3	4.692600E+3	-2.883002E+3	7.171762E+3	-1.070276E+4	8.441875E+3	-1.717410E+4
1.021400E+2	-1.127302E+1	2.316691E+0	-1.127259E+1	1.392742E-1	2.410955E+3	-1.894050E+3	4.692600E+3	-2.882779E+3	7.171985E+3	-1.070231E+4	8.442546E+3	-1.717410E+4
1.021500E+2	-1.128345E+1	2.257200E+0	-1.128303E+1	1.391678E-1	2.411179E+3	-1.894050E+3	4.692600E+3	-2.882557E+3	7.172209E+3	-1.070186E+4	8.443216E+3	-1.717410E+4
1.021600E+2	-1.129259E+1	2.154559E+0	-1.129216E+1	1.390746E-1	2.411402E+3	-1.894050E+3	4.692600E+3	-2.882335E+3	7.172432E+3	-1.070142E+4	8.443887E+3	-1.717410E+4
1.021700E+2	-1.130187E+1	2.124597E+0	-1.130144E+1	1.389799E-1	2.411626E+3	-1.894050E+3	4.692600E+3	-2.882113E+3	7.172656E+3	-1.070097E+4	8.444557E+3	-1.717410E+4
1.021800E+2	-1.131223E+1	2.224944E+0	-1.131180E+1	1.388741E-1	2.411849E+3	-1.894050E+3	4.692600E+3	-2.881890E+3	7.172879E+3	-1.070052E+4	8.445227E+3	-1.717410E+4
1.021900E+2	-1.132307E+1	2.179994E+0	-1.132264E+1	1.387635E-1	2.410201E+3	-1.890360E+3	4.690750E+3	-2.879930E+3	7.169290E+3	-1.070589E+4	8.441860E+3	-1.717609E+4
1.022000E+2	-1.133373E+1	2.188157E+0	-1.133331E+1	1.386547E-1	2.410428E+3	-1.890360E+3	4.690750E+3	-2.879930E+3	7.169290E+3	-1.070613E+4	8.441860E+3	-1.717631E+4
1.022100E+2	-1.134313E+1	2.157424E+0	-1.134270E+1	1.385588E-1	2.410654E+3	-1.890360E+3	4.690750E+3	-2.879930E+3	7.169290E+3	-1.070636E+4	8.441860E+3	-1.717653E+4
1.022200E+2	-1.135215E+1	2.229775E+0	-1.135173E+1	1.384668E-1	2.410880E+3	-1.890360E+3	4.690750E+3	-2.879930E+3	7.169290E+3	-1.070659E+4	8.441860E+3	-1.717675E+4
1.022300E+2	-1.136262E+1	2.298765E+0	-1.136219E+1	1.383600E-1	2.411106E+3	-1.890360E+3	4.690750E+3	-2.879930E+3	7.169290E+3	-1.070682E+4	8.441860E+3	-1.717697E+4
1.022400E+2	-1.137278E+1	2.170533E+0	-1.137236E+1	1.382562E-1	2.411333E+3	-1.890360E+3	4.690750E+3	-2.879930E+3	7.169290E+3	-1.070706E+4	8.441860E+3	-1.717719E+4
1.022500E+2	-1.138208E+1	2.078660E+0	-1.138165E+1	1.381614E-1	2.411559E+3	-1.890360E+3	4.690750E+3	-2.879930E+3	7.169290E+3	-1.070729E+4	8.441860E+3	-1.717741E+4
1.022600E+2	-1.139110E+1	2.226170E+0	-1.139067E+1	1.380693E-1	2.411785E+3	-1.890360E+3	4.690750E+3	-2.879930E+3	7.169290E+3	-1.070752E+4	8.441860E+3	-1.717763E+4
1.022700E+2	-1.140037E+1	2.274276E+0	-1.139994E+1	1.379748E-1	2.410076E+3	-1.895797E+3	4.690750E+3	-2.879964E+3	7.171140E+3	-1.070400E+4	8.447341E+3	-1.717773E+4
1.022800E+2	-1.140969E+1	2.283078E+0	-1.140926E+1	1.378796E-1	2.409803E+3	-1.894980E+3	4.690750E+3	-2.880237E+3	7.171140E+3	-1.070400E+4	8.446795E+3	-1.717719E+4
1.022900E+2	-1.141807E+1	2.131986E+0	-1.141764E+1	1.377942E-1	2.409530E+3	-1.894163E+3	4.690750E+3	-2.880510E+3	7.171140E+3	-1.070400E+4	8.446250E+3	-1.717664E+4
1.023000E+2	-1.142719E+1	2.193670E+0	-1.142676E+1	1.377011E-1	2.409257E+3	-1.893346E+3	4.690750E+3	-2.880783E+3	7.171140E+3	-1.070400E+4	8.445704E+3	-1.717609E+4
1.023100E+2	-1.143715E+1	2.282244E+0	-1.143672E+1	1.375995E-1	2.408984E+3	-1.892529E+3	4.690750E+3	-2.881056E+3	7.171140E+3	-1.070400E+4	8.445159E+3	-1.717555E+4
1.023200E+2	-1.144708E+1	2.223852E+0	-1.144665E+1	1.374981E-1	2.408712E+3	-1.891712E+3	4.690750E+3	-2.881328E+3	7.171140E+3	-1.070400E+4	8.444613E+3	-1.717500E+4
1.023300E+2	-1.145708E+1	2.266810E+0	-1.145665E+1	1.373961E-1	2.408439E+3	-1.890895E+3	4.690750E+3	-2.881601E+3	7.171140E+3	-1.070400E+4	8.444068E+3	-1.717446E+4
1.023400E+2	-1.146685E+1	2.213433E+0	-1.146642E+1	1.372964E-1	2.408416E+3	-1.890438E+3	4.690750E+3	-2.881858E+3	7.171218E+3	-1.070408E+4	8.443632E+3	-1.717410E+4
1.023500E+2	-1.147672E+1	2.273202E+0	-1.147629E+1	1.371957E-1	2.408868E+3	-1.890664E+3	4.690750E+3	-2.882083E+3	7.171444E+3	-1.070430E+4	8.443406E+3	-1.717410E+4
1.023600E+2	-1.148750E+1	2.305407E+0	-1.148707E+1	1.370857E-1	2.409321E+3	-1.890890E+3	4.690750E+3	-2.882307E+3	7.171670E+3	-1.070452E+4	8.443180E+3	-1.717410E+4
1.023700E+2	-1.149832E+1	2.151451E+0	-1.149790E+1	1.369752E-1	2.409773E+3	-1.891117E+3	4.690750E+3	-2.882532E+3	7.171897E+3	-1.070474E+4	8.442953E+3	-1.717410E+4
1.023800E+2	-1.150958E+1	2.152588E+0	-1.150915E+1	1.368604E-1	2.410226E+3	-1.891343E+3	4.690750E+3	-2.882757E+3	7.172123E+3	-1.070496E+4	8.442727E+3	-1.717410E+4
1.023900E+2	-1.152059E+1	2.231729E+0	-1.152016E+1	1.367480E-1	2.410678E+3	-1.891569E+3	4.690750E+3	-2.882982E+3	7.172349E+3	-1.070518E+4	8.442501E+3	-1.717410E+4
1.024000E+2	-1.153048E+1	2.263701E+0	-1.153006E+1	1.366471E-1	2.411130E+3	-1.891795E+3	4.690750E+3	-2.883207E+3	7.172575E+3	-1.070540E+4	8.442275E+3	-1.717410E+4
1.024100E+2	-1.153953E+1	2.216407E+0	-1.153910E+1	1.365547E-1	2.411583E+3	-1.892021E+3	4.690750E+3	-2.883432E+3	7.172801E+3	-1.070562E+4	8.442049E+3	-1.717410E+4
1.024200E+2	-1.154824E+1	2.095228E+0	-1.154781E+1	1.364659E-1	2.411960E+3	-1.893858E+3	4.690943E+3	-2.885084E+3	7.172990E+3	-1.070457E+4	8.449260E+3	-1.717600E+4
1.024300E+2	-1.155671E+1	2.258739E+0	-1.155628E+1	1.363794E-1	2.411960E+3	-1.892702E+3	4.692106E+3	-2.882766E+3	7.172990E+3	-1.070803E+4	8.449260E+3	-1.717600E+4
1.024400E+2	-1.156596E+1	2.251622E+0	-1.156553E+1	1.362851E-1	2.411333E+3	-1.892210E+3	4.692286E+3	-2.881153E+3	7.172990E+3	-1.070919E+4	8.449574E+3	-1.717663E+4
1.024500E+2	-1.157524E+1	2.188552E+0	-1.157481E+1	1.361904E-1	2.410242E+3	-1.892210E+3	4.691741E+3	-2.880062E+3	7.172990E+3	-1.070866E+4	8.450119E+3	-1.717772E+4
1.024600E+2	-1.158479E+1	2.171854E+0	-1.158436E+1	1.360929E-1	2.409151E+3	-1.892210E+3	4.691195E+3	-2.878971E+3	7.172990E+3	-1.070813E+4	8.450665E+3	-1.717881E+4
1.024700E+2	-1.159390E+1	2.226416E+0	-1.159347E+1	1.360000E-1	2.408260E+3	-1.892284E+3	4.690750E+3	-2.878228E+3	7.173064E+3	-1.070762E+4	8.451184E+3	-1.717962E+4
1.024800E+2	-1.160254E+1	2.348846E+0	-1.160212E+1	1.359118E-1	2.408260E+3	-1.892685E+3	4.690750E+3	-2.879035E+3	7.173467E+3	-1.070721E+4	8.451587E+3	-1.717921E+4
1.024900E+2	-1.161128E+1	2.229189E+0	-1.161085E+1	1.358227E-1	2.408260E+3	-1.893086E+3	4.690750E+3	-2.879841E+3	7.173871E+3	-1.070680E+4	8.451991E+3	-1.717880E+4
1.025000E+2	-1.162099E+1	2.142777E+0	-1.162057E+1	1.357235E-1	2.408260E+3	-1.893487E+3	4.690750E+3	-2.880648E+3	7.174274E+3	-1.070638E+4	8.452394E+3	-1.717838E+4
1.025100E+2	-1.163134E+1	2.201389E+0	-1.163091E+1	1.356179E-1	2.408260E+3	-1.893888E+3	4.690750E+3	-2.881454E+3	7.174677E+3	-1.070597E+4	8.452797E+3	-1.717797E+4
1.025200E+2	-1.164156E+1	2.238074E+0	-1.164113E+1	1.355137E-1	2.408641E+3	-1.894050E+3	4.690750E+3	-2.882159E+3	7.175602E+3	-1.070580E+4	8.452579E+3	-1.717743E+4
1.025300E+2	-1.165195E+1	2.293427E+0	-1.165153E+1	1.354076E-1	2.409281E+3	-1.894050E+3	4.690750E+3	-2.882795E+3	7.176882E+3	-1.070580E+4	8.451939E+3	-1.717681E+4
1.025400E+2	-1.166244E+1	2.131002E+0	-1.166201E+1	1.353006E-1	2.409921E+3	-1.894050E+3	4.690750E+3	-2.883432E+3	7.178161E+3	-1.070580E+4	8.451299E+3	-1.717618E+4
1.025500E+2	-1.167356E+1	2.169196E+0	-1.167313E+1	1.351871E-1	2.410654E+3	-1.894322E+3	4.691022E+3	-2.883349E+3	7.179084E+3	-1.070554E+4	8.451654E+3	-1.717546E+4
1.025600E+2	-1.168536E+1	2.268623E+0	-1.168494E+1	1.350667E-1	2.411427E+3	-1.894708E+3	4.691408E+3	-2.882965E+3	7.179857E+3	-1.070516E+4	8.452427E+3	-1.717468E+4
1.025700E+2	-1.169690E+1	2.189135E+0	-1.169647E+1	1.349489E-1	2.412200E+3	-1.895095E+3	4.691795E+3	-2.882581E+3	7.180630E+3	-1.070478E+4	8.453200E+3	-1.717391E+4
1.025800E+2	-1.170736E+1	2.167824E+0	-1.170693E+1	1.348422E-1	2.412973E+3	-1.895481E+3	4.692181E+3	-2.882196E+3	7.181403E+3	-1.070441E+4	8.453973E+3	-1.717314E+4
1.025900E+2	-1.171635E+1	2.042657E+0	-1.171592E+1	1.347505E-1	2.413746E+3	-1.895868E+3	4.692568E+3	-2.881812E+3	7.182176E+3	-1.070403E+4	8.454746E+3	-1.717236E+4
1.026000E+2	-1.172506E+1	2.151951E+0	-1.172463E+1	1.346616E-1	2.413279E+3	-1.895900E+3	4.692600E+3	-2.881249E+3	7.182240E+3	-1.070348E+4	8.456935E+3	-1.717230E+4
1.026100E+2	-1.173407E+1	2.295939E+0	-1.173364E+1	1.345696E-1	2.412699E+3	-1.895900E+3	4.692600E+3	-2.880669E+3	7.182240E+3	-1.070292E+4	8.459254E+3	-1.717230E+4
1.026200E+2	-1.174329E+1	2.198732E+0	-1.174286E+1	1.344756E-1	2.412119E+3	-1.895900E+3	4.692600E+3	-2.880089E+3	7.182240E+3	-1.070236E+4	8.461573E+3	-1.717230E+4
1.026300E+2	-1.175328E+1	2.179414E+0	-1.175286E+1	1.343736E-1	2.411680E+3	-1.895341E+3	4.692600E+3	-2.879370E+3	7.182240E+3	-1.070303E+4	8.461650E+3	-1.717286E+4
1.026400E+2	-1.176313E+1	2.210424E+0	-1.176271E+1	1.342731E-1	2.411293E+3	-1.894570E+3	4.692600E+3	-2.878597E+3	7.182240E+3	-1.070418E+4	8.460877E+3	-1.717363E+4
1.026500E+2	-1.177253E+1	2.277167E+0	-1.177210E+1	1.341772E-1	2.410907E+3	-1.893799E+3	4.692600E+3	-2.877824E+3	7.182240E+3	-1.070533E+4	8.460104E+3	-1.717441E+4
1.026600E+2	-1.178216E+1	2.199613E+0	-1.178173E+1	1.340790E-1	2.410520E+3	-1.893029E+3	4.692600E+3	-2.877051E+3	7.182240E+3	-1.070648E+4	8.459331E+3	-1.717518E+4
1.026700E+2	-1.179247E+1	2.106695E+0	-1.179204E+1	1.339738E-1	2.410134E+3	-1.892258E+3	4.692600E+3	-2.876278E+3	7.182240E+3	-1.070763E+4	8.458558E+3	-1.717595E+4
1.026800E+2	-1.180270E+1	2.189591E+0	-1.180227E+1	1.338693E-1	2.409972E+3	-1.891934E+3	4.692600E+3	-2.876368E+3	7.182240E+3	-1.070770E+4	8.458648E+3	-1.717600E+4
1.026900E+2	-1.181204E+1	2.314576E+0	-1.181161E+1	1.337740E-1	2.409825E+3	-1.891639E+3	4.692600E+3	-2.876515E+3	7.182240E+3	-1.070770E+4	8.458795E+3	-1.717600E+4
1.027000E+2	-1.182158E+1	2.259905E+0	-1.182115E+1	1.336767E-1	2.409677E+3	-1.891345E+3	4.692600E+3	-2.876663E+3	7.182240E+3	-1.070770E+4	8.458943E+3	-1.717600E+4
1.027100E+2	-1.183231E+1	2.195568E+0	-1.183189E+1	1.335672E-1	2.409530E+3	-1.891051E+3	4.692600E+3	-2.876810E+3	7.182240E+3	-1.070770E+4	8.459090E+3	-1.717600E+4
1.027200E+2	-1.184336E+1	2.080966E+0	-1.184293E+1	1.334544E-1	2.409383E+3	-1.890756E+3	4.692600E+3	-2.876957E+3	7.182240E+3	-1.070770E+4	8.459237E+3	-1.717600E+4
1.027300E+2	-1.185421E+1	2.228999E+0	-1.185378E+1	1.333438E-1	2.409236E+3	-1.890462E+3	4.692600E+3	-2.877104E+3	7.182240E+3	-1.070770E+4	8.459384E+3	-1.717600E+4
1.027400E+2	-1.186505E+1	2.219082E+0	-1.186462E+1	1.332331E-1	2.409089E+3	-1.890167E+3	4.692600E+3	-2.877251E+3	7.182240E+3	-1.070770E+4	8.459531E+3	-1.717600E+4
1.027500E+2	-1.187599E+1	2.182936E+0	-1.187556E+1	1.331215E-1	2.408941E+3	-1.889873E+3	4.692600E+3	-2.877399E+3	7.182240E+3	-1.070770E+4	8.459679E+3	-1.717600E+4
1.027600E+2	-1.188662E+1	2.136349E+0	-1.188620E+1	1.330130E-1	2.408794E+3	-1.889578E+3	4.692600E+3	-2.877546E+3	7.182240E+3	-1.070770E+4	8.459826E+3	-1.717600E+4
1.027700E+2	-1.189692E+1	2.197640E+0	-1.189650E+1	1.329079E-1	2.408647E+3	-1.889284E+3	4.692600E+3	-2.877693E+3	7.182240E+3	-1.070770E+4	8.459973E+3	-1.717600E+4
1.027800E+2	-1.190655E+1	2.286057E+0	-1.190612E+1	1.328096E-1	2.408500E+3	-1.888989E+3	4.692600E+3	-2.877840E+3	7.182240E+3	-1.070770E+4	8.460120E+3	-1.717600E+4
1.027900E+2	-1.191711E+1	2.245327E+0	-1.191668E+1	1.327019E-1	2.408353E+3	-1.888695E+3	4.692600E+3	-2.877987E+3	7.182240E+3	-1.070770E+4	8.460267E+3	-1.717600E+4
1.028000E+2	-1.192803E+1	2.128631E+0	-1.192760E+1	1.325905E-1	2.410110E+3	-1.896806E+3	4.693070E+3	-2.879930E+3	7.186846E+3	-1.070580E+4	8.460832E+3	-1.717276E+4
1.028100E+2	-1.193816E+1	2.213009E+0	-1.193773E+1	1.324871E-1	2.410632E+3	-1.897228E+3	4.693119E+3	-2.880452E+3	7.188312E+3	-1.070580E+4	8.460882E+3	-1.717230E+4
1.028200E+2	-1.194759E+1	2.253352E+0	-1.194716E+1	1.323909E-1	2.411231E+3	-1.896629E+3	4.693715E+3	-2.881051E+3	7.188911E+3	-1.070580E+4	8.461481E+3	-1.717230E+4
1.028300E+2	-1.195687E+1	2.295439E+0	-1.195644E+1	1.322962E-1	2.411829E+3	-1.896031E+3	4.694310E+3	-2.881649E+3	7.189509E+3	-1.070580E+4	8.462079E+3	-1.717230E+4
1.028400E+2	-1.196653E+1	2.118216E+0	-1.196610E+1	1.321977E-1	2.411960E+3	-1.895721E+3	4.694440E+3	-2.881422E+3	7.189998E+3	-1.070563E+4	8.463104E+3	-1.717212E+4
1.028500E+2	-1.197600E+1	2.205600E+0	-1.197557E+1	1.321010E-1	2.411960E+3	-1.895492E+3	4.694440E+3	-2.880964E+3	7.190456E+3	-1.070540E+4	8.464249E+3	-1.717188E+4
1.028600E+2	-1.198648E+1	2.278400E+0	-1.198605E+1	1.319940E-1	2.411960E+3	-1.895263E+3	4.694440E+3	-2.880506E+3	7.190914E+3	-1.070518E+4	8.465394E+3	-1.717165E+4
1.028700E+2	-1.199742E+1	2.212145E+0	-1.199699E+1	1.318824E-1	2.411960E+3	-1.895034E+3	4.694440E+3	-2.880048E+3	7.191372E+3	-1.070496E+4	8.466540E+3	-1.717141E+4
1.028800E+2	-1.200816E+1	2.137136E+0	-1.200773E+1	1.317729E-1	2.411960E+3	-1.894805E+3	4.694440E+3	-2.879590E+3	7.191830E+3	-1.070473E+4	8.467685E+3	-1.717118E+4
1.028900E+2	-1.201870E+1	2.108092E+0	-1.201827E+1	1.316653E-1	2.411960E+3	-1.894576E+3	4.694440E+3	-2.879132E+3	7.192288E+3	-1.070451E+4	8.468830E+3	-1.717094E+4
1.029000E+2	-1.202815E+1	2.195877E+0	-1.202772E+1	1.315688E-1	2.411960E+3	-1.894347E+3	4.694440E+3	-2.878674E+3	7.192746E+3	-1.070429E+4	8.469975E+3	-1.717071E+4
1.029100E+2	-1.203759E+1	2.282622E+0	-1.203717E+1	1.314725E-1	2.411960E+3	-1.894118E+3	4.694440E+3	-2.878216E+3	7.193204E+3	-1.070407E+4	8.471120E+3	-1.717047E+4
1.029200E+2	-1.204656E+1	2.173408E+0	-1.204613E+1	1.313810E-1	2.411510E+3	-1.893901E+3	4.694291E+3	-2.876380E+3	7.191040E+3	-1.071125E+4	8.469310E+3	-1.717085E+4
1.029300E+2	-1.205441E+1	2.154634E+0	-1.205398E+1	1.313009E-1	2.410871E+3	-1.893689E+3	4.694079E+3	-2.876593E+3	7.190401E+3	-1.071103E+4	8.468884E+3	-1.717150E+4
1.029400E+2	-1.206324E+1	2.232561E+0	-1.206281E+1	1.312108E-1	2.410231E+3	-1.893477E+3	4.693867E+3	-2.876806E+3	7.189761E+3	-1.071081E+4	8.468457E+3	-1.717214E+4
1.029500E+2	-1.207225E+1	2.287231E+0	-1.207183E+1	1.311188E-1	2.409592E+3	-1.893265E+3	4.693655E+3	-2.877019E+3	7.189122E+3	-1.071059E+4	8.468031E+3	-1.717279E+4
1.029600E+2	-1.208095E+1	2.209242E+0	-1.208052E+1	1.310301E-1	2.408952E+3	-1.893053E+3	4.693443E+3	-2.877233E+3	7.188482E+3	-1.071037E+4	8.467605E+3	-1.717344E+4
1.029700E+2	-1.208968E+1	2.127474E+0	-1.208925E+1	1.309410E-1	2.408312E+3	-1.892841E+3	4.693231E+3	-2.877446E+3	7.187842E+3	-1.071015E+4	8.467178E+3	-1.717408E+4
1.029800E+2	-1.209821E+1	2.221178E+0	-1.209778E+1	1.308539E-1	2.407673E+3	-1.892629E+3	4.693019E+3	-2.877659E+3	7.187203E+3	-1.070993E+4	8.466752E+3	-1.717473E+4
1.029900E+2	-1.210701E+1	2.239634E+0	-1.210658E+1	1.307641E-1	2.407033E+3	-1.892417E+3	4.692807E+3	-2.877872E+3	7.186563E+3	-1.070971E+4	8.466325E+3	-1.717537E+4
1.030000E+2	-1.211595E+1	2.155182E+0	-1.211553E+1	1.306729E-1	2.406424E+3	-1.892224E+3	4.692600E+3	-2.878087E+3	7.185933E+3	-1.070950E+4	8.465903E+3	-1.717599E+4
1.030100E+2	-1.212491E+1	2.190419E+0	-1.212449E+1	1.305814E-1	2.406970E+3	-1.892768E+3	4.692600E+3	-2.878360E+3	7.185660E+3	-1.070950E+4	8.465630E+3	-1.717571E+4
1.030200E+2	-1.213373E+1	2.172348E+0	-1.213330E+1	1.304915E-1	2.407515E+3	-1.893312E+3	4.692600E+3	-2.878633E+3	7.185387E+3	-1.070950E+4	8.465357E+3	-1.717543E+4
1.030300E+2	-1.214469E+1	2.313699E+0	-1.214427E+1	1.303796E-1	2.408061E+3	-1.893856E+3	4.692600E+3	-2.878905E+3	7.185115E+3	-1.070950E+4	8.465085E+3	-1.717515E+4
1.030400E+2	-1.215551E+1	2.212291E+0	-1.215508E+1	1.302693E-1	2.408606E+3	-1.894400E+3	4.692600E+3	-2.879178E+3	7.184842E+3	-1.070950E+4	8.464812E+3	-1.717487E+4
1.030500E+2	-1.216553E+1	2.183121E+0	-1.216510E+1	1.301670E-1	2.409152E+3	-1.894945E+3	4.692600E+3	-2.879451E+3	7.184569E+3	-1.070950E+4	8.464539E+3	-1.717459E+4
1.030600E+2	-1.217631E+1	2.136501E+0	-1.217588E+1	1.300570E-1	2.409697E+3	-1.895489E+3	4.692600E+3	-2.879724E+3	7.184296E+3	-1.070950E+4	8.464266E+3	-1.717431E+4
1.030700E+2	-1.218645E+1	2.247660E+0	-1.218602E+1	1.299535E-1	2.410243E+3	-1.895900E+3	4.692600E+3	-2.879997E+3	7.184290E+3	-1.070950E+4	8.463927E+3	-1.717410E+4
1.030800E+2	-1.219511E+1	2.281916E+0	-1.219469E+1	1.298651E-1	2.410789E+3	-1.895900E+3	4.692600E+3	-2.880269E+3	7.185108E+3	-1.070950E+4	8.463381E+3	-1.717410E+4
1.030900E+2	-1.220372E+1	2.191351E+0	-1.220329E+1	1.297773E-1	2.411334E+3	-1.895900E+3	4.692600E+3	-2.880542E+3	7.185926E+3	-1.070950E+4	8.462836E+3	-1.717410E+4
1.031000E+2	-1.221306E+1	2.109966E+0	-1.221263E+1	1.296821E-1	2.411880E+3	-1.895900E+3	4.692600E+3	-2.880815E+3	7.186745E+3	-1.070950E+4	8.462290E+3	-1.717410E+4
1.031100E+2	-1.222353E+1	2.254438E+0	-1.222310E+1	1.295752E-1	2.412425E+3	-1.895900E+3	4.692600E+3	-2.881088E+3	7.187563E+3	-1.070950E+4	8.461745E+3	-1.717410E+4
1.031200E+2	-1.223396E+1	2.262985E+0	-1.223353E+1	1.294687E-1	2.412971E+3	-1.895900E+3	4.692600E+3	-2.881360E+3	7.188381E+3	-1.070950E+4	8.461199E+3	-1.717410E+4
1.031300E+2	-1.224376E+1	2.289989E+0	-1.224334E+1	1.293687E-1	2.413517E+3	-1.895900E+3	4.692600E+3	-2.881633E+3	7.189200E+3	-1.070950E+4	8.460653E+3	-1.717410E+4
1.031400E+2	-1.225372E+1	2.063649E+0	-1.225329E+1	1.292671E-1	2.411905E+3	-1.894947E+3	4.692600E+3	-2.880827E+3	7.190593E+3	-1.070857E+4	8.463218E+3	-1.717410E+4
1.031500E+2	-1.226337E+1	2.165999E+0	-1.226295E+1	1.291686E-1	2.411960E+3	-1.894453E+3	4.693001E+3	-2.878080E+3	7.193743E+3	-1.070991E+4	8.473310E+3	-1.717269E+4
1.031600E+2	-1.227331E+1	2.278827E+0	-1.227288E+1	1.290672E-1	2.411960E+3	-1.895166E+3	4.693710E+3	-2.878080E+3	7.194456E+3	-1.071065E+4	8.473310E+3	-1.717339E+4
1.031700E+2	-1.228362E+1	2.224239E+0	-1.228319E+1	1.289620E-1	2.411960E+3	-1.895880E+3	4.694420E+3	-2.878080E+3	7.195170E+3	-1.071138E+4	8.473310E+3	-1.717408E+4
1.031800E+2	-1.229368E+1	2.151861E+0	-1.229325E+1	1.288594E-1	2.411960E+3	-1.897187E+3	4.693800E+3	-2.877436E+3	7.195834E+3	-1.071074E+4	8.475241E+3	-1.717347E+4
1.031900E+2	-1.230326E+1	2.169178E+0	-1.230284E+1	1.287616E-1	2.411960E+3	-1.898512E+3	4.693141E+3	-2.876774E+3	7.196496E+3	-1.071006E+4	8.477228E+3	-1.717283E+4
1.032000E+2	-1.231261E+1	2.254879E+0	-1.231218E+1	1.286662E-1	2.411960E+3	-1.899600E+3	4.692667E+3	-2.876230E+3	7.197176E+3	-1.070943E+4	8.478928E+3	-1.717216E+4
1.032100E+2	-1.232294E+1	2.252579E+0	-1.232251E+1	1.285608E-1	2.411960E+3	-1.899600E+3	4.693044E+3	-2.876230E+3	7.197933E+3	-1.070907E+4	8.479306E+3	-1.717141E+4
1.032200E+2	-1.233279E+1	2.095113E+0	-1.233236E+1	1.284603E-1	2.411960E+3	-1.899600E+3	4.693420E+3	-2.876230E+3	7.198690E+3	-1.070870E+4	8.479685E+3	-1.717065E+4
1.032300E+2	-1.234288E+1	2.097655E+0	-1.234245E+1	1.283573E-1	2.411960E+3	-1.899600E+3	4.693797E+3	-2.876230E+3	7.199447E+3	-1.070833E+4	8.480063E+3	-1.716989E+4
1.032400E+2	-1.235407E+1	2.221018E+0	-1.235364E+1	1.282431E-1	2.411960E+3	-1.899600E+3	4.694173E+3	-2.876230E+3	7.200204E+3	-1.070796E+4	8.480442E+3	-1.716914E+4
1.032500E+2	-1.236447E+1	2.289277E+0	-1.236404E+1	1.281370E-1	2.412071E+3	-1.899489E+3	4.694551E+3	-2.876341E+3	7.200961E+3	-1.070770E+4	8.480710E+3	-1.716849E+4
1.032600E+2	-1.237362E+1	2.203240E+0	-1.237319E+1	1.280436E-1	2.412449E+3	-1.899111E+3	4.694929E+3	-2.876719E+3	7.201718E+3	-1.070770E+4	8.480710E+3	-1.716810E+4
1.032700E+2	-1.238264E+1	2.098102E+0	-1.238221E+1	1.279516E-1	2.412828E+3	-1.898732E+3	4.695308E+3	-2.877098E+3	7.202475E+3	-1.070770E+4	8.480710E+3	-1.716771E+4
1.032800E+2	-1.239122E+1	2.245306E+0	-1.239079E+1	1.278640E-1	2.413206E+3	-1.898354E+3	4.695686E+3	-2.877476E+3	7.203233E+3	-1.070770E+4	8.480710E+3	-1.716732E+4
1.032900E+2	-1.240000E+1	2.289732E+0	-1.239957E+1	1.277744E-1	2.413585E+3	-1.897975E+3	4.696065E+3	-2.877855E+3	7.203990E+3	-1.070770E+4	8.480710E+3	-1.716693E+4
1.033000E+2	-1.240919E+1	2.236984E+0	-1.240876E+1	1.276806E-1	2.413595E+3	-1.897750E+3	4.696505E+3	-2.878080E+3	7.204869E+3	-1.070727E+4	8.481568E+3	-1.716649E+4
1.033100E+2	-1.241949E+1	2.183271E+0	-1.241906E+1	1.275755E-1	2.413065E+3	-1.897750E+3	4.697035E+3	-2.878080E+3	7.205929E+3	-1.070621E+4	8.483685E+3	-1.716598E+4
1.033200E+2	-1.242999E+1	2.120381E+0	-1.242957E+1	1.274684E-1	2.412535E+3	-1.897750E+3	4.697565E+3	-2.878080E+3	7.206989E+3	-1.070515E+4	8.485802E+3	-1.716546E+4
1.033300E+2	-1.244068E+1	2.261981E+0	-1.244025E+1	1.273594E-1	2.412005E+3	-1.897750E+3	4.698095E+3	-2.878080E+3	7.208049E+3	-1.070409E+4	8.487919E+3	-1.716494E+4
1.033400E+2	-1.245112E+1	2.197849E+0	-1.245069E+1	1.272528E-1	2.412566E+3	-1.897144E+3	4.698443E+3	-2.877474E+3	7.208443E+3	-1.070461E+4	8.489009E+3	-1.716490E+4
1.033500E+2	-1.246102E+1	2.131271E+0	-1.246060E+1	1.271518E-1	2.413228E+3	-1.896482E+3	4.698774E+3	-2.876812E+3	7.208774E+3	-1.070527E+4	8.490002E+3	-1.716490E+4
1.033600E+2	-1.247013E+1	2.111048E+0	-1.246970E+1	1.270589E-1	2.413891E+3	-1.895819E+3	4.699105E+3	-2.876149E+3	7.209105E+3	-1.070593E+4	8.490996E+3	-1.716490E+4
1.033700E+2	-1.247864E+1	2.244288E+0	-1.247821E+1	1.269720E-1	2.414553E+3	-1.895157E+3	4.699437E+3	-2.875487E+3	7.209437E+3	-1.070659E+4	8.491990E+3	-1.716490E+4
1.033800E+2	-1.248846E+1	2.269574E+0	-1.248803E+1	1.268718E-1	2.415216E+3	-1.894494E+3	4.699768E+3	-2.874824E+3	7.209768E+3	-1.070726E+4	8.492984E+3	-1.716490E+4
1.033900E+2	-1.249804E+1	2.169659E+0	-1.249761E+1	1.267740E-1	2.415561E+3	-1.894099E+3	4.699990E+3	-2.874331E+3	7.209990E+3	-1.070780E+4	8.493601E+3	-1.716500E+4
1.034000E+2	-1.250630E+1	2.049423E+0	-1.250587E+1	1.266898E-1	2.415262E+3	-1.894249E+3	4.699990E+3	-2.874181E+3	7.209990E+3	-1.070810E+4	8.493451E+3	-1.716530E+4
1.034100E+2	-1.251510E+1	2.240839E+0	-1.251467E+1	1.266000E-1	2.414963E+3	-1.894398E+3	4.699990E+3	-2.874032E+3	7.209990E+3	-1.070840E+4	8.493302E+3	-1.716560E+4
1.034200E+2	-1.252530E+1	2.219914E+0	-1.252487E+1	1.264959E-1	2.414664E+3	-1.894548E+3	4.699990E+3	-2.873882E+3	7.209990E+3	-1.070870E+4	8.493152E+3	-1.716590E+4
1.034300E+2	-1.253520E+1	2.205829E+0	-1.253477E+1	1.263949E-1	2.414365E+3	-1.894698E+3	4.699990E+3	-2.873732E+3	7.209990E+3	-1.070900E+4	8.493002E+3	-1.716620E+4
1.034400E+2	-1.254491E+1	2.077873E+0	-1.254449E+1	1.262957E-1	2.414066E+3	-1.894847E+3	4.699990E+3	-2.873583E+3	7.209990E+3	-1.070929E+4	8.492853E+3	-1.716649E+4
1.034500E+2	-1.255501E+1	2.215780E+0	-1.255458E+1	1.261927E-1	2.413766E+3	-1.894997E+3	4.699990E+3	-2.873433E+3	7.209990E+3	-1.070959E+4	8.492703E+3	-1.716679E+4
1.034600E+2	-1.256554E+1	2.288984E+0	-1.256511E+1	1.260853E-1	2.413467E+3	-1.895146E+3	4.699990E+3	-2.873284E+3	7.209990E+3	-1.070989E+4	8.492554E+3	-1.716709E+4
1.034700E+2	-1.257631E+1	2.241719E+0	-1.257588E+1	1.259754E-1	2.413168E+3	-1.895296E+3	4.699990E+3	-2.873134E+3	7.209990E+3	-1.071019E+4	8.492404E+3	-1.716739E+4
1.034800E+2	-1.258823E+1	2.188265E+0	-1.258780E+1	1.258537E-1	2.412869E+3	-1.895446E+3	4.699990E+3	-2.872984E+3	7.209990E+3	-1.071049E+4	8.492254E+3	-1.716769E+4
1.034900E+2	-1.259997E+1	2.144543E+0	-1.259954E+1	1.257340E-1	2.412570E+3	-1.895595E+3	4.699990E+3	-2.872835E+3	7.209990E+3	-1.071079E+4	8.492105E+3	-1.716799E+4
1.035000E+2	-1.261013E+1	2.236014E+0	-1.260970E+1	1.256303E-1	2.412270E+3	-1.895745E+3	4.699990E+3	-2.872685E+3	7.209990E+3	-1.071109E+4	8.491955E+3	-1.716829E+4
1.035100E+2	-1.262030E+1	2.218300E+0	-1.261987E+1	1.255265E-1	2.411971E+3	-1.895894E+3	4.699990E+3	-2.872536E+3	7.209990E+3	-1.071139E+4	8.491806E+3	-1.716859E+4
1.035200E+2	-1.263081E+1	2.089785E+0	-1.263038E+1	1.254193E-1	2.413191E+3	-1.897131E+3	4.698759E+3	-2.873146E+3	7.210606E+3	-1.070954E+4	8.493031E+3	-1.716860E+4
1.035300E+2	-1.264065E+1	2.152253E+0	-1.264022E+1	1.253188E-1	2.414471E+3	-1.898411E+3	4.697479E+3	-2.873785E+3	7.211245E+3	-1.070760E+4	8.494311E+3	-1.716860E+4
1.035400E+2	-1.264947E+1	2.233873E+0	-1.264904E+1	1.252289E-1	2.413810E+3	-1.899590E+3	4.696290E+3	-2.874390E+3	7.213690E+3	-1.070769E+4	8.489979E+3	-1.716490E+4
1.035500E+2	-1.265899E+1	2.327429E+0	-1.265856E+1	1.251317E-1	2.413810E+3	-1.899455E+3	4.696290E+3	-2.874525E+3	7.213690E+3	-1.070755E+4	8.490385E+3	-1.716490E+4
1.035600E+2	-1.266850E+1	2.210841E+0	-1.266807E+1	1.250346E-1	2.413810E+3	-1.899320E+3	4.696290E+3	-2.874660E+3	7.213690E+3	-1.070741E+4	8.490791E+3	-1.716490E+4
1.035700E+2	-1.267725E+1	2.082976E+0	-1.267682E+1	1.249454E-1	2.413810E+3	-1.899184E+3	4.696290E+3	-2.874796E+3	7.213690E+3	-1.070727E+4	8.491197E+3	-1.716490E+4
1.035800E+2	-1.268510E+1	2.258852E+0	-1.268467E+1	1.248653E-1	2.413810E+3	-1.899049E+3	4.696290E+3	-2.874931E+3	7.213690E+3	-1.070713E+4	8.491603E+3	-1.716490E+4
1.035900E+2	-1.269327E+1	2.239428E+0	-1.269284E+1	1.247819E-1	2.413810E+3	-1.898914E+3	4.696290E+3	-2.875066E+3	7.213690E+3	-1.070699E+4	8.492009E+3	-1.716490E+4
1.036000E+2	-1.270282E+1	2.198905E+0	-1.270239E+1	1.246844E-1	2.413810E+3	-1.898778E+3	4.696290E+3	-2.875202E+3	7.213690E+3	-1.070686E+4	8.492416E+3	-1.716490E+4
1.036100E+2	-1.271269E+1	2.131031E+0	-1.271226E+1	1.245838E-1	2.413810E+3	-1.898643E+3	4.696290E+3	-2.875337E+3	7.213690E+3	-1.070672E+4	8.492822E+3	-1.716490E+4
1.036200E+2	-1.272326E+1	2.136548E+0	-1.272284E+1	1.244758E-1	2.413810E+3	-1.898507E+3	4.696290E+3	-2.875473E+3	7.213690E+3	-1.070658E+4	8.493228E+3	-1.716490E+4
1.036300E+2	-1.273417E+1	2.286783E+0	-1.273374E+1	1.243645E-1	2.413810E+3	-1.898372E+3	4.696290E+3	-2.875608E+3	7.213690E+3	-1.070644E+4	8.493634E+3	-1.716490E+4
1.036400E+2	-1.274528E+1	2.185049E+0	-1.274485E+1	1.242512E-1	2.413810E+3	-1.898237E+3	4.696290E+3	-2.875743E+3	7.213690E+3	-1.070630E+4	8.494040E+3	-1.716490E+4
1.036500E+2	-1.275528E+1	2.132039E+0	-1.275485E+1	1.241492E-1	2.413810E+3	-1.898101E+3	4.696290E+3	-2.875879E+3	7.213690E+3	-1.070616E+4	8.494447E+3	-1.716490E+4
1.036600E+2	-1.276519E+1	2.169796E+0	-1.276476E+1	1.240481E-1	2.413810E+3	-1.897966E+3	4.696290E+3	-2.876014E+3	7.213690E+3	-1.070602E+4	8.494853E+3	-1.716490E+4
1.036700E+2	-1.277550E+1	2.212600E+0	-1.277507E+1	1.239428E-1	2.413810E+3	-1.897830E+3	4.696290E+3	-2.876150E+3	7.213690E+3	-1.070588E+4	8.495259E+3	-1.716490E+4
1.036800E+2	-1.278528E+1	2.256637E+0	-1.278485E+1	1.238431E-1	2.413920E+3	-1.894160E+3	4.696400E+3	-2.872640E+3	7.215650E+3	-1.071118E+4	8.499310E+3	-1.716659E+4
1.036900E+2	-1.279460E+1	2.186305E+0	-1.279418E+1	1.237479E-1	2.414449E+3	-1.894689E+3	4.696929E+3	-2.873169E+3	7.216179E+3	-1.071012E+4	8.499839E+3	-1.716608E+4
1.037000E+2	-1.280389E+1	2.071696E+0	-1.280346E+1	1.236531E-1	2.414979E+3	-1.895219E+3	4.697459E+3	-2.873699E+3	7.216709E+3	-1.070906E+4	8.500369E+3	-1.716556E+4
1.037100E+2	-1.281309E+1	2.193228E+0	-1.281266E+1	1.235593E-1	2.415508E+3	-1.895748E+3	4.697988E+3	-2.874228E+3	7.217238E+3	-1.070800E+4	8.500898E+3	-1.716505E+4
1.037200E+2	-1.282241E+1	2.226710E+0	-1.282198E+1	1.234642E-1	2.415818E+3	-1.896215E+3	4.698140E+3	-2.874380E+3	7.217390E+3	-1.070785E+4	8.500735E+3	-1.716490E+4
1.037300E+2	-1.283326E+1	2.236201E+0	-1.283283E+1	1.233534E-1	2.416039E+3	-1.896657E+3	4.698140E+3	-2.874380E+3	7.217390E+3	-1.070807E+4	8.500293E+3	-1.716490E+4
1.037400E+2	-1.284441E+1	2.124406E+0	-1.284398E+1	1.232397E-1	2.416259E+3	-1.897099E+3	4.698140E+3	-2.874380E+3	7.217390E+3	-1.070828E+4	8.499851E+3	-1.716490E+4
1.037500E+2	-1.285417E+1	2.228218E+0	-1.285375E+1	1.231400E-1	2.416480E+3	-1.897541E+3	4.698140E+3	-2.874380E+3	7.217390E+3	-1.070850E+4	8.499409E+3	-1.716490E+4
1.037600E+2	-1.286411E+1	2.283211E+0	-1.286368E+1	1.230387E-1	2.416701E+3	-1.897983E+3	4.698140E+3	-2.874380E+3	7.217390E+3	-1.070871E+4	8.498967E+3	-1.716490E+4
1.037700E+2	-1.287419E+1	2.201092E+0	-1.287377E+1	1.229357E-1	2.416922E+3	-1.898424E+3	4.698140E+3	-2.874380E+3	7.217390E+3	-1.070893E+4	8.498526E+3	-1.716490E+4
1.037800E+2	-1.288475E+1	2.129901E+0	-1.288432E+1	1.228280E-1	2.417143E+3	-1.898866E+3	4.698140E+3	-2.874380E+3	7.217390E+3	-1.070914E+4	8.498084E+3	-1.716490E+4
1.037900E+2	-1.289594E+1	2.134697E+0	-1.289551E+1	1.227138E-1	2.417364E+3	-1.899308E+3	4.698140E+3	-2.874380E+3	7.217390E+3	-1.070936E+4	8.497642E+3	-1.716490E+4
1.038000E+2	-1.290639E+1	2.280035E+0	-1.290597E+1	1.226072E-1	2.413810E+3	-1.899387E+3	4.698140E+3	-2.874380E+3	7.221080E+3	-1.070929E+4	8.497776E+3	-1.716479E+4
1.038100E+2	-1.291646E+1	2.318511E+0	-1.291603E+1	1.225045E-1	2.413810E+3	-1.898758E+3	4.698140E+3	-2.874380E+3	7.221080E+3	-1.070866E+4	8.499034E+3	-1.716447E+4
1.038200E+2	-1.292682E+1	2.150226E+0	-1.292639E+1	1.223987E-1	2.413810E+3	-1.898129E+3	4.698140E+3	-2.874380E+3	7.221080E+3	-1.070803E+4	8.500292E+3	-1.716414E+4
1.038300E+2	-1.293583E+1	2.138954E+0	-1.293540E+1	1.223068E-1	2.413810E+3	-1.897500E+3	4.698140E+3	-2.874380E+3	7.221080E+3	-1.070740E+4	8.501549E+3	-1.716382E+4
1.038400E+2	-1.294517E+1	2.159946E+0	-1.294474E+1	1.222115E-1	2.413810E+3	-1.896872E+3	4.698140E+3	-2.874380E+3	7.221080E+3	-1.070677E+4	8.502807E+3	-1.716350E+4
1.038500E+2	-1.295577E+1	2.206831E+0	-1.295534E+1	1.221033E-1	2.413810E+3	-1.896243E+3	4.698140E+3	-2.874380E+3	7.221080E+3	-1.070614E+4	8.504064E+3	-1.716318E+4
1.038600E+2	-1.296532E+1	2.220512E+0	-1.296489E+1	1.220059E-1	2.413810E+3	-1.895199E+3	4.698140E+3	-2.874732E+3	7.220730E+3	-1.070686E+4	8.504750E+3	-1.716370E+4
1.038700E+2	-1.297400E+1	2.120854E+0	-1.297358E+1	1.219173E-1	2.413810E+3	-1.893657E+3	4.698140E+3	-2.875504E+3	7.219962E+3	-1.070920E+4	8.504750E+3	-1.716525E+4
1.038800E+2	-1.298290E+1	2.207997E+0	-1.298247E+1	1.218265E-1	2.413810E+3	-1.892256E+3	4.698186E+3	-2.876184E+3	7.219286E+3	-1.071140E+4	8.504796E+3	-1.716670E+4
1.038900E+2	-1.299156E+1	2.191252E+0	-1.299113E+1	1.217382E-1	2.413810E+3	-1.893011E+3	4.698943E+3	-2.875427E+3	7.220041E+3	-1.071140E+4	8.505553E+3	-1.716670E+4
1.039000E+2	-1.300046E+1	2.182359E+0	-1.300003E+1	1.216473E-1	2.413810E+3	-1.893766E+3	4.699701E+3	-2.874669E+3	7.220796E+3	-1.071140E+4	8.506311E+3	-1.716670E+4
1.039100E+2	-1.301020E+1	2.185852E+0	-1.300977E+1	1.215479E-1	2.413810E+3	-1.894521E+3	4.700458E+3	-2.873912E+3	7.221551E+3	-1.071140E+4	8.507068E+3	-1.716670E+4
1.039200E+2	-1.302092E+1	2.165059E+0	-1.302049E+1	1.214385E-1	2.413810E+3	-1.895277E+3	4.701215E+3	-2.873155E+3	7.222307E+3	-1.071140E+4	8.507825E+3	-1.716670E+4
1.039300E+2	-1.303105E+1	2.315660E+0	-1.303062E+1	1.213351E-1	2.413810E+3	-1.896116E+3	4.701732E+3	-2.872422E+3	7.223146E+3	-1.071118E+4	8.508666E+3	-1.716648E+4
1.039400E+2	-1.304117E+1	2.261646E+0	-1.304074E+1	1.212319E-1	2.413810E+3	-1.897352E+3	4.701114E+3	-2.871804E+3	7.224382E+3	-1.070995E+4	8.509902E+3	-1.716525E+4
1.039500E+2	-1.305138E+1	2.119103E+0	-1.305095E+1	1.211277E-1	2.413810E+3	-1.898589E+3	4.700496E+3	-2.871186E+3	7.225619E+3	-1.070871E+4	8.511139E+3	-1.716401E+4
1.039600E+2	-1.306078E+1	2.145669E+0	-1.306035E+1	1.210318E-1	2.413810E+3	-1.899741E+3	4.699990E+3	-2.870962E+3	7.226489E+3	-1.070784E+4	8.511728E+3	-1.716300E+4
1.039700E+2	-1.307024E+1	2.217022E+0	-1.306981E+1	1.209353E-1	2.413810E+3	-1.900514E+3	4.699990E+3	-2.872507E+3	7.225716E+3	-1.070859E+4	8.509409E+3	-1.716300E+4
1.039800E+2	-1.308101E+1	2.214728E+0	-1.308059E+1	1.208253E-1	2.413810E+3	-1.901287E+3	4.699990E+3	-2.874053E+3	7.224943E+3	-1.070934E+4	8.507090E+3	-1.716300E+4
1.039900E+2	-1.309059E+1	2.119284E+0	-1.309017E+1	1.207276E-1	2.414081E+3	-1.901450E+3	4.699990E+3	-2.874380E+3	7.225322E+3	-1.070950E+4	8.506871E+3	-1.716274E+4
1.040000E+2	-1.309954E+1	2.096205E+0	-1.309911E+1	1.206363E-1	2.414424E+3	-1.901450E+3	4.699990E+3	-2.874380E+3	7.226009E+3	-1.070950E+4	8.507214E+3	-1.716240E+4
1.040100E+2	-1.310870E+1	2.230763E+0	-1.310827E+1	1.205428E-1	2.414768E+3	-1.901450E+3	4.699990E+3	-2.874380E+3	7.226696E+3	-1.070950E+4	8.507558E+3	-1.716207E+4
1.040200E+2	-1.311798E+1	2.211554E+0	-1.311755E+1	1.204481E-1	2.415111E+3	-1.901450E+3	4.699990E+3	-2.874380E+3	7.227383E+3	-1.070950E+4	8.507901E+3	-1.716173E+4
1.040300E+2	-1.312799E+1	2.191728E+0	-1.312756E+1	1.203460E-1	2.415455E+3	-1.901450E+3	4.699990E+3	-2.874380E+3	7.228070E+3	-1.070950E+4	8.508245E+3	-1.716140E+4
1.040400E+2	-1.313929E+1	2.019793E+0	-1.313887E+1	1.202306E-1	2.415660E+3	-1.901173E+3	4.699990E+3	-2.874103E+3	7.229034E+3	-1.070895E+4	8.509834E+3	-1.716120E+4
1.040500E+2	-1.314913E+1	2.185157E+0	-1.314870E+1	1.201303E-1	2.415660E+3	-1.900486E+3	4.699990E+3	-2.873416E+3	7.230408E+3	-1.070757E+4	8.513270E+3	-1.716120E+4
1.040600E+2	-1.315901E+1	2.278148E+0	-1.315858E+1	1.200295E-1	2.415660E+3	-1.899799E+3	4.699990E+3	-2.872729E+3	7.231782E+3	-1.070620E+4	8.516705E+3	-1.716120E+4
1.040700E+2	-1.316893E+1	2.179209E+0	-1.316851E+1	1.199282E-1	2.415847E+3	-1.899320E+3	4.700083E+3	-2.872437E+3	7.231993E+3	-1.070608E+4	8.517513E+3	-1.716129E+4
1.040800E+2	-1.317880E+1	2.085960E+0	-1.317837E+1	1.198276E-1	2.416110E+3	-1.898925E+3	4.700215E+3	-2.872305E+3	7.231730E+3	-1.070648E+4	8.517250E+3	-1.716142E+4
1.040900E+2	-1.318805E+1	2.139569E+0	-1.318762E+1	1.197331E-1	2.416373E+3	-1.898531E+3	4.700346E+3	-2.872174E+3	7.231467E+3	-1.070688E+4	8.516987E+3	-1.716155E+4
1.041000E+2	-1.319631E+1	2.240837E+0	-1.319588E+1	1.196489E-1	2.416636E+3	-1.898136E+3	4.700478E+3	-2.872042E+3	7.231204E+3	-1.070728E+4	8.516724E+3	-1.716167E+4
1.041100E+2	-1.320484E+1	2.240077E+0	-1.320441E+1	1.195618E-1	2.416899E+3	-1.897741E+3	4.700610E+3	-2.871910E+3	7.230941E+3	-1.070768E+4	8.516461E+3	-1.716180E+4
1.041200E+2	-1.321419E+1	2.109611E+0	-1.321376E+1	1.194664E-1	2.417162E+3	-1.897347E+3	4.700741E+3	-2.871779E+3	7.230678E+3	-1.070807E+4	8.516198E+3	-1.716193E+4
1.041300E+2	-1.322417E+1	2.160102E+0	-1.322374E+1	1.193645E-1	2.417425E+3	-1.896952E+3	4.700873E+3	-2.871647E+3	7.230415E+3	-1.070847E+4	8.515935E+3	-1.716206E+4
1.041400E+2	-1.323450E+1	2.221692E+0	-1.323407E+1	1.192591E-1	2.417688E+3	-1.896558E+3	4.701004E+3	-2.871516E+3	7.230152E+3	-1.070887E+4	8.515672E+3	-1.716219E+4
1.041500E+2	-1.324518E+1	2.271024E+0	-1.324475E+1	1.191502E-1	2.417951E+3	-1.896163E+3	4.701136E+3	-2.871384E+3	7.229889E+3	-1.070927E+4	8.515409E+3	-1.716231E+4
1.041600E+2	-1.325596E+1	2.208815E+0	-1.325553E+1	1.190402E-1	2.418214E+3	-1.895769E+3	4.701267E+3	-2.871253E+3	7.229626E+3	-1.070967E+4	8.515146E+3	-1.716244E+4
1.041700E+2	-1.326586E+1	2.089822E+0	-1.326543E+1	1.189391E-1	2.418477E+3	-1.895374E+3	4.701399E+3	-2.871121E+3	7.229363E+3	-1.071006E+4	8.514883E+3	-1.716257E+4
1.041800E+2	-1.327506E+1	2.213983E+0	-1.327463E+1	1.188452E-1	2.418740E+3	-1.894979E+3	4.701530E+3	-2.870990E+3	7.229100E+3	-1.071046E+4	8.514620E+3	-1.716270E+4
1.041900E+2	-1.328488E+1	2.213152E+0	-1.328445E+1	1.187451E-1	2.419003E+3	-1.894585E+3	4.701662E+3	-2.870858E+3	7.228837E+3	-1.071086E+4	8.514357E+3	-1.716283E+4
1.042000E+2	-1.329470E+1	2.177954E+0	-1.329428E+1	1.186448E-1	2.419267E+3	-1.894190E+3	4.701793E+3	-2.870727E+3	7.228573E+3	-1.071126E+4	8.514093E+3	-1.716295E+4
1.042100E+2	-1.330419E+1	2.128811E+0	-1.330376E+1	1.185480E-1	2.417762E+3	-1.894050E+3	4.701041E+3	-2.870680E+3	7.228480E+3	-1.071140E+4	8.514799E+3	-1.716300E+4
1.042200E+2	-1.331428E+1	2.155747E+0	-1.331385E+1	1.184451E-1	2.417467E+3	-1.895900E+3	4.701797E+3	-2.870680E+3	7.230373E+3	-1.070770E+4	8.517570E+3	-1.716296E+4
1.042300E+2	-1.332466E+1	2.299434E+0	-1.332423E+1	1.183391E-1	2.417181E+3	-1.895900E+3	4.701511E+3	-2.870680E+3	7.230659E+3	-1.070770E+4	8.516714E+3	-1.716268E+4
1.042400E+2	-1.333410E+1	2.234044E+0	-1.333367E+1	1.182428E-1	2.416896E+3	-1.895900E+3	4.701226E+3	-2.870680E+3	7.230944E+3	-1.070770E+4	8.515859E+3	-1.716240E+4
1.042500E+2	-1.334313E+1	2.155026E+0	-1.334270E+1	1.181507E-1	2.416611E+3	-1.895900E+3	4.700941E+3	-2.870680E+3	7.231229E+3	-1.070770E+4	8.515003E+3	-1.716213E+4
1.042600E+2	-1.335228E+1	2.130135E+0	-1.335185E+1	1.180573E-1	2.416326E+3	-1.895900E+3	4.700656E+3	-2.870680E+3	7.231514E+3	-1.070770E+4	8.514147E+3	-1.716185E+4
1.042700E+2	-1.336115E+1	2.210546E+0	-1.336072E+1	1.179668E-1	2.416041E+3	-1.895900E+3	4.700371E+3	-2.870680E+3	7.231799E+3	-1.070770E+4	8.513292E+3	-1.716157E+4
1.042800E+2	-1.337014E+1	2.242805E+0	-1.336971E+1	1.178751E-1	2.415755E+3	-1.895900E+3	4.700085E+3	-2.870680E+3	7.232085E+3	-1.070770E+4	8.512436E+3	-1.716129E+4
1.042900E+2	-1.337966E+1	2.118175E+0	-1.337924E+1	1.177779E-1	2.414121E+3	-1.901450E+3	4.698295E+3	-2.872530E+3	7.232180E+3	-1.070770E+4	8.514466E+3	-1.716120E+4
1.043000E+2	-1.339071E+1	2.082729E+0	-1.339028E+1	1.176652E-1	2.414666E+3	-1.901450E+3	4.698568E+3	-2.872530E+3	7.232180E+3	-1.070770E+4	8.515284E+3	-1.716120E+4
1.043100E+2	-1.340188E+1	2.146214E+0	-1.340145E+1	1.175512E-1	2.415212E+3	-1.901450E+3	4.698841E+3	-2.872530E+3	7.232180E+3	-1.070770E+4	8.516103E+3	-1.716120E+4
1.043200E+2	-1.341193E+1	2.203102E+0	-1.341150E+1	1.174487E-1	2.415757E+3	-1.901450E+3	4.699114E+3	-2.872530E+3	7.232180E+3	-1.070770E+4	8.516921E+3	-1.716120E+4
1.043300E+2	-1.342136E+1	2.198213E+0	-1.342093E+1	1.173524E-1	2.416303E+3	-1.901450E+3	4.699386E+3	-2.872530E+3	7.232180E+3	-1.070770E+4	8.517739E+3	-1.716120E+4
1.043400E+2	-1.343156E+1	2.064709E+0	-1.343113E+1	1.172483E-1	2.416848E+3	-1.901450E+3	4.699659E+3	-2.872530E+3	7.232180E+3	-1.070770E+4	8.518558E+3	-1.716120E+4
1.043500E+2	-1.344162E+1	2.177312E+0	-1.344120E+1	1.171456E-1	2.417394E+3	-1.901450E+3	4.699932E+3	-2.872530E+3	7.232180E+3	-1.070770E+4	8.519376E+3	-1.716120E+4
1.043600E+2	-1.345148E+1	2.236452E+0	-1.345105E+1	1.170450E-1	2.415235E+3	-1.897750E+3	4.698140E+3	-2.870680E+3	7.228764E+3	-1.071306E+4	8.514567E+3	-1.716504E+4
1.043700E+2	-1.346160E+1	2.154389E+0	-1.346117E+1	1.169418E-1	2.414694E+3	-1.897750E+3	4.698140E+3	-2.870680E+3	7.229124E+3	-1.071289E+4	8.515288E+3	-1.716521E+4
1.043800E+2	-1.347189E+1	2.095860E+0	-1.347147E+1	1.168368E-1	2.414154E+3	-1.897750E+3	4.698140E+3	-2.870680E+3	7.229484E+3	-1.071271E+4	8.516008E+3	-1.716539E+4
1.043900E+2	-1.348205E+1	2.093104E+0	-1.348163E+1	1.167331E-1	2.413614E+3	-1.897750E+3	4.698140E+3	-2.870680E+3	7.229844E+3	-1.071254E+4	8.516728E+3	-1.716556E+4
1.044000E+2	-1.349202E+1	2.227133E+0	-1.349160E+1	1.166314E-1	2.413074E+3	-1.897750E+3	4.698140E+3	-2.870680E+3	7.230204E+3	-1.071236E+4	8.517449E+3	-1.716574E+4
1.044100E+2	-1.350140E+1	2.210882E+0	-1.350098E+1	1.165356E-1	2.412533E+3	-1.897750E+3	4.698140E+3	-2.870680E+3	7.230565E+3	-1.071219E+4	8.518169E+3	-1.716591E+4
1.044200E+2	-1.351028E+1	2.132591E+0	-1.350985E+1	1.164451E-1	2.411993E+3	-1.897750E+3	4.698140E+3	-2.870680E+3	7.230925E+3	-1.071201E+4	8.518889E+3	-1.716609E+4
1.044300E+2	-1.351973E+1	2.160950E+0	-1.351930E+1	1.163486E-1	2.411453E+3	-1.897750E+3	4.698140E+3	-2.870680E+3	7.231285E+3	-1.071184E+4	8.519610E+3	-1.716626E+4
1.044400E+2	-1.352865E+1	2.159881E+0	-1.352822E+1	1.162576E-1	2.410912E+3	-1.897750E+3	4.698140E+3	-2.870680E+3	7.231645E+3	-1.071166E+4	8.520330E+3	-1.716644E+4
1.044500E+2	-1.353680E+1	2.228512E+0	-1.353638E+1	1.161744E-1	2.410372E+3	-1.897750E+3	4.698140E+3	-2.870680E+3	7.232005E+3	-1.071149E+4	8.521051E+3	-1.716661E+4
1.044600E+2	-1.354663E+1	2.178116E+0	-1.354621E+1	1.160741E-1	2.413990E+3	-1.899780E+3	4.699990E+3	-2.870860E+3	7.234570E+3	-1.070968E+4	8.523070E+3	-1.716282E+4
1.044700E+2	-1.355706E+1	2.069972E+0	-1.355663E+1	1.159678E-1	2.414340E+3	-1.900130E+3	4.699990E+3	-2.871210E+3	7.235620E+3	-1.071004E+4	8.522720E+3	-1.716248E+4
1.044800E+2	-1.356716E+1	2.151669E+0	-1.356673E+1	1.158647E-1	2.414690E+3	-1.900480E+3	4.699990E+3	-2.871560E+3	7.236669E+3	-1.071040E+4	8.522370E+3	-1.716214E+4
1.044900E+2	-1.357766E+1	2.116189E+0	-1.357724E+1	1.157575E-1	2.415039E+3	-1.900829E+3	4.699990E+3	-2.871909E+3	7.237718E+3	-1.071076E+4	8.522021E+3	-1.716180E+4
1.045000E+2	-1.358720E+1	2.140016E+0	-1.358677E+1	1.156601E-1	2.415389E+3	-1.901179E+3	4.699990E+3	-2.872259E+3	7.238768E+3	-1.071112E+4	8.521671E+3	-1.716146E+4
1.045100E+2	-1.359708E+1	2.085861E+0	-1.359665E+1	1.155594E-1	2.415660E+3	-1.901671E+3	4.700211E+3	-2.872530E+3	7.240022E+3	-1.071096E+4	8.522284E+3	-1.716097E+4
1.045200E+2	-1.360677E+1	2.138337E+0	-1.360634E+1	1.154605E-1	2.415660E+3	-1.902649E+3	4.701189E+3	-2.872530E+3	7.241978E+3	-1.070900E+4	8.526196E+3	-1.715997E+4
1.045300E+2	-1.361639E+1	2.230727E+0	-1.361596E+1	1.153623E-1	2.415765E+3	-1.903090E+3	4.701945E+3	-2.872320E+3	7.243385E+3	-1.070770E+4	8.529220E+3	-1.715920E+4
1.045400E+2	-1.362674E+1	2.099888E+0	-1.362631E+1	1.152567E-1	2.416079E+3	-1.902461E+3	4.702259E+3	-2.871691E+3	7.243699E+3	-1.070770E+4	8.530478E+3	-1.715889E+4
1.045500E+2	-1.363674E+1	2.073902E+0	-1.363632E+1	1.151546E-1	2.416394E+3	-1.901832E+3	4.702574E+3	-2.871062E+3	7.244014E+3	-1.070770E+4	8.531736E+3	-1.715859E+4
1.045600E+2	-1.364623E+1	2.158924E+0	-1.364580E+1	1.150578E-1	2.416708E+3	-1.901203E+3	4.702888E+3	-2.870433E+3	7.244328E+3	-1.070770E+4	8.532993E+3	-1.715828E+4
1.045700E+2	-1.365578E+1	2.115009E+0	-1.365535E+1	1.149604E-1	2.417023E+3	-1.900575E+3	4.703203E+3	-2.869805E+3	7.244643E+3	-1.070770E+4	8.534251E+3	-1.715797E+4
1.045800E+2	-1.366445E+1	2.160763E+0	-1.366402E+1	1.148719E-1	2.417337E+3	-1.899946E+3	4.703517E+3	-2.869176E+3	7.244957E+3	-1.070770E+4	8.535508E+3	-1.715767E+4
1.045900E+2	-1.367262E+1	2.072845E+0	-1.367220E+1	1.147885E-1	2.417907E+3	-1.899997E+3	4.703690E+3	-2.868433E+3	7.245130E+3	-1.070849E+4	8.535803E+3	-1.715789E+4
1.046000E+2	-1.368156E+1	2.063667E+0	-1.368113E+1	1.146974E-1	2.418790E+3	-1.900880E+3	4.703690E+3	-2.867550E+3	7.245130E+3	-1.071026E+4	8.534920E+3	-1.715875E+4
1.046100E+2	-1.369066E+1	2.165570E+0	-1.369023E+1	1.146044E-1	2.419155E+3	-1.901450E+3	4.703690E+3	-2.866980E+3	7.244925E+3	-1.071119E+4	8.534555E+3	-1.715930E+4
1.046200E+2	-1.370051E+1	2.136268E+0	-1.370009E+1	1.145039E-1	2.418575E+3	-1.901450E+3	4.703690E+3	-2.866980E+3	7.244345E+3	-1.071059E+4	8.535135E+3	-1.715930E+4
1.046300E+2	-1.371101E+1	2.163864E+0	-1.371058E+1	1.143968E-1	2.417995E+3	-1.901450E+3	4.703690E+3	-2.866980E+3	7.243765E+3	-1.071000E+4	8.535715E+3	-1.715930E+4
1.046400E+2	-1.372215E+1	2.022105E+0	-1.372172E+1	1.142832E-1	2.417573E+3	-1.901450E+3	4.703627E+3	-2.867043E+3	7.243343E+3	-1.070950E+4	8.536073E+3	-1.715930E+4
1.046500E+2	-1.373349E+1	2.130562E+0	-1.373306E+1	1.141675E-1	2.417960E+3	-1.901450E+3	4.703240E+3	-2.867430E+3	7.243730E+3	-1.070950E+4	8.535300E+3	-1.715930E+4
1.046600E+2	-1.374413E+1	2.235925E+0	-1.374370E+1	1.140588E-1	2.418346E+3	-1.901450E+3	4.702854E+3	-2.867816E+3	7.244116E+3	-1.070950E+4	8.534527E+3	-1.715930E+4
1.046700E+2	-1.375475E+1	2.112566E+0	-1.375432E+1	1.139505E-1	2.418733E+3	-1.901450E+3	4.702467E+3	-2.868203E+3	7.244503E+3	-1.070950E+4	8.533754E+3	-1.715930E+4
1.046800E+2	-1.376493E+1	2.039564E+0	-1.376450E+1	1.138466E-1	2.419119E+3	-1.901450E+3	4.702081E+3	-2.868589E+3	7.244889E+3	-1.070950E+4	8.532982E+3	-1.715930E+4
1.046900E+2	-1.377574E+1	2.034245E+0	-1.377531E+1	1.137363E-1	2.419506E+3	-1.901887E+3	4.701694E+3	-2.868976E+3	7.245421E+3	-1.070950E+4	8.532500E+3	-1.715916E+4
1.047000E+2	-1.378623E+1	2.156444E+0	-1.378580E+1	1.136293E-1	2.419892E+3	-1.903046E+3	4.701308E+3	-2.869362E+3	7.246194E+3	-1.070950E+4	8.532500E+3	-1.715878E+4
1.047100E+2	-1.379567E+1	2.146156E+0	-1.379524E+1	1.135329E-1	2.420279E+3	-1.904206E+3	4.700921E+3	-2.869749E+3	7.246967E+3	-1.070950E+4	8.532500E+3	-1.715841E+4
1.047200E+2	-1.380543E+1	1.973456E+0	-1.380500E+1	1.134334E-1	2.420665E+3	-1.905365E+3	4.700535E+3	-2.870135E+3	7.247740E+3	-1.070950E+4	8.532500E+3	-1.715803E+4
1.047300E+2	-1.381466E+1	2.092951E+0	-1.381423E+1	1.133392E-1	2.421051E+3	-1.906524E+3	4.700149E+3	-2.870521E+3	7.248513E+3	-1.070950E+4	8.532500E+3	-1.715765E+4
1.047400E+2	-1.382299E+1	2.198672E+0	-1.382256E+1	1.132542E-1	2.421000E+3	-1.906579E+3	4.700411E+3	-2.870470E+3	7.249040E+3	-1.070930E+4	8.533130E+3	-1.715728E+4
1.047500E+2	-1.383189E+1	2.174337E+0	-1.383146E+1	1.131633E-1	2.420643E+3	-1.905866E+3	4.701124E+3	-2.870113E+3	7.249397E+3	-1.070895E+4	8.534198E+3	-1.715692E+4
1.047600E+2	-1.384095E+1	2.055519E+0	-1.384052E+1	1.130709E-1	2.420286E+3	-1.905152E+3	4.701838E+3	-2.869756E+3	7.249754E+3	-1.070860E+4	8.535266E+3	-1.715655E+4
1.047700E+2	-1.385042E+1	2.028096E+0	-1.384999E+1	1.129742E-1	2.419929E+3	-1.904439E+3	4.702551E+3	-2.869399E+3	7.250111E+3	-1.070825E+4	8.536335E+3	-1.715618E+4
1.047800E+2	-1.386074E+1	2.181367E+0	-1.386031E+1	1.128689E-1	2.419573E+3	-1.903725E+3	4.703265E+3	-2.869043E+3	7.250467E+3	-1.070791E+4	8.537403E+3	-1.715582E+4
1.047900E+2	-1.387039E+1	2.162973E+0	-1.386996E+1	1.127705E-1	2.419319E+3	-1.903136E+3	4.703649E+3	-2.868830E+3	7.250639E+3	-1.070778E+4	8.538040E+3	-1.715568E+4
1.048000E+2	-1.388010E+1	2.089161E+0	-1.387967E+1	1.126714E-1	2.419218E+3	-1.902731E+3	4.703548E+3	-2.868830E+3	7.250538E+3	-1.070798E+4	8.538040E+3	-1.715588E+4
1.048100E+2	-1.389016E+1	2.020857E+0	-1.388973E+1	1.125687E-1	2.419116E+3	-1.902325E+3	4.703446E+3	-2.868830E+3	7.250436E+3	-1.070819E+4	8.538040E+3	-1.715609E+4
1.048200E+2	-1.389904E+1	2.132767E+0	-1.389862E+1	1.124781E-1	2.419015E+3	-1.901920E+3	4.703345E+3	-2.868830E+3	7.250335E+3	-1.070839E+4	8.538040E+3	-1.715629E+4
1.048300E+2	-1.390811E+1	2.299893E+0	-1.390768E+1	1.123856E-1	2.418914E+3	-1.901515E+3	4.703244E+3	-2.868830E+3	7.250234E+3	-1.070859E+4	8.538040E+3	-1.715649E+4
1.048400E+2	-1.391835E+1	2.152996E+0	-1.391793E+1	1.122811E-1	2.418812E+3	-1.901109E+3	4.703142E+3	-2.868830E+3	7.250132E+3	-1.070880E+4	8.538040E+3	-1.715670E+4
1.048500E+2	-1.392829E+1	1.996954E+0	-1.392786E+1	1.121796E-1	2.418711E+3	-1.900704E+3	4.703041E+3	-2.868830E+3	7.250031E+3	-1.070900E+4	8.538040E+3	-1.715690E+4
1.048600E+2	-1.393805E+1	2.119755E+0	-1.393763E+1	1.120800E-1	2.418610E+3	-1.900298E+3	4.702940E+3	-2.868830E+3	7.249930E+3	-1.070920E+4	8.538040E+3	-1.715710E+4
1.048700E+2	-1.394662E+1	2.138511E+0	-1.394619E+1	1.119927E-1	2.418508E+3	-1.899893E+3	4.702838E+3	-2.868830E+3	7.249828E+3	-1.070940E+4	8.538040E+3	-1.715730E+4
1.048800E+2	-1.395448E+1	2.169196E+0	-1.395405E+1	1.119124E-1	2.418407E+3	-1.899487E+3	4.702737E+3	-2.868830E+3	7.249727E+3	-1.070961E+4	8.538040E+3	-1.715751E+4
1.048900E+2	-1.396411E+1	2.090366E+0	-1.396368E+1	1.118141E-1	2.418305E+3	-1.899082E+3	4.702635E+3	-2.868830E+3	7.249625E+3	-1.070981E+4	8.538040E+3	-1.715771E+4
1.049000E+2	-1.397404E+1	2.148584E+0	-1.397361E+1	1.117128E-1	2.418204E+3	-1.898676E+3	4.702534E+3	-2.868830E+3	7.249524E+3	-1.071001E+4	8.538040E+3	-1.715791E+4
1.049100E+2	-1.398371E+1	2.188967E+0	-1.398328E+1	1.116141E-1	2.418103E+3	-1.898271E+3	4.702433E+3	-2.868830E+3	7.249423E+3	-1.071021E+4	8.538040E+3	-1.715811E+4
1.049200E+2	-1.399382E+1	2.128780E+0	-1.399339E+1	1.115110E-1	2.418001E+3	-1.897865E+3	4.702331E+3	-2.868830E+3	7.249321E+3	-1.071042E+4	8.538040E+3	-1.715832E+4
1.049300E+2	-1.400341E+1	2.163867E+0	-1.400298E+1	1.114131E-1	2.417900E+3	-1.897460E+3	4.702230E+3	-2.868830E+3	7.249220E+3	-1.071062E+4	8.538040E+3	-1.715852E+4
1.049400E+2	-1.401330E+1	2.087547E+0	-1.401287E+1	1.113122E-1	2.417799E+3	-1.897055E+3	4.702129E+3	-2.868830E+3	7.249119E+3	-1.071082E+4	8.538040E+3	-1.715872E+4
1.049500E+2	-1.402358E+1	2.160321E+0	-1.402315E+1	1.112073E-1	2.417697E+3	-1.896649E+3	4.702027E+3	-2.868830E+3	7.249017E+3	-1.071103E+4	8.538040E+3	-1.715893E+4
1.049600E+2	-1.403347E+1	2.230271E+0	-1.403304E+1	1.111064E-1	2.417596E+3	-1.896244E+3	4.701926E+3	-2.868830E+3	7.248916E+3	-1.071123E+4	8.538040E+3	-1.715913E+4
1.049700E+2	-1.404403E+1	2.073167E+0	-1.404361E+1	1.109986E-1	2.415660E+3	-1.897973E+3	4.701914E+3	-2.866980E+3	7.247129E+3	-1.071495E+4	8.536423E+3	-1.716120E+4
1.049800E+2	-1.405440E+1	2.062866E+0	-1.405397E+1	1.108928E-1	2.415660E+3	-1.899438E+3	4.702403E+3	-2.866980E+3	7.248105E+3	-1.071397E+4	8.537885E+3	-1.716120E+4
1.049900E+2	-1.406519E+1	2.122615E+0	-1.406476E+1	1.107827E-1	2.415660E+3	-1.900902E+3	4.702891E+3	-2.866980E+3	7.249081E+3	-1.071300E+4	8.539347E+3	-1.716120E+4
1.050000E+2	-1.407631E+1	2.160366E+0	-1.407589E+1	1.106692E-1	2.415660E+3	-1.902367E+3	4.703379E+3	-2.866980E+3	7.250058E+3	-1.071202E+4	8.540808E+3	-1.716120E+4
1.050100E+2	-1.408724E+1	2.102342E+0	-1.408681E+1	1.105577E-1	2.419696E+3	-1.903300E+3	4.705540E+3	-2.870007E+3	7.256903E+3	-1.070883E+4	8.543758E+3	-1.715527E+4
1.050200E+2	-1.409790E+1	2.062961E+0	-1.409748E+1	1.104489E-1	2.420624E+3	-1.903300E+3	4.705540E+3	-2.868152E+3	7.258758E+3	-1.070697E+4	8.549323E+3	-1.715437E+4
1.050300E+2	-1.410896E+1	2.152243E+0	-1.410854E+1	1.103360E-1	2.421210E+3	-1.903434E+3	4.705540E+3	-2.866846E+3	7.260064E+3	-1.070621E+4	8.552840E+3	-1.715380E+4
1.050400E+2	-1.411897E+1	2.130084E+0	-1.411854E+1	1.102340E-1	2.421210E+3	-1.903798E+3	4.705540E+3	-2.866482E+3	7.260428E+3	-1.070731E+4	8.552840E+3	-1.715380E+4
1.050500E+2	-1.412756E+1	2.129526E+0	-1.412714E+1	1.101463E-1	2.421210E+3	-1.904161E+3	4.705540E+3	-2.866119E+3	7.260791E+3	-1.070841E+4	8.552840E+3	-1.715380E+4
1.050600E+2	-1.413688E+1	2.106550E+0	-1.413645E+1	1.100512E-1	2.421210E+3	-1.904525E+3	4.705540E+3	-2.865755E+3	7.261155E+3	-1.070951E+4	8.552840E+3	-1.715380E+4
1.050700E+2	-1.414699E+1	2.101162E+0	-1.414656E+1	1.099480E-1	2.421210E+3	-1.904889E+3	4.705540E+3	-2.865391E+3	7.261519E+3	-1.071061E+4	8.552840E+3	-1.715380E+4
1.050800E+2	-1.415616E+1	2.248784E+0	-1.415573E+1	1.098545E-1	2.421147E+3	-1.905025E+3	4.705509E+3	-2.865130E+3	7.261717E+3	-1.071146E+4	8.552840E+3	-1.715383E+4
1.050900E+2	-1.416499E+1	2.155959E+0	-1.416456E+1	1.097643E-1	2.420925E+3	-1.904581E+3	4.705398E+3	-2.865130E+3	7.261495E+3	-1.071168E+4	8.552840E+3	-1.715394E+4
1.051000E+2	-1.417452E+1	2.059397E+0	-1.417409E+1	1.096672E-1	2.420703E+3	-1.904137E+3	4.705287E+3	-2.865130E+3	7.261273E+3	-1.071191E+4	8.552840E+3	-1.715405E+4
1.051100E+2	-1.418448E+1	2.036401E+0	-1.418405E+1	1.095655E-1	2.420481E+3	-1.903692E+3	4.705176E+3	-2.865130E+3	7.261051E+3	-1.071213E+4	8.552840E+3	-1.715415E+4
1.051200E+2	-1.419492E+1	2.114617E+0	-1.419449E+1	1.094590E-1	2.420259E+3	-1.903248E+3	4.705065E+3	-2.865130E+3	7.260829E+3	-1.071235E+4	8.552840E+3	-1.715426E+4
1.051300E+2	-1.420514E+1	2.160640E+0	-1.420471E+1	1.093547E-1	2.420037E+3	-1.902804E+3	4.704953E+3	-2.865130E+3	7.260607E+3	-1.071257E+4	8.552840E+3	-1.715437E+4
1.051400E+2	-1.421513E+1	2.066602E+0	-1.421470E+1	1.092527E-1	2.419815E+3	-1.902360E+3	4.704842E+3	-2.865130E+3	7.260385E+3	-1.071280E+4	8.552840E+3	-1.715448E+4
1.051500E+2	-1.422535E+1	1.974079E+0	-1.422492E+1	1.091484E-1	2.419593E+3	-1.901915E+3	4.704731E+3	-2.865130E+3	7.260163E+3	-1.071302E+4	8.552840E+3	-1.715459E+4
1.051600E+2	-1.423517E+1	2.122672E+0	-1.423474E+1	1.090482E-1	2.419371E+3	-1.901471E+3	4.704620E+3	-2.865130E+3	7.259941E+3	-1.071324E+4	8.552840E+3	-1.715469E+4
1.051700E+2	-1.424545E+1	2.140685E+0	-1.424503E+1	1.089433E-1	2.419149E+3	-1.901027E+3	4.704509E+3	-2.865130E+3	7.259719E+3	-1.071346E+4	8.552840E+3	-1.715480E+4
1.051800E+2	-1.425556E+1	2.138420E+0	-1.425513E+1	1.088402E-1	2.418926E+3	-1.900583E+3	4.704398E+3	-2.865130E+3	7.259496E+3	-1.071368E+4	8.552840E+3	-1.715491E+4
1.051900E+2	-1.426554E+1	1.959639E+0	-1.426511E+1	1.087383E-1	2.418704E+3	-1.900139E+3	4.704287E+3	-2.865130E+3	7.259274E+3	-1.071391E+4	8.552840E+3	-1.715502E+4
1.052000E+2	-1.427493E+1	2.045139E+0	-1.427451E+1	1.086425E-1	2.418482E+3	-1.899694E+3	4.704176E+3	-2.865130E+3	7.259052E+3	-1.071413E+4	8.552840E+3	-1.715513E+4
1.052100E+2	-1.428385E+1	2.177726E+0	-1.428342E+1	1.085515E-1	2.418260E+3	-1.899250E+3	4.704065E+3	-2.865130E+3	7.258830E+3	-1.071435E+4	8.552840E+3	-1.715524E+4
1.052200E+2	-1.429315E+1	2.166295E+0	-1.429272E+1	1.084566E-1	2.418038E+3	-1.898806E+3	4.703954E+3	-2.865130E+3	7.258608E+3	-1.071457E+4	8.552840E+3	-1.715534E+4
1.052300E+2	-1.430189E+1	2.137409E+0	-1.430146E+1	1.083674E-1	2.417816E+3	-1.898362E+3	4.703843E+3	-2.865130E+3	7.258386E+3	-1.071479E+4	8.552840E+3	-1.715545E+4
1.052400E+2	-1.431198E+1	2.083090E+0	-1.431155E+1	1.082645E-1	2.417594E+3	-1.897918E+3	4.703732E+3	-2.865130E+3	7.258164E+3	-1.071502E+4	8.552840E+3	-1.715556E+4
1.052500E+2	-1.432230E+1	2.149986E+0	-1.432188E+1	1.081591E-1	2.421210E+3	-1.904869E+3	4.703971E+3	-2.868830E+3	7.267330E+3	-1.071111E+4	8.553963E+3	-1.715163E+4
1.052600E+2	-1.433240E+1	2.179780E+0	-1.433197E+1	1.080561E-1	2.421210E+3	-1.903632E+3	4.705208E+3	-2.868830E+3	7.267330E+3	-1.070984E+4	8.558910E+3	-1.715042E+4
1.052700E+2	-1.434348E+1	2.038404E+0	-1.434305E+1	1.079430E-1	2.420927E+3	-1.902452E+3	4.705540E+3	-2.868265E+3	7.267613E+3	-1.071036E+4	8.560240E+3	-1.715037E+4
1.052800E+2	-1.435385E+1	2.045653E+0	-1.435342E+1	1.078372E-1	2.420541E+3	-1.901293E+3	4.705540E+3	-2.867492E+3	7.267999E+3	-1.071153E+4	8.560240E+3	-1.715075E+4
1.052900E+2	-1.436372E+1	2.109732E+0	-1.436330E+1	1.077364E-1	2.420155E+3	-1.900134E+3	4.705540E+3	-2.866719E+3	7.268385E+3	-1.071269E+4	8.560240E+3	-1.715113E+4
1.053000E+2	-1.437477E+1	2.198328E+0	-1.437434E+1	1.076238E-1	2.419768E+3	-1.898974E+3	4.705540E+3	-2.865946E+3	7.268772E+3	-1.071386E+4	8.560240E+3	-1.715150E+4
1.053100E+2	-1.438583E+1	2.073800E+0	-1.438540E+1	1.075109E-1	2.419382E+3	-1.897815E+3	4.705540E+3	-2.865173E+3	7.269158E+3	-1.071503E+4	8.560240E+3	-1.715188E+4
1.053200E+2	-1.439575E+1	1.969942E+0	-1.439532E+1	1.074097E-1	2.419360E+3	-1.897750E+3	4.706071E+3	-2.864599E+3	7.269180E+3	-1.071510E+4	8.561301E+3	-1.715190E+4
1.053300E+2	-1.440471E+1	2.119976E+0	-1.440429E+1	1.073182E-1	2.419360E+3	-1.897750E+3	4.706633E+3	-2.864037E+3	7.269180E+3	-1.071510E+4	8.562425E+3	-1.715190E+4
1.053400E+2	-1.441262E+1	2.108188E+0	-1.441219E+1	1.072375E-1	2.419360E+3	-1.897750E+3	4.707195E+3	-2.863475E+3	7.269180E+3	-1.071510E+4	8.563550E+3	-1.715190E+4
1.053500E+2	-1.442170E+1	2.079984E+0	-1.442127E+1	1.071448E-1	2.419360E+3	-1.898008E+3	4.707390E+3	-2.863538E+3	7.269438E+3	-1.071484E+4	8.563940E+3	-1.715190E+4
1.053600E+2	-1.443147E+1	2.082400E+0	-1.443104E+1	1.070451E-1	2.419360E+3	-1.898402E+3	4.707390E+3	-2.863932E+3	7.269832E+3	-1.071443E+4	8.563940E+3	-1.715190E+4
1.053700E+2	-1.444133E+1	2.097716E+0	-1.444090E+1	1.069445E-1	2.419360E+3	-1.898797E+3	4.707390E+3	-2.864327E+3	7.270227E+3	-1.071402E+4	8.563940E+3	-1.715190E+4
1.053800E+2	-1.445076E+1	2.271721E+0	-1.445033E+1	1.068483E-1	2.419360E+3	-1.899192E+3	4.707390E+3	-2.864722E+3	7.270622E+3	-1.071362E+4	8.563940E+3	-1.715190E+4
1.053900E+2	-1.446055E+1	2.160950E+0	-1.446012E+1	1.067485E-1	2.419360E+3	-1.899586E+3	4.707390E+3	-2.865116E+3	7.271016E+3	-1.071321E+4	8.563940E+3	-1.715190E+4
1.054000E+2	-1.447079E+1	2.076458E+0	-1.447036E+1	1.066439E-1	2.419920E+3	-1.901279E+3	4.706830E+3	-2.866249E+3	7.272146E+3	-1.071320E+4	8.562821E+3	-1.715136E+4
1.054100E+2	-1.448150E+1	2.076435E+0	-1.448107E+1	1.065347E-1	2.420499E+3	-1.903018E+3	4.706251E+3	-2.867409E+3	7.273302E+3	-1.071320E+4	8.561661E+3	-1.715079E+4
1.054200E+2	-1.449139E+1	2.162728E+0	-1.449096E+1	1.064338E-1	2.421079E+3	-1.904757E+3	4.705671E+3	-2.868568E+3	7.274459E+3	-1.071320E+4	8.560502E+3	-1.715023E+4
1.054300E+2	-1.450104E+1	2.179055E+0	-1.450061E+1	1.063353E-1	2.421210E+3	-1.904857E+3	4.705540E+3	-2.868537E+3	7.275306E+3	-1.071261E+4	8.561705E+3	-1.714980E+4
1.054400E+2	-1.451129E+1	2.082463E+0	-1.451086E+1	1.062307E-1	2.421210E+3	-1.904478E+3	4.705540E+3	-2.868158E+3	7.276063E+3	-1.071186E+4	8.563598E+3	-1.714941E+4
1.054500E+2	-1.452207E+1	2.064833E+0	-1.452164E+1	1.061207E-1	2.421210E+3	-1.904100E+3	4.705540E+3	-2.867780E+3	7.276820E+3	-1.071110E+4	8.565490E+3	-1.714902E+4
1.054600E+2	-1.453279E+1	2.174476E+0	-1.453236E+1	1.060113E-1	2.421210E+3	-1.903721E+3	4.705540E+3	-2.867401E+3	7.277577E+3	-1.071034E+4	8.567383E+3	-1.714863E+4
1.054700E+2	-1.454247E+1	2.132926E+0	-1.454204E+1	1.059125E-1	2.421210E+3	-1.903343E+3	4.705540E+3	-2.867023E+3	7.278334E+3	-1.070959E+4	8.569276E+3	-1.714824E+4
1.054800E+2	-1.455159E+1	2.173306E+0	-1.455116E+1	1.058194E-1	2.421343E+3	-1.903167E+3	4.705673E+3	-2.866847E+3	7.278553E+3	-1.070950E+4	8.569888E+3	-1.714820E+4
1.054900E+2	-1.456155E+1	2.014719E+0	-1.456112E+1	1.057178E-1	2.421492E+3	-1.903018E+3	4.705822E+3	-2.866698E+3	7.278702E+3	-1.070950E+4	8.570337E+3	-1.714820E+4
1.055000E+2	-1.457085E+1	2.139467E+0	-1.457042E+1	1.056229E-1	2.421642E+3	-1.902868E+3	4.705972E+3	-2.866548E+3	7.278852E+3	-1.070950E+4	8.570786E+3	-1.714820E+4
1.055100E+2	-1.457962E+1	2.206858E+0	-1.457919E+1	1.055335E-1	2.421791E+3	-1.902719E+3	4.706121E+3	-2.866399E+3	7.279001E+3	-1.070950E+4	8.571234E+3	-1.714820E+4
1.055200E+2	-1.458957E+1	2.062969E+0	-1.458914E+1	1.054319E-1	2.421941E+3	-1.902569E+3	4.706271E+3	-2.866249E+3	7.279151E+3	-1.070950E+4	8.571683E+3	-1.714820E+4
1.055300E+2	-1.459911E+1	1.945145E+0	-1.459868E+1	1.053346E-1	2.422091E+3	-1.902419E+3	4.706421E+3	-2.866099E+3	7.279301E+3	-1.070950E+4	8.572132E+3	-1.714820E+4
1.055400E+2	-1.460745E+1	2.040079E+0	-1.460703E+1	1.052494E-1	2.422240E+3	-1.902270E+3	4.706570E+3	-2.865950E+3	7.279450E+3	-1.070950E+4	8.572581E+3	-1.714820E+4
1.055500E+2	-1.461589E+1	2.155608E+0	-1.461547E+1	1.051633E-1	2.422390E+3	-1.902120E+3	4.706720E+3	-2.865800E+3	7.279600E+3	-1.070950E+4	8.573029E+3	-1.714820E+4
1.055600E+2	-1.462622E+1	2.131468E+0	-1.462579E+1	1.050579E-1	2.422539E+3	-1.901971E+3	4.706869E+3	-2.865651E+3	7.279749E+3	-1.070950E+4	8.573478E+3	-1.714820E+4
1.055700E+2	-1.463686E+1	1.997933E+0	-1.463644E+1	1.049493E-1	2.422689E+3	-1.901821E+3	4.707019E+3	-2.865501E+3	7.279899E+3	-1.070950E+4	8.573927E+3	-1.714820E+4
1.055800E+2	-1.464743E+1	2.112899E+0	-1.464701E+1	1.048414E-1	2.422839E+3	-1.901671E+3	4.707169E+3	-2.865351E+3	7.280049E+3	-1.070950E+4	8.574376E+3	-1.714820E+4
1.055900E+2	-1.465754E+1	2.143227E+0	-1.465711E+1	1.047383E-1	2.422988E+3	-1.901522E+3	4.707318E+3	-2.865202E+3	7.280198E+3	-1.070950E+4	8.574825E+3	-1.714820E+4
1.056000E+2	-1.466716E+1	2.132222E+0	-1.466673E+1	1.046401E-1	2.423060E+3	-1.901450E+3	4.707872E+3	-2.864165E+3	7.279788E+3	-1.071096E+4	8.573593E+3	-1.714870E+4
1.056100E+2	-1.467603E+1	2.053301E+0	-1.467560E+1	1.045497E-1	2.423060E+3	-1.901450E+3	4.708800E+3	-2.862310E+3	7.278860E+3	-1.071377E+4	8.570811E+3	-1.714965E+4
1.056200E+2	-1.468532E+1	2.031318E+0	-1.468489E+1	1.044549E-1	2.423060E+3	-1.902533E+3	4.709240E+3	-2.861430E+3	7.278420E+3	-1.071399E+4	8.572738E+3	-1.715115E+4
1.056300E+2	-1.469467E+1	2.145047E+0	-1.469424E+1	1.043595E-1	2.423060E+3	-1.903606E+3	4.708934E+3	-2.862043E+3	7.278726E+3	-1.071290E+4	8.575040E+3	-1.715129E+4
1.056400E+2	-1.470502E+1	2.144086E+0	-1.470460E+1	1.042538E-1	2.423060E+3	-1.904095E+3	4.708445E+3	-2.863019E+3	7.279215E+3	-1.071243E+4	8.575040E+3	-1.715031E+4
1.056500E+2	-1.471733E+1	2.049638E+0	-1.471691E+1	1.041282E-1	2.423060E+3	-1.904583E+3	4.707957E+3	-2.863995E+3	7.279703E+3	-1.071195E+4	8.575040E+3	-1.714933E+4
1.056600E+2	-1.472916E+1	2.011519E+0	-1.472873E+1	1.040075E-1	2.423060E+3	-1.905071E+3	4.707469E+3	-2.864972E+3	7.280191E+3	-1.071148E+4	8.575040E+3	-1.714836E+4
1.056700E+2	-1.473986E+1	2.120038E+0	-1.473944E+1	1.038983E-1	2.423060E+3	-1.905363E+3	4.707390E+3	-2.865343E+3	7.280483E+3	-1.071161E+4	8.574614E+3	-1.714820E+4
1.056800E+2	-1.475055E+1	2.219771E+0	-1.475012E+1	1.037892E-1	2.423060E+3	-1.905617E+3	4.707390E+3	-2.865597E+3	7.280737E+3	-1.071185E+4	8.574106E+3	-1.714820E+4
1.056900E+2	-1.476170E+1	2.064491E+0	-1.476127E+1	1.036754E-1	2.423060E+3	-1.905871E+3	4.707390E+3	-2.865851E+3	7.280991E+3	-1.071210E+4	8.573598E+3	-1.714820E+4
1.057000E+2	-1.477212E+1	2.050743E+0	-1.477169E+1	1.035691E-1	2.423060E+3	-1.906125E+3	4.707390E+3	-2.866105E+3	7.281245E+3	-1.071235E+4	8.573090E+3	-1.714820E+4
1.057100E+2	-1.478268E+1	2.107158E+0	-1.478225E+1	1.034614E-1	2.423060E+3	-1.906379E+3	4.707390E+3	-2.866359E+3	7.281499E+3	-1.071260E+4	8.572581E+3	-1.714820E+4
1.057200E+2	-1.479278E+1	2.129616E+0	-1.479235E+1	1.033583E-1	2.423060E+3	-1.906633E+3	4.707390E+3	-2.866613E+3	7.281753E+3	-1.071284E+4	8.572073E+3	-1.714820E+4
1.057300E+2	-1.480211E+1	2.058026E+0	-1.480168E+1	1.032632E-1	2.423060E+3	-1.906888E+3	4.707390E+3	-2.866868E+3	7.282008E+3	-1.071309E+4	8.571565E+3	-1.714820E+4
1.057400E+2	-1.481138E+1	1.978295E+0	-1.481095E+1	1.031686E-1	2.423060E+3	-1.907252E+3	4.707642E+3	-2.866728E+3	7.282876E+3	-1.071270E+4	8.572349E+3	-1.714770E+4
1.057500E+2	-1.482153E+1	2.040042E+0	-1.482110E+1	1.030650E-1	2.423060E+3	-1.907705E+3	4.708095E+3	-2.866275E+3	7.284234E+3	-1.071179E+4	8.574158E+3	-1.714679E+4
1.057600E+2	-1.483159E+1	2.184294E+0	-1.483116E+1	1.029623E-1	2.423060E+3	-1.908157E+3	4.708547E+3	-2.865823E+3	7.285591E+3	-1.071089E+4	8.575968E+3	-1.714589E+4
1.057700E+2	-1.484116E+1	2.134879E+0	-1.484073E+1	1.028647E-1	2.423060E+3	-1.908609E+3	4.708999E+3	-2.865371E+3	7.286948E+3	-1.070998E+4	8.577778E+3	-1.714498E+4
1.057800E+2	-1.485057E+1	2.125354E+0	-1.485015E+1	1.027686E-1	2.424605E+3	-1.903148E+3	4.707390E+3	-2.863280E+3	7.289368E+3	-1.070996E+4	8.585683E+3	-1.714480E+4
1.057900E+2	-1.485949E+1	1.985558E+0	-1.485906E+1	1.026776E-1	2.423954E+3	-1.902822E+3	4.707390E+3	-2.863280E+3	7.289042E+3	-1.071095E+4	8.584707E+3	-1.714546E+4
1.058000E+2	-1.486871E+1	2.118469E+0	-1.486828E+1	1.025835E-1	2.423303E+3	-1.902497E+3	4.707390E+3	-2.863280E+3	7.288717E+3	-1.071193E+4	8.583730E+3	-1.714611E+4
1.058100E+2	-1.487802E+1	2.104780E+0	-1.487759E+1	1.024885E-1	2.422653E+3	-1.902171E+3	4.707390E+3	-2.863280E+3	7.288391E+3	-1.071292E+4	8.582754E+3	-1.714676E+4
1.058200E+2	-1.488749E+1	2.004233E+0	-1.488706E+1	1.023919E-1	2.422002E+3	-1.901846E+3	4.707390E+3	-2.863280E+3	7.288066E+3	-1.071390E+4	8.581778E+3	-1.714741E+4
1.058300E+2	-1.489713E+1	1.973104E+0	-1.489670E+1	1.022936E-1	2.421351E+3	-1.901520E+3	4.707390E+3	-2.863280E+3	7.287740E+3	-1.071489E+4	8.580801E+3	-1.714806E+4
1.058400E+2	-1.490611E+1	2.049141E+0	-1.490568E+1	1.022019E-1	2.420955E+3	-1.901705E+3	4.707645E+3	-2.863025E+3	7.287415E+3	-1.071484E+4	8.581100E+3	-1.714820E+4
1.058500E+2	-1.491519E+1	2.117245E+0	-1.491476E+1	1.021092E-1	2.420630E+3	-1.902030E+3	4.707970E+3	-2.862700E+3	7.287090E+3	-1.071450E+4	8.581751E+3	-1.714820E+4
1.058600E+2	-1.492487E+1	2.085206E+0	-1.492444E+1	1.020105E-1	2.420304E+3	-1.902356E+3	4.708296E+3	-2.862374E+3	7.286764E+3	-1.071417E+4	8.582402E+3	-1.714820E+4
1.058700E+2	-1.493472E+1	1.975384E+0	-1.493430E+1	1.019099E-1	2.419979E+3	-1.902681E+3	4.708621E+3	-2.862049E+3	7.286439E+3	-1.071384E+4	8.583053E+3	-1.714820E+4
1.058800E+2	-1.494521E+1	2.147029E+0	-1.494478E+1	1.018030E-1	2.419653E+3	-1.903007E+3	4.708947E+3	-2.861723E+3	7.286113E+3	-1.071350E+4	8.583703E+3	-1.714820E+4
1.058900E+2	-1.495546E+1	2.115554E+0	-1.495503E+1	1.016983E-1	2.421177E+3	-1.903333E+3	4.709240E+3	-2.863313E+3	7.289487E+3	-1.070957E+4	8.584192E+3	-1.714640E+4
1.059000E+2	-1.496522E+1	2.098565E+0	-1.496479E+1	1.015987E-1	2.420846E+3	-1.903664E+3	4.709240E+3	-2.863644E+3	7.289156E+3	-1.071023E+4	8.583198E+3	-1.714640E+4
1.059100E+2	-1.497525E+1	2.013351E+0	-1.497482E+1	1.014964E-1	2.420515E+3	-1.903995E+3	4.709240E+3	-2.863975E+3	7.288825E+3	-1.071089E+4	8.582204E+3	-1.714640E+4
1.059200E+2	-1.498498E+1	2.004308E+0	-1.498455E+1	1.013971E-1	2.420184E+3	-1.904326E+3	4.709240E+3	-2.864306E+3	7.288494E+3	-1.071155E+4	8.581211E+3	-1.714640E+4
1.059300E+2	-1.499474E+1	2.164525E+0	-1.499431E+1	1.012975E-1	2.419852E+3	-1.904658E+3	4.709240E+3	-2.864638E+3	7.288162E+3	-1.071222E+4	8.580217E+3	-1.714640E+4
1.059400E+2	-1.500557E+1	2.152996E+0	-1.500515E+1	1.011870E-1	2.419521E+3	-1.904989E+3	4.709240E+3	-2.864969E+3	7.287831E+3	-1.071288E+4	8.579223E+3	-1.714640E+4
1.059500E+2	-1.501553E+1	2.030361E+0	-1.501510E+1	1.010854E-1	2.420154E+3	-1.905547E+3	4.708843E+3	-2.865130E+3	7.287670E+3	-1.071281E+4	8.579534E+3	-1.714640E+4
1.059600E+2	-1.502525E+1	2.028937E+0	-1.502482E+1	1.009862E-1	2.421700E+3	-1.906320E+3	4.708070E+3	-2.865130E+3	7.287670E+3	-1.071206E+4	8.581080E+3	-1.714640E+4
1.059700E+2	-1.503428E+1	2.095815E+0	-1.503385E+1	1.008940E-1	2.423180E+3	-1.906940E+3	4.707390E+3	-2.865010E+3	7.287670E+3	-1.071146E+4	8.582500E+3	-1.714640E+4
1.059800E+2	-1.504366E+1	2.188955E+0	-1.504323E+1	1.007983E-1	2.424183E+3	-1.906438E+3	4.707390E+3	-2.864007E+3	7.287670E+3	-1.071195E+4	8.583002E+3	-1.714640E+4
1.059900E+2	-1.505395E+1	2.044709E+0	-1.505352E+1	1.006933E-1	2.425186E+3	-1.905937E+3	4.707390E+3	-2.863004E+3	7.287670E+3	-1.071243E+4	8.583503E+3	-1.714640E+4
1.060000E+2	-1.506328E+1	1.931924E+0	-1.506285E+1	1.005981E-1	2.426188E+3	-1.905436E+3	4.707390E+3	-2.862002E+3	7.287670E+3	-1.071292E+4	8.584004E+3	-1.714640E+4
1.060100E+2	-1.507123E+1	2.030075E+0	-1.507080E+1	1.005170E-1	2.426177E+3	-1.904567E+3	4.707584E+3	-2.861236E+3	7.287281E+3	-1.071379E+4	8.583707E+3	-1.714679E+4
1.060200E+2	-1.507735E+1	2.145116E+0	-1.507692E+1	1.004546E-1	2.424819E+3	-1.903209E+3	4.708037E+3	-2.860783E+3	7.286376E+3	-1.071516E+4	8.582349E+3	-1.714769E+4
1.060300E+2	-1.508190E+1	2.132426E+0	-1.508148E+1	1.004081E-1	2.423462E+3	-1.901852E+3	4.708489E+3	-2.860331E+3	7.285471E+3	-1.071653E+4	8.580992E+3	-1.714860E+4
1.060400E+2	-1.508522E+1	1.970499E+0	-1.508479E+1	1.003742E-1	2.422105E+3	-1.900495E+3	4.708942E+3	-2.859878E+3	7.284566E+3	-1.071790E+4	8.579635E+3	-1.714950E+4
1.060500E+2	-1.508753E+1	1.975060E+0	-1.508710E+1	1.003507E-1	2.421012E+3	-1.899995E+3	4.708845E+3	-2.859778E+3	7.283575E+3	-1.071860E+4	8.578542E+3	-1.715029E+4
1.060600E+2	-1.508853E+1	2.173902E+0	-1.508811E+1	1.003404E-1	2.420433E+3	-1.901154E+3	4.707686E+3	-2.860357E+3	7.282416E+3	-1.071800E+4	8.577963E+3	-1.715086E+4
1.060700E+2	-1.508889E+1	2.089759E+0	-1.508846E+1	1.003368E-1	2.419853E+3	-1.902314E+3	4.706526E+3	-2.860937E+3	7.281256E+3	-1.071741E+4	8.577383E+3	-1.715142E+4
1.060800E+2	-1.508935E+1	2.205462E+0	-1.508893E+1	1.003321E-1	2.419335E+3	-1.903350E+3	4.705540E+3	-2.861506E+3	7.280245E+3	-1.071690E+4	8.576814E+3	-1.715190E+4
1.060900E+2	-1.508998E+1	2.040564E+0	-1.508955E+1	1.003257E-1	2.419166E+3	-1.903688E+3	4.705540E+3	-2.862011E+3	7.280076E+3	-1.071690E+4	8.576309E+3	-1.715190E+4
1.061000E+2	-1.509028E+1	2.017330E+0	-1.508985E+1	1.003226E-1	2.418998E+3	-1.904025E+3	4.705540E+3	-2.862517E+3	7.279908E+3	-1.071690E+4	8.575803E+3	-1.715190E+4
1.061100E+2	-1.509043E+1	1.885770E+0	-1.509001E+1	1.003210E-1	2.418829E+3	-1.904362E+3	4.705540E+3	-2.863023E+3	7.279739E+3	-1.071690E+4	8.575297E+3	-1.715190E+4
1.061200E+2	-1.509058E+1	2.125884E+0	-1.509015E+1	1.003196E-1	2.418660E+3	-1.904699E+3	4.705540E+3	-2.863529E+3	7.279570E+3	-1.071690E+4	8.574791E+3	-1.715190E+4
1.061300E+2	-1.509076E+1	2.155546E+0	-1.509033E+1	1.003177E-1	2.418492E+3	-1.905037E+3	4.705540E+3	-2.864035E+3	7.279402E+3	-1.071690E+4	8.574285E+3	-1.715190E+4
1.061400E+2	-1.509091E+1	2.036985E+0	-1.509049E+1	1.003161E-1	2.418323E+3	-1.905374E+3	4.705540E+3	-2.864541E+3	7.279233E+3	-1.071690E+4	8.573779E+3	-1.715190E+4
1.061500E+2	-1.509115E+1	2.015403E+0	-1.509072E+1	1.003137E-1	2.418154E+3	-1.905711E+3	4.705540E+3	-2.865047E+3	7.279064E+3	-1.071690E+4	8.573273E+3	-1.715190E+4
1.061600E+2	-1.509125E+1	2.246738E+0	-1.509082E+1	1.003128E-1	2.417986E+3	-1.906048E+3	4.705540E+3	-2.865553E+3	7.278896E+3	-1.071690E+4	8.572767E+3	-1.715190E+4
1.061700E+2	-1.509132E+1	2.148745E+0	-1.509089E+1	1.003120E-1	2.417817E+3	-1.906386E+3	4.705540E+3	-2.866059E+3	7.278727E+3	-1.071690E+4	8.572261E+3	-1.715190E+4
1.061800E+2	-1.509139E+1	2.061514E+0	-1.509096E+1	1.003113E-1	2.417648E+3	-1.906723E+3	4.705540E+3	-2.866565E+3	7.278558E+3	-1.071690E+4	8.571755E+3	-1.715190E+4
1.061900E+2	-1.509148E+1	1.993146E+0	-1.509106E+1	1.003103E-1	2.417510E+3	-1.906982E+3	4.705522E+3	-2.866998E+3	7.278420E+3	-1.071690E+4	8.571286E+3	-1.715190E+4
1.062000E+2	-1.509163E+1	2.076025E+0	-1.509120E+1	1.003089E-1	2.417510E+3	-1.906881E+3	4.705421E+3	-2.867099E+3	7.278420E+3	-1.071690E+4	8.570982E+3	-1.715190E+4
1.062100E+2	-1.509179E+1	2.142631E+0	-1.509136E+1	1.003072E-1	2.417510E+3	-1.906779E+3	4.705319E+3	-2.867201E+3	7.278420E+3	-1.071690E+4	8.570677E+3	-1.715190E+4
1.062200E+2	-1.509201E+1	2.047552E+0	-1.509159E+1	1.003049E-1	2.417510E+3	-1.906678E+3	4.705218E+3	-2.867302E+3	7.278420E+3	-1.071690E+4	8.570373E+3	-1.715190E+4
1.062300E+2	-1.509211E+1	2.016385E+0	-1.509168E+1	1.003039E-1	2.417510E+3	-1.906576E+3	4.705116E+3	-2.867404E+3	7.278420E+3	-1.071690E+4	8.570069E+3	-1.715190E+4
1.062400E+2	-1.509221E+1	2.062994E+0	-1.509178E+1	1.003029E-1	2.417510E+3	-1.906475E+3	4.705015E+3	-2.867505E+3	7.278420E+3	-1.071690E+4	8.569765E+3	-1.715190E+4
1.062500E+2	-1.509227E+1	2.241868E+0	-1.509185E+1	1.003023E-1	2.417510E+3	-1.906374E+3	4.704914E+3	-2.867606E+3	7.278420E+3	-1.071690E+4	8.569461E+3	-1.715190E+4
1.062600E+2	-1.509231E+1	2.172056E+0	-1.509188E+1	1.003019E-1	2.417510E+3	-1.906272E+3	4.704812E+3	-2.867708E+3	7.278420E+3	-1.071690E+4	8.569157E+3	-1.715190E+4
1.062700E+2	-1.509237E+1	1.967018E+0	-1.509195E+1	1.003013E-1	2.417510E+3	-1.906171E+3	4.704711E+3	-2.867809E+3	7.278420E+3	-1.071690E+4	8.568853E+3	-1.715190E+4
1.062800E+2	-1.509249E+1	1.936262E+0	-1.509206E+1	1.003001E-1	2.417510E+3	-1.906070E+3	4.704610E+3	-2.867910E+3	7.278420E+3	-1.071690E+4	8.568549E+3	-1.715190E+4
1.062900E+2	-1.509253E+1	2.081206E+0	-1.509210E+1	1.002997E-1	2.417510E+3	-1.905968E+3	4.704508E+3	-2.868012E+3	7.278420E+3	-1.071690E+4	8.568245E+3	-1.715190E+4
1.063000E+2	-1.509258E+1	2.100487E+0	-1.509216E+1	1.002991E-1	2.417510E+3	-1.905867E+3	4.704407E+3	-2.868113E+3	7.278420E+3	-1.071690E+4	8.567941E+3	-1.715190E+4
1.063100E+2	-1.509267E+1	2.075803E+0	-1.509224E+1	1.002982E-1	2.417510E+3	-1.905766E+3	4.704306E+3	-2.868214E+3	7.278420E+3	-1.071690E+4	8.567637E+3	-1.715190E+4
1.063200E+2	-1.509280E+1	1.979616E+0	-1.509237E+1	1.002969E-1	2.417510E+3	-1.905664E+3	4.704204E+3	-2.868316E+3	7.278420E+3	-1.071690E+4	8.567332E+3	-1.715190E+4
1.063300E+2	-1.509290E+1	2.213812E+0	-1.509248E+1	1.002958E-1	2.417510E+3	-1.905563E+3	4.704103E+3	-2.868417E+3	7.278420E+3	-1.071690E+4	8.567028E+3	-1.715190E+4
1.063400E+2	-1.509293E+1	2.115147E+0	-1.509250E+1	1.002956E-1	2.417510E+3	-1.905461E+3	4.704001E+3	-2.868519E+3	7.278420E+3	-1.071690E+4	8.566724E+3	-1.715190E+4
1.063500E+2	-1.509297E+1	2.094738E+0	-1.509254E+1	1.002952E-1	2.417510E+3	-1.905360E+3	4.703900E+3	-2.868620E+3	7.278420E+3	-1.071690E+4	8.566420E+3	-1.715190E+4
1.063600E+2	-1.509302E+1	2.014963E+0	-1.509259E+1	1.002946E-1	2.417510E+3	-1.905259E+3	4.703799E+3	-2.868721E+3	7.278420E+3	-1.071690E+4	8.566116E+3	-1.715190E+4
1.063700E+2	-1.509307E+1	2.029778E+0	-1.509264E+1	1.002941E-1	2.417510E+3	-1.905157E+3	4.703697E+3	-2.868823E+3	7.278420E+3	-1.071690E+4	8.565812E+3	-1.715190E+4
1.063800E+2	-1.509310E+1	2.114550E+0	-1.509267E+1	1.002938E-1	2.417736E+3	-1.905150E+3	4.703690E+3	-2.868377E+3	7.278194E+3	-1.071645E+4	8.566469E+3	-1.715190E+4
1.063900E+2	-1.509317E+1	2.132891E+0	-1.509275E+1	1.002931E-1	2.417980E+3	-1.905150E+3	4.703690E+3	-2.867889E+3	7.277950E+3	-1.071596E+4	8.567201E+3	-1.715190E+4
1.064000E+2	-1.509321E+1	2.000615E+0	-1.509278E+1	1.002928E-1	2.418225E+3	-1.905150E+3	4.703690E+3	-2.867401E+3	7.277705E+3	-1.071547E+4	8.567934E+3	-1.715190E+4
1.064100E+2	-1.509323E+1	2.099047E+0	-1.509280E+1	1.002925E-1	2.418469E+3	-1.905150E+3	4.703690E+3	-2.866913E+3	7.277461E+3	-1.071498E+4	8.568666E+3	-1.715190E+4
1.064200E+2	-1.509328E+1	2.204671E+0	-1.509285E+1	1.002920E-1	2.418713E+3	-1.905150E+3	4.703690E+3	-2.866425E+3	7.277217E+3	-1.071449E+4	8.569398E+3	-1.715190E+4
1.064300E+2	-1.509334E+1	2.228095E+0	-1.509291E+1	1.002914E-1	2.418957E+3	-1.905150E+3	4.703690E+3	-2.865937E+3	7.276973E+3	-1.071401E+4	8.570130E+3	-1.715190E+4
1.064400E+2	-1.509335E+1	2.030503E+0	-1.509292E+1	1.002913E-1	2.419201E+3	-1.905150E+3	4.703690E+3	-2.865448E+3	7.276729E+3	-1.071352E+4	8.570862E+3	-1.715190E+4
1.064500E+2	-1.509347E+1	1.967455E+0	-1.509304E+1	1.002900E-1	2.415660E+3	-1.903300E+3	4.699990E+3	-2.867058E+3	7.267408E+3	-1.071880E+4	8.560162E+3	-1.715742E+4
1.064600E+2	-1.509354E+1	2.210473E+0	-1.509311E+1	1.002893E-1	2.415660E+3	-1.903300E+3	4.699990E+3	-2.867281E+3	7.267631E+3	-1.071880E+4	8.559939E+3	-1.715719E+4
1.064700E+2	-1.509358E+1	2.036526E+0	-1.509315E+1	1.002890E-1	2.415660E+3	-1.903300E+3	4.699990E+3	-2.867505E+3	7.267855E+3	-1.071880E+4	8.559715E+3	-1.715696E+4
1.064800E+2	-1.509361E+1	2.089992E+0	-1.509318E+1	1.002886E-1	2.415660E+3	-1.903300E+3	4.699990E+3	-2.867728E+3	7.268078E+3	-1.071880E+4	8.559492E+3	-1.715673E+4
1.064900E+2	-1.509362E+1	2.064931E+0	-1.509319E+1	1.002886E-1	2.415660E+3	-1.903300E+3	4.699990E+3	-2.867952E+3	7.268302E+3	-1.071880E+4	8.559268E+3	-1.715650E+4
1.065000E+2	-1.509365E+1	2.136431E+0	-1.509322E+1	1.002883E-1	2.415660E+3	-1.903300E+3	4.699990E+3	-2.868175E+3	7.268525E+3	-1.071880E+4	8.559045E+3	-1.715627E+4
1.065100E+2	-1.509374E+1	2.127984E+0	-1.509332E+1	1.002873E-1	2.415660E+3	-1.903300E+3	4.699990E+3	-2.868399E+3	7.268749E+3	-1.071880E+4	8.558821E+3	-1.715604E+4
1.065200E+2	-1.509380E+1	2.013147E+0	-1.509337E+1	1.002867E-1	2.415660E+3	-1.903300E+3	4.699990E+3	-2.868622E+3	7.268972E+3	-1.071880E+4	8.558598E+3	-1.715581E+4
1.065300E+2	-1.509380E+1	2.058246E+0	-1.509337E+1	1.002867E-1	2.416922E+3	-1.902038E+3	4.701252E+3	-2.870092E+3	7.269180E+3	-1.071628E+4	8.562175E+3	-1.715690E+4
1.065400E+2	-1.509382E+1	2.083424E+0	-1.509339E+1	1.002865E-1	2.416109E+3	-1.900498E+3	4.699990E+3	-2.868381E+3	7.265031E+3	-1.072106E+4	8.560240E+3	-1.715976E+4
1.065500E+2	-1.509383E+1	2.114997E+0	-1.509340E+1	1.002864E-1	2.416573E+3	-1.901426E+3	4.699990E+3	-2.867917E+3	7.264567E+3	-1.072154E+4	8.560240E+3	-1.716024E+4
1.065600E+2	-1.509388E+1	2.105684E+0	-1.509345E+1	1.002859E-1	2.417037E+3	-1.902354E+3	4.699990E+3	-2.867453E+3	7.264103E+3	-1.072201E+4	8.560240E+3	-1.716071E+4
1.065700E+2	-1.509387E+1	2.018533E+0	-1.509344E+1	1.002860E-1	2.417501E+3	-1.903282E+3	4.699990E+3	-2.866989E+3	7.263639E+3	-1.072249E+4	8.560240E+3	-1.716119E+4
1.065800E+2	-1.509388E+1	2.066082E+0	-1.509345E+1	1.002859E-1	2.416577E+3	-1.903300E+3	4.699990E+3	-2.867447E+3	7.264097E+3	-1.072157E+4	8.560240E+3	-1.716072E+4
1.065900E+2	-1.509388E+1	2.233109E+0	-1.509346E+1	1.002858E-1	2.415626E+3	-1.903300E+3	4.699990E+3	-2.867922E+3	7.264572E+3	-1.072062E+4	8.560240E+3	-1.716023E+4
1.066000E+2	-1.509388E+1	2.073022E+0	-1.509345E+1	1.002859E-1	2.414674E+3	-1.903300E+3	4.699990E+3	-2.868398E+3	7.265048E+3	-1.071966E+4	8.560240E+3	-1.715974E+4
1.066100E+2	-1.509388E+1	2.029540E+0	-1.509345E+1	1.002859E-1	2.413810E+3	-1.903039E+3	4.699860E+3	-2.868960E+3	7.265350E+3	-1.071880E+4	8.559849E+3	-1.715930E+4
1.066200E+2	-1.509385E+1	1.971407E+0	-1.509342E+1	1.002862E-1	2.413810E+3	-1.900186E+3	4.698433E+3	-2.870387E+3	7.263923E+3	-1.071880E+4	8.555568E+3	-1.715930E+4
1.066300E+2	-1.509386E+1	2.238925E+0	-1.509343E+1	1.002861E-1	2.413810E+3	-1.900442E+3	4.698561E+3	-2.870680E+3	7.263630E+3	-1.071880E+4	8.554269E+3	-1.715930E+4
1.066400E+2	-1.509386E+1	2.184848E+0	-1.509343E+1	1.002861E-1	2.413810E+3	-1.901502E+3	4.699091E+3	-2.870680E+3	7.263630E+3	-1.071880E+4	8.553739E+3	-1.715930E+4
1.066500E+2	-1.509387E+1	2.100319E+0	-1.509344E+1	1.002860E-1	2.413810E+3	-1.902562E+3	4.699621E+3	-2.870680E+3	7.263630E+3	-1.071880E+4	8.553209E+3	-1.715930E+4
1.066600E+2	-1.509391E+1	2.036757E+0	-1.509348E+1	1.002856E-1	2.413933E+3	-1.903177E+3	4.699990E+3	-2.870680E+3	7.263507E+3	-1.071867E+4	8.553208E+3	-1.715930E+4
1.066700E+2	-1.509390E+1	2.111334E+0	-1.509347E+1	1.002857E-1	2.414336E+3	-1.902774E+3	4.699990E+3	-2.870680E+3	7.263104E+3	-1.071826E+4	8.554418E+3	-1.715930E+4
1.066800E+2	-1.509389E+1	2.214454E+0	-1.509346E+1	1.002857E-1	2.414739E+3	-1.902371E+3	4.699990E+3	-2.870680E+3	7.262701E+3	-1.071785E+4	8.555627E+3	-1.715930E+4
1.066900E+2	-1.509390E+1	2.067244E+0	-1.509348E+1	1.002856E-1	2.415142E+3	-1.901968E+3	4.699990E+3	-2.870680E+3	7.262298E+3	-1.071743E+4	8.556837E+3	-1.715930E+4
1.067000E+2	-1.509393E+1	2.000165E+0	-1.509350E+1	1.002854E-1	2.415546E+3	-1.901564E+3	4.699990E+3	-2.870680E+3	7.261894E+3	-1.071702E+4	8.558047E+3	-1.715930E+4
1.067100E+2	-1.509391E+1	2.174885E+0	-1.509348E+1	1.002856E-1	2.415660E+3	-1.900896E+3	4.699990E+3	-2.870403E+3	7.261503E+3	-1.071801E+4	8.557836E+3	-1.715958E+4
1.067200E+2	-1.509391E+1	2.186349E+0	-1.509348E+1	1.002856E-1	2.415660E+3	-1.900123E+3	4.699990E+3	-2.870017E+3	7.261117E+3	-1.071955E+4	8.557063E+3	-1.715998E+4
1.067300E+2	-1.509390E+1	2.168121E+0	-1.509348E+1	1.002856E-1	2.415660E+3	-1.899351E+3	4.699990E+3	-2.869630E+3	7.260730E+3	-1.072110E+4	8.556291E+3	-1.716038E+4
1.067400E+2	-1.509392E+1	2.064588E+0	-1.509350E+1	1.002854E-1	2.415660E+3	-1.898578E+3	4.699990E+3	-2.869244E+3	7.260344E+3	-1.072264E+4	8.555518E+3	-1.716077E+4
1.067500E+2	-1.509392E+1	2.055673E+0	-1.509350E+1	1.002854E-1	2.415660E+3	-1.897805E+3	4.699990E+3	-2.868857E+3	7.259957E+3	-1.072419E+4	8.554745E+3	-1.716117E+4
1.067600E+2	-1.509392E+1	2.235858E+0	-1.509350E+1	1.002854E-1	2.414615E+3	-1.898272E+3	4.699468E+3	-2.868830E+3	7.259930E+3	-1.072379E+4	8.554690E+3	-1.716224E+4
1.067700E+2	-1.509391E+1	2.043545E+0	-1.509348E+1	1.002856E-1	2.413491E+3	-1.898834E+3	4.698906E+3	-2.868830E+3	7.259930E+3	-1.072324E+4	8.554690E+3	-1.716337E+4
1.067800E+2	-1.509392E+1	2.036390E+0	-1.509350E+1	1.002854E-1	2.412367E+3	-1.899396E+3	4.698344E+3	-2.868830E+3	7.259930E+3	-1.072270E+4	8.554690E+3	-1.716449E+4
1.067900E+2	-1.509392E+1	2.049560E+0	-1.509349E+1	1.002855E-1	2.412096E+3	-1.899600E+3	4.698140E+3	-2.868966E+3	7.259794E+3	-1.072236E+4	8.554554E+3	-1.716476E+4
1.068000E+2	-1.509392E+1	2.174090E+0	-1.509350E+1	1.002854E-1	2.412309E+3	-1.899600E+3	4.698140E+3	-2.869179E+3	7.259581E+3	-1.072214E+4	8.554341E+3	-1.716454E+4
1.068100E+2	-1.509393E+1	2.205472E+0	-1.509350E+1	1.002854E-1	2.412522E+3	-1.899600E+3	4.698140E+3	-2.869392E+3	7.259368E+3	-1.072192E+4	8.554128E+3	-1.716432E+4
1.068200E+2	-1.509393E+1	2.064523E+0	-1.509350E+1	1.002854E-1	2.412736E+3	-1.899600E+3	4.698140E+3	-2.869606E+3	7.259154E+3	-1.072170E+4	8.553914E+3	-1.716410E+4
1.068300E+2	-1.509393E+1	2.070232E+0	-1.509351E+1	1.002853E-1	2.412949E+3	-1.899600E+3	4.698140E+3	-2.869819E+3	7.258941E+3	-1.072148E+4	8.553701E+3	-1.716388E+4
1.068400E+2	-1.509393E+1	2.183823E+0	-1.509350E+1	1.002854E-1	2.413162E+3	-1.899600E+3	4.698140E+3	-2.870032E+3	7.258728E+3	-1.072127E+4	8.553488E+3	-1.716367E+4
1.068500E+2	-1.509394E+1	2.233813E+0	-1.509351E+1	1.002853E-1	2.413375E+3	-1.899600E+3	4.698140E+3	-2.870245E+3	7.258515E+3	-1.072105E+4	8.553275E+3	-1.716345E+4
1.068600E+2	-1.509393E+1	2.129171E+0	-1.509350E+1	1.002854E-1	2.413588E+3	-1.899600E+3	4.698140E+3	-2.870458E+3	7.258302E+3	-1.072083E+4	8.553062E+3	-1.716323E+4
1.068700E+2	-1.509392E+1	2.106095E+0	-1.509350E+1	1.002854E-1	2.413802E+3	-1.899600E+3	4.698140E+3	-2.870672E+3	7.258088E+3	-1.072061E+4	8.552848E+3	-1.716301E+4
1.068800E+2	-1.509392E+1	2.128401E+0	-1.509349E+1	1.002854E-1	2.413810E+3	-1.899600E+3	4.698140E+3	-2.871004E+3	7.258080E+3	-1.072060E+4	8.552192E+3	-1.716300E+4
1.068900E+2	-1.509390E+1	2.223549E+0	-1.509348E+1	1.002856E-1	2.413810E+3	-1.899600E+3	4.698140E+3	-2.871341E+3	7.258080E+3	-1.072060E+4	8.551517E+3	-1.716300E+4
1.069000E+2	-1.509394E+1	2.124727E+0	-1.509352E+1	1.002852E-1	2.413810E+3	-1.899600E+3	4.698140E+3	-2.871679E+3	7.258080E+3	-1.072060E+4	8.550843E+3	-1.716300E+4
1.069100E+2	-1.509392E+1	2.099763E+0	-1.509349E+1	1.002855E-1	2.413810E+3	-1.899600E+3	4.698140E+3	-2.872016E+3	7.258080E+3	-1.072060E+4	8.550168E+3	-1.716300E+4
1.069200E+2	-1.509387E+1	2.030913E+0	-1.509344E+1	1.002860E-1	2.413810E+3	-1.899600E+3	4.698140E+3	-2.872353E+3	7.258080E+3	-1.072060E+4	8.549494E+3	-1.716300E+4
1.069300E+2	-1.509386E+1	2.296614E+0	-1.509343E+1	1.002861E-1	2.414489E+3	-1.899600E+3	4.698819E+3	-2.872530E+3	7.258759E+3	-1.071994E+4	8.549819E+3	-1.716234E+4
1.069400E+2	-1.509387E+1	2.204732E+0	-1.509344E+1	1.002860E-1	2.415660E+3	-1.899600E+3	4.699832E+3	-2.872451E+3	7.259851E+3	-1.071880E+4	8.551148E+3	-1.716128E+4
1.069500E+2	-1.509388E+1	2.128198E+0	-1.509345E+1	1.002859E-1	2.415660E+3	-1.899600E+3	4.698948E+3	-2.872009E+3	7.259409E+3	-1.071880E+4	8.552032E+3	-1.716171E+4
1.069600E+2	-1.509388E+1	2.035260E+0	-1.509345E+1	1.002859E-1	2.415660E+3	-1.899600E+3	4.698065E+3	-2.871568E+3	7.258968E+3	-1.071880E+4	8.552915E+3	-1.716214E+4
1.069700E+2	-1.509386E+1	2.213964E+0	-1.509344E+1	1.002860E-1	2.415660E+3	-1.899600E+3	4.697182E+3	-2.871126E+3	7.258526E+3	-1.071880E+4	8.553798E+3	-1.716257E+4
1.069800E+2	-1.509388E+1	2.198210E+0	-1.509345E+1	1.002859E-1	2.415660E+3	-1.899600E+3	4.696298E+3	-2.870684E+3	7.258084E+3	-1.071880E+4	8.554682E+3	-1.716300E+4
1.069900E+2	-1.509386E+1	2.083134E+0	-1.509343E+1	1.002861E-1	2.415277E+3	-1.899217E+3	4.696290E+3	-2.870297E+3	7.257314E+3	-1.071994E+4	8.553542E+3	-1.716339E+4
1.070000E+2	-1.509388E+1	2.026092E+0	-1.509345E+1	1.002859E-1	2.414891E+3	-1.898831E+3	4.696290E+3	-2.869911E+3	7.256542E+3	-1.072109E+4	8.552382E+3	-1.716379E+4
1.070100E+2	-1.509386E+1	2.199649E+0	-1.509343E+1	1.002861E-1	2.414504E+3	-1.898444E+3	4.696290E+3	-2.869524E+3	7.255769E+3	-1.072224E+4	8.551223E+3	-1.716419E+4
1.070200E+2	-1.509386E+1	2.172496E+0	-1.509343E+1	1.002861E-1	2.414118E+3	-1.898058E+3	4.696290E+3	-2.869138E+3	7.254996E+3	-1.072338E+4	8.550064E+3	-1.716458E+4
1.070300E+2	-1.509384E+1	2.191528E+0	-1.509341E+1	1.002863E-1	2.412553E+3	-1.898378E+3	4.696290E+3	-2.869458E+3	7.253752E+3	-1.072369E+4	8.549768E+3	-1.716551E+4
1.070400E+2	-1.509387E+1	2.050986E+0	-1.509344E+1	1.002860E-1	2.410177E+3	-1.899600E+3	4.696290E+3	-2.870747E+3	7.252530E+3	-1.072243E+4	8.550856E+3	-1.716670E+4
1.070500E+2	-1.509386E+1	2.076486E+0	-1.509343E+1	1.002861E-1	2.410287E+3	-1.899600E+3	4.696290E+3	-2.870857E+3	7.252530E+3	-1.072232E+4	8.550636E+3	-1.716670E+4
1.070600E+2	-1.509386E+1	2.160960E+0	-1.509344E+1	1.002860E-1	2.410398E+3	-1.899600E+3	4.696290E+3	-2.870968E+3	7.252530E+3	-1.072220E+4	8.550415E+3	-1.716670E+4
1.070700E+2	-1.509386E+1	2.098767E+0	-1.509343E+1	1.002861E-1	2.410508E+3	-1.899600E+3	4.696290E+3	-2.871078E+3	7.252530E+3	-1.072209E+4	8.550194E+3	-1.716670E+4
1.070800E+2	-1.509385E+1	2.090600E+0	-1.509342E+1	1.002862E-1	2.410618E+3	-1.899600E+3	4.696290E+3	-2.871188E+3	7.252530E+3	-1.072198E+4	8.549973E+3	-1.716670E+4
1.070900E+2	-1.509385E+1	2.051109E+0	-1.509342E+1	1.002862E-1	2.410729E+3	-1.899600E+3	4.696290E+3	-2.871299E+3	7.252530E+3	-1.072186E+4	8.549752E+3	-1.716670E+4
1.071000E+2	-1.509385E+1	2.234958E+0	-1.509342E+1	1.002862E-1	2.410839E+3	-1.899600E+3	4.696290E+3	-2.871409E+3	7.252530E+3	-1.072175E+4	8.549531E+3	-1.716670E+4
1.071100E+2	-1.509384E+1	2.142753E+0	-1.509341E+1	1.002863E-1	2.410950E+3	-1.899600E+3	4.696290E+3	-2.871520E+3	7.252530E+3	-1.072164E+4	8.549311E+3	-1.716670E+4
1.071200E+2	-1.509383E+1	1.988522E+0	-1.509340E+1	1.002864E-1	2.411060E+3	-1.899600E+3	4.696290E+3	-2.871630E+3	7.252530E+3	-1.072152E+4	8.549090E+3	-1.716670E+4
1.071300E+2	-1.509383E+1	2.030346E+0	-1.509340E+1	1.002864E-1	2.411171E+3	-1.899600E+3	4.696290E+3	-2.871741E+3	7.252530E+3	-1.072141E+4	8.548869E+3	-1.716670E+4
1.071400E+2	-1.509384E+1	2.220458E+0	-1.509341E+1	1.002863E-1	2.411281E+3	-1.899600E+3	4.696290E+3	-2.871851E+3	7.252530E+3	-1.072130E+4	8.548648E+3	-1.716670E+4
1.071500E+2	-1.509384E+1	2.212185E+0	-1.509341E+1	1.002863E-1	2.411391E+3	-1.899600E+3	4.696290E+3	-2.871961E+3	7.252530E+3	-1.072118E+4	8.548427E+3	-1.716670E+4
1.071600E+2	-1.509384E+1	2.147018E+0	-1.509342E+1	1.002863E-1	2.411502E+3	-1.899600E+3	4.696290E+3	-2.872072E+3	7.252530E+3	-1.072107E+4	8.548206E+3	-1.716670E+4
1.071700E+2	-1.509381E+1	2.026967E+0	-1.509338E+1	1.002866E-1	2.411612E+3	-1.899600E+3	4.696290E+3	-2.872182E+3	7.252530E+3	-1.072096E+4	8.547986E+3	-1.716670E+4
1.071800E+2	-1.509377E+1	2.097686E+0	-1.509334E+1	1.002870E-1	2.411723E+3	-1.899600E+3	4.696290E+3	-2.872293E+3	7.252530E+3	-1.072084E+4	8.547765E+3	-1.716670E+4
1.071900E+2	-1.509379E+1	2.165897E+0	-1.509336E+1	1.002868E-1	2.411833E+3	-1.899600E+3	4.696290E+3	-2.872403E+3	7.252530E+3	-1.072073E+4	8.547544E+3	-1.716670E+4
1.072000E+2	-1.509380E+1	2.098014E+0	-1.509337E+1	1.002867E-1	2.411943E+3	-1.899600E+3	4.696290E+3	-2.872513E+3	7.252530E+3	-1.072062E+4	8.547323E+3	-1.716670E+4
1.072100E+2	-1.509379E+1	1.990119E+0	-1.509336E+1	1.002868E-1	2.411741E+3	-1.899600E+3	4.696509E+3	-2.872530E+3	7.252530E+3	-1.072082E+4	8.546633E+3	-1.716649E+4
1.072200E+2	-1.509379E+1	2.043796E+0	-1.509336E+1	1.002868E-1	2.411483E+3	-1.899600E+3	4.696767E+3	-2.872530E+3	7.252530E+3	-1.072109E+4	8.545860E+3	-1.716624E+4
1.072300E+2	-1.509379E+1	2.206401E+0	-1.509336E+1	1.002868E-1	2.411226E+3	-1.899600E+3	4.697024E+3	-2.872530E+3	7.252530E+3	-1.072135E+4	8.545087E+3	-1.716599E+4
1.072400E+2	-1.509379E+1	2.056288E+0	-1.509337E+1	1.002868E-1	2.410968E+3	-1.899600E+3	4.697282E+3	-2.872530E+3	7.252530E+3	-1.072162E+4	8.544315E+3	-1.716573E+4
1.072500E+2	-1.509380E+1	2.030944E+0	-1.509337E+1	1.002867E-1	2.410711E+3	-1.899600E+3	4.697539E+3	-2.872530E+3	7.252530E+3	-1.072188E+4	8.543542E+3	-1.716548E+4
1.072600E+2	-1.509380E+1	2.104437E+0	-1.509337E+1	1.002867E-1	2.410453E+3	-1.899600E+3	4.697797E+3	-2.872530E+3	7.252530E+3	-1.072215E+4	8.542769E+3	-1.716523E+4
1.072700E+2	-1.509378E+1	2.206434E+0	-1.509335E+1	1.002869E-1	2.410195E+3	-1.899600E+3	4.698055E+3	-2.872530E+3	7.252530E+3	-1.072241E+4	8.541996E+3	-1.716498E+4
1.072800E+2	-1.509376E+1	2.129094E+0	-1.509333E+1	1.002871E-1	2.413596E+3	-1.895900E+3	4.697926E+3	-2.872316E+3	7.252102E+3	-1.072293E+4	8.546862E+3	-1.716511E+4
1.072900E+2	-1.509375E+1	2.110899E+0	-1.509332E+1	1.002872E-1	2.413276E+3	-1.895900E+3	4.697606E+3	-2.871996E+3	7.251462E+3	-1.072357E+4	8.546222E+3	-1.716542E+4
1.073000E+2	-1.509375E+1	1.966086E+0	-1.509332E+1	1.002872E-1	2.412956E+3	-1.895900E+3	4.697286E+3	-2.871676E+3	7.250823E+3	-1.072421E+4	8.545583E+3	-1.716573E+4
1.073100E+2	-1.509376E+1	2.221897E+0	-1.509333E+1	1.002871E-1	2.412637E+3	-1.895900E+3	4.696967E+3	-2.871357E+3	7.250183E+3	-1.072485E+4	8.544943E+3	-1.716604E+4
1.073200E+2	-1.509377E+1	2.152847E+0	-1.509334E+1	1.002870E-1	2.412317E+3	-1.895900E+3	4.696647E+3	-2.871037E+3	7.249544E+3	-1.072549E+4	8.544304E+3	-1.716635E+4
1.073300E+2	-1.509377E+1	2.104605E+0	-1.509334E+1	1.002870E-1	2.411997E+3	-1.895900E+3	4.696327E+3	-2.870717E+3	7.248904E+3	-1.072613E+4	8.543664E+3	-1.716666E+4
1.073400E+2	-1.509374E+1	2.036981E+0	-1.509331E+1	1.002873E-1	2.411738E+3	-1.896343E+3	4.696512E+3	-2.870902E+3	7.248830E+3	-1.072576E+4	8.544033E+3	-1.716693E+4
1.073500E+2	-1.509373E+1	2.246956E+0	-1.509331E+1	1.002874E-1	2.411488E+3	-1.896845E+3	4.696762E+3	-2.871152E+3	7.248830E+3	-1.072526E+4	8.544535E+3	-1.716719E+4
1.073600E+2	-1.509374E+1	2.192796E+0	-1.509331E+1	1.002873E-1	2.411237E+3	-1.897346E+3	4.697013E+3	-2.871403E+3	7.248830E+3	-1.072475E+4	8.545036E+3	-1.716744E+4
1.073700E+2	-1.509374E+1	2.080929E+0	-1.509331E+1	1.002873E-1	2.410986E+3	-1.897847E+3	4.697264E+3	-2.871654E+3	7.248830E+3	-1.072425E+4	8.545537E+3	-1.716770E+4
1.073800E+2	-1.509370E+1	2.060706E+0	-1.509328E+1	1.002877E-1	2.410736E+3	-1.898349E+3	4.697514E+3	-2.871904E+3	7.248830E+3	-1.072375E+4	8.546039E+3	-1.716796E+4
1.073900E+2	-1.509369E+1	2.017127E+0	-1.509326E+1	1.002878E-1	2.410485E+3	-1.898850E+3	4.697765E+3	-2.872155E+3	7.248830E+3	-1.072325E+4	8.546540E+3	-1.716821E+4
1.074000E+2	-1.509370E+1	2.084833E+0	-1.509327E+1	1.002877E-1	2.410234E+3	-1.899351E+3	4.698016E+3	-2.872406E+3	7.248830E+3	-1.072275E+4	8.547041E+3	-1.716847E+4
1.074100E+2	-1.509368E+1	2.051332E+0	-1.509325E+1	1.002879E-1	2.411960E+3	-1.897750E+3	4.696290E+3	-2.872473E+3	7.248773E+3	-1.071897E+4	8.543533E+3	-1.716496E+4
1.074200E+2	-1.509368E+1	2.026441E+0	-1.509326E+1	1.002879E-1	2.411960E+3	-1.897750E+3	4.696290E+3	-2.871927E+3	7.248227E+3	-1.072059E+4	8.542987E+3	-1.716549E+4
1.074300E+2	-1.509367E+1	2.029561E+0	-1.509324E+1	1.002881E-1	2.411960E+3	-1.897750E+3	4.696290E+3	-2.871381E+3	7.247681E+3	-1.072221E+4	8.542441E+3	-1.716602E+4
1.074400E+2	-1.509366E+1	2.186034E+0	-1.509323E+1	1.002882E-1	2.411960E+3	-1.897750E+3	4.696290E+3	-2.870836E+3	7.247136E+3	-1.072384E+4	8.541896E+3	-1.716655E+4
1.074500E+2	-1.509366E+1	2.145998E+0	-1.509323E+1	1.002881E-1	2.411960E+3	-1.897750E+3	4.695988E+3	-2.870378E+3	7.246678E+3	-1.072461E+4	8.541438E+3	-1.716730E+4
1.074600E+2	-1.509367E+1	2.079658E+0	-1.509324E+1	1.002880E-1	2.411960E+3	-1.897750E+3	4.695564E+3	-2.869954E+3	7.246254E+3	-1.072505E+4	8.541014E+3	-1.716815E+4
1.074700E+2	-1.509359E+1	2.019349E+0	-1.509316E+1	1.002888E-1	2.411960E+3	-1.897750E+3	4.695141E+3	-2.869531E+3	7.245831E+3	-1.072548E+4	8.540591E+3	-1.716900E+4
1.074800E+2	-1.509348E+1	2.192561E+0	-1.509305E+1	1.002900E-1	2.411960E+3	-1.897750E+3	4.694718E+3	-2.869108E+3	7.245408E+3	-1.072591E+4	8.540168E+3	-1.716984E+4
1.074900E+2	-1.509344E+1	2.092489E+0	-1.509302E+1	1.002903E-1	2.412159E+3	-1.897750E+3	4.694440E+3	-2.869228E+3	7.245130E+3	-1.072580E+4	8.539890E+3	-1.717040E+4
1.075000E+2	-1.509339E+1	2.044941E+0	-1.509296E+1	1.002909E-1	2.412739E+3	-1.897750E+3	4.694440E+3	-2.870387E+3	7.245130E+3	-1.072464E+4	8.539890E+3	-1.717040E+4
1.075100E+2	-1.509338E+1	2.064995E+0	-1.509295E+1	1.002910E-1	2.413318E+3	-1.897750E+3	4.694440E+3	-2.871546E+3	7.245130E+3	-1.072348E+4	8.539890E+3	-1.717040E+4
1.075200E+2	-1.509339E+1	2.067050E+0	-1.509296E+1	1.002909E-1	2.413867E+3	-1.897693E+3	4.694440E+3	-2.872587E+3	7.245130E+3	-1.072250E+4	8.539833E+3	-1.717029E+4
1.075300E+2	-1.509337E+1	2.178201E+0	-1.509294E+1	1.002911E-1	2.414246E+3	-1.897314E+3	4.694440E+3	-2.872966E+3	7.245130E+3	-1.072250E+4	8.539454E+3	-1.716953E+4
1.075400E+2	-1.509335E+1	2.127728E+0	-1.509292E+1	1.002913E-1	2.414624E+3	-1.896936E+3	4.694440E+3	-2.873344E+3	7.245130E+3	-1.072250E+4	8.539076E+3	-1.716877E+4
1.075500E+2	-1.509337E+1	2.109971E+0	-1.509294E+1	1.002911E-1	2.415003E+3	-1.896557E+3	4.694440E+3	-2.873723E+3	7.245130E+3	-1.072250E+4	8.538697E+3	-1.716801E+4
1.075600E+2	-1.509336E+1	2.163270E+0	-1.509293E+1	1.002912E-1	2.415382E+3	-1.896178E+3	4.694440E+3	-2.874102E+3	7.245130E+3	-1.072250E+4	8.538318E+3	-1.716726E+4
1.075700E+2	-1.509335E+1	2.212297E+0	-1.509293E+1	1.002912E-1	2.415563E+3	-1.895997E+3	4.694440E+3	-2.874412E+3	7.245130E+3	-1.072250E+4	8.537943E+3	-1.716673E+4
1.075800E+2	-1.509333E+1	2.107967E+0	-1.509290E+1	1.002915E-1	2.415194E+3	-1.896366E+3	4.694440E+3	-2.874535E+3	7.245130E+3	-1.072250E+4	8.537575E+3	-1.716686E+4
1.075900E+2	-1.509334E+1	2.039501E+0	-1.509291E+1	1.002914E-1	2.414825E+3	-1.896735E+3	4.694440E+3	-2.874658E+3	7.245130E+3	-1.072250E+4	8.537207E+3	-1.716699E+4
1.076000E+2	-1.509334E+1	2.031750E+0	-1.509291E+1	1.002914E-1	2.414457E+3	-1.897103E+3	4.694440E+3	-2.874781E+3	7.245130E+3	-1.072250E+4	8.536839E+3	-1.716711E+4
1.076100E+2	-1.509331E+1	2.304562E+0	-1.509289E+1	1.002917E-1	2.414088E+3	-1.897472E+3	4.694440E+3	-2.874904E+3	7.245130E+3	-1.072250E+4	8.536471E+3	-1.716724E+4
1.076200E+2	-1.509325E+1	2.205402E+0	-1.509282E+1	1.002924E-1	2.413720E+3	-1.897840E+3	4.694440E+3	-2.875027E+3	7.245130E+3	-1.072250E+4	8.536103E+3	-1.716736E+4
1.076300E+2	-1.509325E+1	2.121686E+0	-1.509282E+1	1.002923E-1	2.413351E+3	-1.898209E+3	4.694440E+3	-2.875150E+3	7.245130E+3	-1.072250E+4	8.535735E+3	-1.716749E+4
1.076400E+2	-1.509327E+1	2.060692E+0	-1.509285E+1	1.002921E-1	2.412983E+3	-1.898577E+3	4.694440E+3	-2.875272E+3	7.245130E+3	-1.072250E+4	8.535368E+3	-1.716762E+4
1.076500E+2	-1.509324E+1	2.194056E+0	-1.509281E+1	1.002924E-1	2.412614E+3	-1.898946E+3	4.694440E+3	-2.875395E+3	7.245130E+3	-1.072250E+4	8.535000E+3	-1.716774E+4
1.076600E+2	-1.509324E+1	2.137631E+0	-1.509281E+1	1.002924E-1	2.412246E+3	-1.899314E+3	4.694440E+3	-2.875518E+3	7.245130E+3	-1.072250E+4	8.534632E+3	-1.716787E+4
1.076700E+2	-1.509322E+1	2.075139E+0	-1.509279E+1	1.002926E-1	2.411877E+3	-1.899683E+3	4.694440E+3	-2.875641E+3	7.245130E+3	-1.072250E+4	8.534264E+3	-1.716800E+4
1.076800E+2	-1.509322E+1	2.025547E+0	-1.509279E+1	1.002926E-1	2.411509E+3	-1.900051E+3	4.694440E+3	-2.875764E+3	7.245130E+3	-1.072250E+4	8.533896E+3	-1.716812E+4
1.076900E+2	-1.509322E+1	2.128229E+0	-1.509279E+1	1.002926E-1	2.411140E+3	-1.900420E+3	4.694440E+3	-2.875887E+3	7.245130E+3	-1.072250E+4	8.533528E+3	-1.716825E+4
1.077000E+2	-1.509321E+1	2.250708E+0	-1.509279E+1	1.002927E-1	2.410772E+3	-1.900788E+3	4.694440E+3	-2.876009E+3	7.245130E+3	-1.072250E+4	8.533160E+3	-1.716837E+4
1.077100E+2	-1.509318E+1	2.128888E+0	-1.509275E+1	1.002930E-1	2.410403E+3	-1.901157E+3	4.694440E+3	-2.876132E+3	7.245130E+3	-1.072250E+4	8.532793E+3	-1.716850E+4
1.077200E+2	-1.509315E+1	1.999008E+0	-1.509273E+1	1.002933E-1	2.411485E+3	-1.896058E+3	4.694283E+3	-2.874063E+3	7.243280E+3	-1.072446E+4	8.539732E+3	-1.717056E+4
1.077300E+2	-1.509316E+1	2.112125E+0	-1.509273E+1	1.002933E-1	2.409166E+3	-1.896831E+3	4.693514E+3	-2.872517E+3	7.243280E+3	-1.072526E+4	8.538959E+3	-1.717136E+4
1.077400E+2	-1.509316E+1	2.181572E+0	-1.509273E+1	1.002932E-1	2.406847E+3	-1.897604E+3	4.692745E+3	-2.870972E+3	7.243280E+3	-1.072605E+4	8.538186E+3	-1.717215E+4
1.077500E+2	-1.509313E+1	2.020787E+0	-1.509271E+1	1.002935E-1	2.406535E+3	-1.898126E+3	4.692600E+3	-2.870805E+3	7.243155E+3	-1.072595E+4	8.538040E+3	-1.717230E+4
1.077600E+2	-1.509313E+1	2.058134E+0	-1.509271E+1	1.002935E-1	2.406690E+3	-1.898590E+3	4.692600E+3	-2.870960E+3	7.243000E+3	-1.072564E+4	8.538040E+3	-1.717230E+4
1.077700E+2	-1.509312E+1	1.979476E+0	-1.509269E+1	1.002937E-1	2.406845E+3	-1.899054E+3	4.692600E+3	-2.871115E+3	7.242845E+3	-1.072533E+4	8.538040E+3	-1.717230E+4
1.077800E+2	-1.509310E+1	2.225189E+0	-1.509267E+1	1.002939E-1	2.406999E+3	-1.899517E+3	4.692600E+3	-2.871269E+3	7.242691E+3	-1.072502E+4	8.538040E+3	-1.717230E+4
1.077900E+2	-1.509309E+1	2.153737E+0	-1.509266E+1	1.002939E-1	2.407154E+3	-1.899981E+3	4.692600E+3	-2.871424E+3	7.242536E+3	-1.072471E+4	8.538040E+3	-1.717230E+4
1.078000E+2	-1.509309E+1	2.081393E+0	-1.509266E+1	1.002939E-1	2.407308E+3	-1.900445E+3	4.692600E+3	-2.871578E+3	7.242382E+3	-1.072440E+4	8.538040E+3	-1.717230E+4
1.078100E+2	-1.509310E+1	1.999104E+0	-1.509267E+1	1.002939E-1	2.407463E+3	-1.900909E+3	4.692600E+3	-2.871733E+3	7.242227E+3	-1.072409E+4	8.538040E+3	-1.717230E+4
1.078200E+2	-1.509303E+1	2.121487E+0	-1.509260E+1	1.002946E-1	2.407617E+3	-1.901372E+3	4.692600E+3	-2.871887E+3	7.242073E+3	-1.072379E+4	8.538040E+3	-1.717230E+4
1.078300E+2	-1.509300E+1	2.162999E+0	-1.509257E+1	1.002949E-1	2.407772E+3	-1.901836E+3	4.692600E+3	-2.872042E+3	7.241918E+3	-1.072348E+4	8.538040E+3	-1.717230E+4
1.078400E+2	-1.509299E+1	2.117795E+0	-1.509256E+1	1.002950E-1	2.407927E+3	-1.902300E+3	4.692600E+3	-2.872197E+3	7.241763E+3	-1.072317E+4	8.538040E+3	-1.717230E+4
1.078500E+2	-1.509302E+1	2.007991E+0	-1.509259E+1	1.002946E-1	2.408081E+3	-1.902764E+3	4.692600E+3	-2.872351E+3	7.241609E+3	-1.072286E+4	8.538040E+3	-1.717230E+4
1.078600E+2	-1.509301E+1	2.092181E+0	-1.509258E+1	1.002948E-1	2.408236E+3	-1.903227E+3	4.692600E+3	-2.872506E+3	7.241454E+3	-1.072255E+4	8.538040E+3	-1.717230E+4
1.078700E+2	-1.509298E+1	2.120195E+0	-1.509255E+1	1.002951E-1	2.412174E+3	-1.895900E+3	4.692813E+3	-2.876016E+3	7.245130E+3	-1.072250E+4	8.531506E+3	-1.717019E+4
1.078800E+2	-1.509293E+1	2.078894E+0	-1.509251E+1	1.002955E-1	2.412428E+3	-1.895900E+3	4.693066E+3	-2.875762E+3	7.245130E+3	-1.072250E+4	8.532521E+3	-1.716994E+4
1.078900E+2	-1.509292E+1	2.012298E+0	-1.509250E+1	1.002956E-1	2.412682E+3	-1.895900E+3	4.693319E+3	-2.875508E+3	7.245130E+3	-1.072250E+4	8.533536E+3	-1.716970E+4
1.079000E+2	-1.509293E+1	1.987129E+0	-1.509250E+1	1.002956E-1	2.412937E+3	-1.895900E+3	4.693571E+3	-2.875253E+3	7.245130E+3	-1.072250E+4	8.534551E+3	-1.716945E+4
1.079100E+2	-1.509293E+1	2.244646E+0	-1.509250E+1	1.002956E-1	2.413191E+3	-1.895900E+3	4.693824E+3	-2.874999E+3	7.245130E+3	-1.072250E+4	8.535566E+3	-1.716920E+4
1.079200E+2	-1.509290E+1	2.069484E+0	-1.509247E+1	1.002959E-1	2.413445E+3	-1.895900E+3	4.694077E+3	-2.874745E+3	7.245130E+3	-1.072250E+4	8.536581E+3	-1.716896E+4
1.079300E+2	-1.509288E+1	2.147172E+0	-1.509245E+1	1.002961E-1	2.413699E+3	-1.895900E+3	4.694329E+3	-2.874491E+3	7.245130E+3	-1.072250E+4	8.537596E+3	-1.716871E+4
1.079400E+2	-1.509286E+1	2.106339E+0	-1.509243E+1	1.002963E-1	2.411950E+3	-1.895900E+3	4.692600E+3	-2.872530E+3	7.241430E+3	-1.072799E+4	8.536200E+3	-1.717041E+4
1.079500E+2	-1.509281E+1	2.201523E+0	-1.509239E+1	1.002968E-1	2.411790E+3	-1.895900E+3	4.692600E+3	-2.872530E+3	7.241430E+3	-1.072783E+4	8.536200E+3	-1.717057E+4
1.079600E+2	-1.509275E+1	2.208963E+0	-1.509232E+1	1.002974E-1	2.411630E+3	-1.895900E+3	4.692600E+3	-2.872530E+3	7.241430E+3	-1.072768E+4	8.536200E+3	-1.717074E+4
1.079700E+2	-1.509271E+1	2.034771E+0	-1.509228E+1	1.002978E-1	2.411470E+3	-1.895900E+3	4.692600E+3	-2.872530E+3	7.241430E+3	-1.072752E+4	8.536200E+3	-1.717090E+4
1.079800E+2	-1.509273E+1	1.977026E+0	-1.509230E+1	1.002976E-1	2.411310E+3	-1.895900E+3	4.692600E+3	-2.872530E+3	7.241430E+3	-1.072737E+4	8.536200E+3	-1.717107E+4
1.079900E+2	-1.509272E+1	2.128533E+0	-1.509229E+1	1.002978E-1	2.411150E+3	-1.895900E+3	4.692600E+3	-2.872530E+3	7.241430E+3	-1.072721E+4	8.536200E+3	-1.717123E+4
1.080000E+2	-1.509271E+1	2.139839E+0	-1.509228E+1	1.002978E-1	2.410990E+3	-1.895900E+3	4.692600E+3	-2.872530E+3	7.241430E+3	-1.072706E+4	8.536200E+3	-1.717140E+4
1.080100E+2	-1.509271E+1	2.072395E+0	-1.509228E+1	1.002978E-1	2.410830E+3	-1.895900E+3	4.692600E+3	-2.872530E+3	7.241430E+3	-1.072690E+4	8.536200E+3	-1.717156E+4
1.080200E+2	-1.509270E+1	2.000620E+0	-1.509228E+1	1.002979E-1	2.410670E+3	-1.895900E+3	4.692600E+3	-2.872530E+3	7.241430E+3	-1.072675E+4	8.536200E+3	-1.717172E+4
1.080300E+2	-1.509269E+1	2.072333E+0	-1.509226E+1	1.002980E-1	2.410511E+3	-1.895900E+3	4.692600E+3	-2.872530E+3	7.241430E+3	-1.072659E+4	8.536200E+3	-1.717189E+4
1.080400E+2	-1.509270E+1	2.197556E+0	-1.509228E+1	1.002979E-1	2.410351E+3	-1.895900E+3	4.692600E+3	-2.872530E+3	7.241430E+3	-1.072643E+4	8.536200E+3	-1.717205E+4
1.080500E+2	-1.509267E+1	2.149229E+0	-1.509225E+1	1.002982E-1	2.410191E+3	-1.895900E+3	4.692600E+3	-2.872530E+3	7.241430E+3	-1.072628E+4	8.536200E+3	-1.717222E+4
1.080600E+2	-1.509263E+1	2.118586E+0	-1.509221E+1	1.002986E-1	2.411561E+3	-1.895900E+3	4.692201E+3	-2.874779E+3	7.241430E+3	-1.072430E+4	8.535002E+3	-1.717001E+4
1.080700E+2	-1.509263E+1	2.060889E+0	-1.509220E+1	1.002986E-1	2.410754E+3	-1.895900E+3	4.691394E+3	-2.875586E+3	7.241430E+3	-1.072430E+4	8.532583E+3	-1.716923E+4
1.080800E+2	-1.509260E+1	2.293647E+0	-1.509218E+1	1.002989E-1	2.409890E+3	-1.896339E+3	4.690970E+3	-2.876230E+3	7.241650E+3	-1.072409E+4	8.530870E+3	-1.716860E+4
1.080900E+2	-1.509260E+1	2.287199E+0	-1.509217E+1	1.002989E-1	2.408799E+3	-1.898521E+3	4.692061E+3	-2.876230E+3	7.242741E+3	-1.072302E+4	8.531961E+3	-1.716860E+4
1.081000E+2	-1.509256E+1	2.165412E+0	-1.509213E+1	1.002993E-1	2.408628E+3	-1.899232E+3	4.692600E+3	-2.876230E+3	7.243096E+3	-1.072250E+4	8.532868E+3	-1.716878E+4
1.081100E+2	-1.509254E+1	2.047721E+0	-1.509211E+1	1.002995E-1	2.409355E+3	-1.898505E+3	4.692600E+3	-2.876230E+3	7.242732E+3	-1.072250E+4	8.533595E+3	-1.716913E+4
1.081200E+2	-1.509249E+1	2.257564E+0	-1.509206E+1	1.003001E-1	2.410083E+3	-1.897777E+3	4.692600E+3	-2.876230E+3	7.242369E+3	-1.072250E+4	8.534323E+3	-1.716949E+4
1.081300E+2	-1.509240E+1	2.137706E+0	-1.509198E+1	1.003009E-1	2.410810E+3	-1.897050E+3	4.692600E+3	-2.876230E+3	7.242005E+3	-1.072250E+4	8.535050E+3	-1.716984E+4
1.081400E+2	-1.509240E+1	2.063540E+0	-1.509197E+1	1.003010E-1	2.411538E+3	-1.896322E+3	4.692600E+3	-2.876230E+3	7.241641E+3	-1.072250E+4	8.535778E+3	-1.717019E+4
1.081500E+2	-1.509237E+1	1.953325E+0	-1.509195E+1	1.003013E-1	2.411960E+3	-1.895365E+3	4.692600E+3	-2.875962E+3	7.241430E+3	-1.072330E+4	8.535932E+3	-1.717040E+4
1.081600E+2	-1.509238E+1	2.156951E+0	-1.509195E+1	1.003012E-1	2.411960E+3	-1.894089E+3	4.692600E+3	-2.875322E+3	7.241430E+3	-1.072520E+4	8.535292E+3	-1.717040E+4
1.081700E+2	-1.509239E+1	2.045716E+0	-1.509196E+1	1.003011E-1	2.411960E+3	-1.892813E+3	4.692600E+3	-2.874682E+3	7.241430E+3	-1.072710E+4	8.534652E+3	-1.717040E+4
1.081800E+2	-1.509233E+1	2.117453E+0	-1.509190E+1	1.003017E-1	2.411756E+3	-1.892820E+3	4.692600E+3	-2.873973E+3	7.241430E+3	-1.072780E+4	8.534554E+3	-1.717081E+4
1.081900E+2	-1.509226E+1	2.066225E+0	-1.509184E+1	1.003024E-1	2.411370E+3	-1.893977E+3	4.692600E+3	-2.873200E+3	7.241430E+3	-1.072743E+4	8.534940E+3	-1.717158E+4
1.082000E+2	-1.509224E+1	2.101809E+0	-1.509181E+1	1.003026E-1	2.410983E+3	-1.895135E+3	4.692600E+3	-2.872427E+3	7.241430E+3	-1.072705E+4	8.535327E+3	-1.717235E+4
1.082100E+2	-1.509221E+1	2.235060E+0	-1.509178E+1	1.003029E-1	2.410597E+3	-1.896292E+3	4.692600E+3	-2.871654E+3	7.241430E+3	-1.072667E+4	8.535713E+3	-1.717313E+4
1.082200E+2	-1.509223E+1	2.168262E+0	-1.509180E+1	1.003027E-1	2.410210E+3	-1.897449E+3	4.692600E+3	-2.870881E+3	7.241430E+3	-1.072630E+4	8.536100E+3	-1.717390E+4
1.082300E+2	-1.509223E+1	2.111622E+0	-1.509180E+1	1.003027E-1	2.410390E+3	-1.898030E+3	4.692600E+3	-2.871240E+3	7.241150E+3	-1.072564E+4	8.535920E+3	-1.717354E+4
1.082400E+2	-1.509224E+1	2.046644E+0	-1.509181E+1	1.003026E-1	2.410769E+3	-1.898409E+3	4.692600E+3	-2.871997E+3	7.240771E+3	-1.072488E+4	8.535541E+3	-1.717278E+4
1.082500E+2	-1.509221E+1	2.184014E+0	-1.509178E+1	1.003029E-1	2.411147E+3	-1.898787E+3	4.692600E+3	-2.872754E+3	7.240393E+3	-1.072413E+4	8.535163E+3	-1.717203E+4
1.082600E+2	-1.509222E+1	2.140656E+0	-1.509179E+1	1.003029E-1	2.411526E+3	-1.899166E+3	4.692600E+3	-2.873512E+3	7.240014E+3	-1.072337E+4	8.534784E+3	-1.717127E+4
1.082700E+2	-1.509223E+1	1.996543E+0	-1.509180E+1	1.003028E-1	2.411904E+3	-1.899544E+3	4.692600E+3	-2.874269E+3	7.239636E+3	-1.072261E+4	8.534406E+3	-1.717051E+4
1.082800E+2	-1.509221E+1	2.040116E+0	-1.509179E+1	1.003029E-1	2.411800E+3	-1.899440E+3	4.692759E+3	-2.874540E+3	7.239740E+3	-1.072266E+4	8.533871E+3	-1.717024E+4
1.082900E+2	-1.509222E+1	2.147650E+0	-1.509180E+1	1.003028E-1	2.411613E+3	-1.899253E+3	4.692945E+3	-2.874727E+3	7.239927E+3	-1.072284E+4	8.533308E+3	-1.717006E+4
1.083000E+2	-1.509216E+1	2.054794E+0	-1.509173E+1	1.003034E-1	2.411425E+3	-1.899065E+3	4.693132E+3	-2.874915E+3	7.240115E+3	-1.072302E+4	8.532746E+3	-1.716988E+4
1.083100E+2	-1.509213E+1	2.060714E+0	-1.509170E+1	1.003037E-1	2.411238E+3	-1.898878E+3	4.693318E+3	-2.875102E+3	7.240302E+3	-1.072320E+4	8.532184E+3	-1.716970E+4
1.083200E+2	-1.509209E+1	2.058134E+0	-1.509166E+1	1.003042E-1	2.411051E+3	-1.898691E+3	4.693504E+3	-2.875289E+3	7.240489E+3	-1.072338E+4	8.531622E+3	-1.716952E+4
1.083300E+2	-1.509209E+1	2.168075E+0	-1.509166E+1	1.003042E-1	2.410863E+3	-1.898503E+3	4.693691E+3	-2.875477E+3	7.240677E+3	-1.072357E+4	8.531060E+3	-1.716933E+4
1.083400E+2	-1.509206E+1	2.224970E+0	-1.509163E+1	1.003044E-1	2.410676E+3	-1.898316E+3	4.693877E+3	-2.875664E+3	7.240864E+3	-1.072375E+4	8.530498E+3	-1.716915E+4
1.083500E+2	-1.509204E+1	2.076584E+0	-1.509162E+1	1.003046E-1	2.410489E+3	-1.898129E+3	4.694063E+3	-2.875851E+3	7.241051E+3	-1.072393E+4	8.529936E+3	-1.716897E+4
1.083600E+2	-1.509207E+1	2.063898E+0	-1.509164E+1	1.003043E-1	2.410301E+3	-1.897941E+3	4.694250E+3	-2.876039E+3	7.241239E+3	-1.072411E+4	8.529374E+3	-1.716879E+4
1.083700E+2	-1.509208E+1	2.005257E+0	-1.509165E+1	1.003042E-1	2.410114E+3	-1.897754E+3	4.694436E+3	-2.876226E+3	7.241426E+3	-1.072430E+4	8.528812E+3	-1.716860E+4
1.083800E+2	-1.509207E+1	2.225645E+0	-1.509164E+1	1.003044E-1	2.410576E+3	-1.897284E+3	4.693063E+3	-2.875298E+3	7.242814E+3	-1.072250E+4	8.533432E+3	-1.716860E+4
1.083900E+2	-1.509201E+1	2.088677E+0	-1.509158E+1	1.003050E-1	2.411051E+3	-1.896809E+3	4.693536E+3	-2.874347E+3	7.242339E+3	-1.072250E+4	8.534383E+3	-1.716860E+4
1.084000E+2	-1.509197E+1	2.026248E+0	-1.509154E+1	1.003054E-1	2.411527E+3	-1.896333E+3	4.694009E+3	-2.873396E+3	7.241863E+3	-1.072250E+4	8.535334E+3	-1.716860E+4
1.084100E+2	-1.509196E+1	1.980149E+0	-1.509154E+1	1.003054E-1	2.411905E+3	-1.895845E+3	4.694440E+3	-2.872530E+3	7.241375E+3	-1.072266E+4	8.536090E+3	-1.716871E+4
1.084200E+2	-1.509192E+1	2.137125E+0	-1.509149E+1	1.003059E-1	2.411294E+3	-1.895234E+3	4.694440E+3	-2.872530E+3	7.240764E+3	-1.072448E+4	8.534867E+3	-1.716993E+4
1.084300E+2	-1.509189E+1	2.084867E+0	-1.509146E+1	1.003062E-1	2.410682E+3	-1.894622E+3	4.694440E+3	-2.872530E+3	7.240152E+3	-1.072630E+4	8.533644E+3	-1.717116E+4
1.084400E+2	-1.509189E+1	2.077609E+0	-1.509146E+1	1.003062E-1	2.410091E+3	-1.894050E+3	4.694421E+3	-2.872549E+3	7.239561E+3	-1.072796E+4	8.532519E+3	-1.717230E+4
1.084500E+2	-1.509187E+1	1.993607E+0	-1.509144E+1	1.003064E-1	2.409792E+3	-1.894050E+3	4.694123E+3	-2.872848E+3	7.239262E+3	-1.072736E+4	8.532818E+3	-1.717230E+4
1.084600E+2	-1.509186E+1	2.244513E+0	-1.509143E+1	1.003065E-1	2.409492E+3	-1.894050E+3	4.693826E+3	-2.873148E+3	7.238962E+3	-1.072676E+4	8.533118E+3	-1.717230E+4
1.084700E+2	-1.509184E+1	2.181904E+0	-1.509141E+1	1.003067E-1	2.409193E+3	-1.894050E+3	4.693528E+3	-2.873447E+3	7.238663E+3	-1.072617E+4	8.533417E+3	-1.717230E+4
1.084800E+2	-1.509184E+1	2.135457E+0	-1.509141E+1	1.003067E-1	2.408894E+3	-1.894050E+3	4.693231E+3	-2.873746E+3	7.238364E+3	-1.072557E+4	8.533716E+3	-1.717230E+4
1.084900E+2	-1.509180E+1	2.028925E+0	-1.509137E+1	1.003071E-1	2.408595E+3	-1.894050E+3	4.692933E+3	-2.874045E+3	7.238065E+3	-1.072497E+4	8.534015E+3	-1.717230E+4
1.085000E+2	-1.509180E+1	2.108827E+0	-1.509138E+1	1.003071E-1	2.408296E+3	-1.894050E+3	4.692636E+3	-2.874344E+3	7.237766E+3	-1.072437E+4	8.534314E+3	-1.717230E+4
1.085100E+2	-1.509177E+1	2.166395E+0	-1.509134E+1	1.003074E-1	2.408260E+3	-1.894249E+3	4.692600E+3	-2.874778E+3	7.237929E+3	-1.072411E+4	8.534151E+3	-1.717210E+4
1.085200E+2	-1.509178E+1	2.003521E+0	-1.509136E+1	1.003073E-1	2.408260E+3	-1.894475E+3	4.692600E+3	-2.875230E+3	7.238155E+3	-1.072389E+4	8.533925E+3	-1.717186E+4
1.085300E+2	-1.509179E+1	2.011335E+0	-1.509136E+1	1.003072E-1	2.408260E+3	-1.894701E+3	4.692600E+3	-2.875683E+3	7.238381E+3	-1.072367E+4	8.533699E+3	-1.717163E+4
1.085400E+2	-1.509178E+1	1.991592E+0	-1.509135E+1	1.003073E-1	2.408260E+3	-1.894928E+3	4.692600E+3	-2.876135E+3	7.238608E+3	-1.072345E+4	8.533472E+3	-1.717140E+4
1.085500E+2	-1.509173E+1	2.209966E+0	-1.509130E+1	1.003078E-1	2.408260E+3	-1.895154E+3	4.692600E+3	-2.876587E+3	7.238834E+3	-1.072323E+4	8.533246E+3	-1.717117E+4
1.085600E+2	-1.509166E+1	2.125553E+0	-1.509123E+1	1.003085E-1	2.408260E+3	-1.895380E+3	4.692600E+3	-2.877040E+3	7.239060E+3	-1.072301E+4	8.533020E+3	-1.717093E+4
1.085700E+2	-1.509167E+1	2.088504E+0	-1.509124E+1	1.003085E-1	2.408260E+3	-1.895606E+3	4.692600E+3	-2.877492E+3	7.239286E+3	-1.072279E+4	8.532794E+3	-1.717070E+4
1.085800E+2	-1.509170E+1	2.125166E+0	-1.509128E+1	1.003081E-1	2.408260E+3	-1.895832E+3	4.692600E+3	-2.877944E+3	7.239512E+3	-1.072257E+4	8.532568E+3	-1.717047E+4
1.085900E+2	-1.509167E+1	2.227973E+0	-1.509124E+1	1.003085E-1	2.408260E+3	-1.897428E+3	4.692600E+3	-2.877698E+3	7.239962E+3	-1.072287E+4	8.531736E+3	-1.717003E+4
1.086000E+2	-1.509166E+1	2.183398E+0	-1.509123E+1	1.003085E-1	2.408260E+3	-1.899612E+3	4.692600E+3	-2.877152E+3	7.240508E+3	-1.072340E+4	8.530644E+3	-1.716950E+4
1.086100E+2	-1.509166E+1	2.125199E+0	-1.509123E+1	1.003085E-1	2.408260E+3	-1.901796E+3	4.692600E+3	-2.876606E+3	7.241054E+3	-1.072393E+4	8.529552E+3	-1.716897E+4
1.086200E+2	-1.509164E+1	2.073313E+0	-1.509121E+1	1.003087E-1	2.408621E+3	-1.902939E+3	4.692600E+3	-2.875869E+3	7.241791E+3	-1.072358E+4	8.530245E+3	-1.716860E+4
1.086300E+2	-1.509159E+1	2.233732E+0	-1.509116E+1	1.003093E-1	2.409781E+3	-1.901779E+3	4.692600E+3	-2.874709E+3	7.242951E+3	-1.072126E+4	8.534883E+3	-1.716860E+4
1.086400E+2	-1.509159E+1	2.146718E+0	-1.509116E+1	1.003093E-1	2.410298E+3	-1.901167E+3	4.692600E+3	-2.874380E+3	7.243280E+3	-1.072079E+4	8.536294E+3	-1.716860E+4
1.086500E+2	-1.509160E+1	1.996250E+0	-1.509117E+1	1.003091E-1	2.410561E+3	-1.900773E+3	4.692600E+3	-2.874380E+3	7.243280E+3	-1.072105E+4	8.536425E+3	-1.716860E+4
1.086600E+2	-1.509160E+1	2.057297E+0	-1.509117E+1	1.003092E-1	2.410825E+3	-1.900378E+3	4.692600E+3	-2.874380E+3	7.243280E+3	-1.072131E+4	8.536555E+3	-1.716860E+4
1.086700E+2	-1.509159E+1	2.141860E+0	-1.509116E+1	1.003093E-1	2.411088E+3	-1.899983E+3	4.692600E+3	-2.874380E+3	7.243280E+3	-1.072158E+4	8.536686E+3	-1.716860E+4
1.086800E+2	-1.509160E+1	2.214042E+0	-1.509117E+1	1.003092E-1	2.411351E+3	-1.899589E+3	4.692600E+3	-2.874380E+3	7.243280E+3	-1.072184E+4	8.536817E+3	-1.716860E+4
1.086900E+2	-1.509157E+1	2.152318E+0	-1.509114E+1	1.003095E-1	2.411614E+3	-1.899194E+3	4.692600E+3	-2.874380E+3	7.243280E+3	-1.072210E+4	8.536948E+3	-1.716860E+4
1.087000E+2	-1.509155E+1	2.096097E+0	-1.509112E+1	1.003097E-1	2.411877E+3	-1.898799E+3	4.692600E+3	-2.874380E+3	7.243280E+3	-1.072237E+4	8.537079E+3	-1.716860E+4
1.087100E+2	-1.509152E+1	2.158874E+0	-1.509109E+1	1.003100E-1	2.412140E+3	-1.898405E+3	4.692600E+3	-2.874380E+3	7.243280E+3	-1.072263E+4	8.537210E+3	-1.716860E+4
1.087200E+2	-1.509150E+1	2.227139E+0	-1.509107E+1	1.003102E-1	2.412403E+3	-1.898010E+3	4.692600E+3	-2.874380E+3	7.243280E+3	-1.072289E+4	8.537340E+3	-1.716860E+4
1.087300E+2	-1.509147E+1	2.159706E+0	-1.509105E+1	1.003104E-1	2.412666E+3	-1.897615E+3	4.692600E+3	-2.874380E+3	7.243280E+3	-1.072316E+4	8.537471E+3	-1.716860E+4
1.087400E+2	-1.509146E+1	2.038341E+0	-1.509103E+1	1.003106E-1	2.412929E+3	-1.897221E+3	4.692600E+3	-2.874380E+3	7.243280E+3	-1.072342E+4	8.537602E+3	-1.716860E+4
1.087500E+2	-1.509139E+1	1.987822E+0	-1.509096E+1	1.003113E-1	2.413193E+3	-1.896826E+3	4.692600E+3	-2.874380E+3	7.243280E+3	-1.072368E+4	8.537733E+3	-1.716860E+4
1.087600E+2	-1.509135E+1	2.188896E+0	-1.509093E+1	1.003117E-1	2.413456E+3	-1.896431E+3	4.692600E+3	-2.874380E+3	7.243280E+3	-1.072395E+4	8.537864E+3	-1.716860E+4
1.087700E+2	-1.509134E+1	2.111964E+0	-1.509091E+1	1.003118E-1	2.413719E+3	-1.896037E+3	4.692600E+3	-2.874380E+3	7.243280E+3	-1.072421E+4	8.537995E+3	-1.716860E+4
1.087800E+2	-1.509127E+1	2.103644E+0	-1.509084E+1	1.003125E-1	2.411960E+3	-1.894050E+3	4.692600E+3	-2.876230E+3	7.238215E+3	-1.072383E+4	8.528315E+3	-1.717040E+4
1.087900E+2	-1.509124E+1	2.027449E+0	-1.509081E+1	1.003129E-1	2.411960E+3	-1.894050E+3	4.692600E+3	-2.876230E+3	7.238957E+3	-1.072311E+4	8.527573E+3	-1.717040E+4
1.088000E+2	-1.509122E+1	2.184798E+0	-1.509079E+1	1.003131E-1	2.411898E+3	-1.894236E+3	4.692538E+3	-2.876168E+3	7.239642E+3	-1.072244E+4	8.527136E+3	-1.717034E+4
1.088100E+2	-1.509119E+1	2.274985E+0	-1.509076E+1	1.003133E-1	2.411512E+3	-1.895395E+3	4.692152E+3	-2.875782E+3	7.240028E+3	-1.072204E+4	8.528295E+3	-1.716996E+4
1.088200E+2	-1.509114E+1	2.102717E+0	-1.509071E+1	1.003139E-1	2.411125E+3	-1.896554E+3	4.691765E+3	-2.875395E+3	7.240415E+3	-1.072164E+4	8.529454E+3	-1.716959E+4
1.088300E+2	-1.509109E+1	2.100430E+0	-1.509067E+1	1.003143E-1	2.410739E+3	-1.897714E+3	4.691379E+3	-2.875009E+3	7.240801E+3	-1.072125E+4	8.530614E+3	-1.716921E+4
1.088400E+2	-1.509107E+1	2.094796E+0	-1.509064E+1	1.003145E-1	2.410352E+3	-1.898873E+3	4.690992E+3	-2.874622E+3	7.241188E+3	-1.072085E+4	8.531773E+3	-1.716884E+4
1.088500E+2	-1.509106E+1	2.229027E+0	-1.509064E+1	1.003146E-1	2.410326E+3	-1.899168E+3	4.690966E+3	-2.874380E+3	7.241214E+3	-1.072125E+4	8.532500E+3	-1.716881E+4
1.088600E+2	-1.509107E+1	2.162762E+0	-1.509064E+1	1.003146E-1	2.410906E+3	-1.898008E+3	4.691546E+3	-2.874380E+3	7.240634E+3	-1.072301E+4	8.532500E+3	-1.716937E+4
1.088700E+2	-1.509107E+1	1.997286E+0	-1.509064E+1	1.003146E-1	2.411486E+3	-1.896849E+3	4.692126E+3	-2.874380E+3	7.240054E+3	-1.072476E+4	8.532500E+3	-1.716994E+4
1.088800E+2	-1.509103E+1	1.997486E+0	-1.509060E+1	1.003150E-1	2.411890E+3	-1.895900E+3	4.692530E+3	-2.874380E+3	7.239510E+3	-1.072627E+4	8.532360E+3	-1.717047E+4
1.088900E+2	-1.509101E+1	2.289146E+0	-1.509059E+1	1.003151E-1	2.411503E+3	-1.895900E+3	4.692143E+3	-2.874380E+3	7.239123E+3	-1.072664E+4	8.531587E+3	-1.717087E+4
1.089000E+2	-1.509094E+1	2.252993E+0	-1.509052E+1	1.003158E-1	2.411117E+3	-1.895900E+3	4.691757E+3	-2.874380E+3	7.238737E+3	-1.072702E+4	8.530814E+3	-1.717127E+4
1.089100E+2	-1.509093E+1	2.095144E+0	-1.509050E+1	1.003160E-1	2.410730E+3	-1.895900E+3	4.691370E+3	-2.874380E+3	7.238350E+3	-1.072740E+4	8.530041E+3	-1.717166E+4
1.089200E+2	-1.509091E+1	1.966670E+0	-1.509048E+1	1.003162E-1	2.410344E+3	-1.895900E+3	4.690984E+3	-2.874380E+3	7.237964E+3	-1.072777E+4	8.529268E+3	-1.717206E+4
1.089300E+2	-1.509091E+1	2.156882E+0	-1.509048E+1	1.003162E-1	2.409888E+3	-1.896122E+3	4.690972E+3	-2.874602E+3	7.237508E+3	-1.072778E+4	8.529022E+3	-1.717230E+4
1.089400E+2	-1.509090E+1	2.100941E+0	-1.509047E+1	1.003163E-1	2.409326E+3	-1.896684E+3	4.691534E+3	-2.875164E+3	7.236946E+3	-1.072724E+4	8.529584E+3	-1.717230E+4
1.089500E+2	-1.509085E+1	2.027727E+0	-1.509042E+1	1.003168E-1	2.408764E+3	-1.897246E+3	4.692096E+3	-2.875726E+3	7.236384E+3	-1.072669E+4	8.530146E+3	-1.717230E+4
1.089600E+2	-1.509082E+1	2.002051E+0	-1.509039E+1	1.003171E-1	2.408279E+3	-1.897731E+3	4.692563E+3	-2.876249E+3	7.235880E+3	-1.072618E+4	8.530613E+3	-1.717228E+4
1.089700E+2	-1.509079E+1	2.154353E+0	-1.509037E+1	1.003174E-1	2.408459E+3	-1.897551E+3	4.692203E+3	-2.876429E+3	7.235880E+3	-1.072600E+4	8.530253E+3	-1.717210E+4
1.089800E+2	-1.509077E+1	2.274574E+0	-1.509034E+1	1.003177E-1	2.408639E+3	-1.897371E+3	4.691843E+3	-2.876609E+3	7.235880E+3	-1.072581E+4	8.529893E+3	-1.717191E+4
1.089900E+2	-1.509070E+1	2.164093E+0	-1.509028E+1	1.003183E-1	2.408819E+3	-1.897191E+3	4.691483E+3	-2.876789E+3	7.235880E+3	-1.072563E+4	8.529533E+3	-1.717173E+4
1.090000E+2	-1.509070E+1	2.029639E+0	-1.509027E+1	1.003184E-1	2.408999E+3	-1.897011E+3	4.691123E+3	-2.876969E+3	7.235880E+3	-1.072544E+4	8.529173E+3	-1.717154E+4
1.090100E+2	-1.509065E+1	2.030037E+0	-1.509022E+1	1.003188E-1	2.409179E+3	-1.896831E+3	4.690763E+3	-2.877149E+3	7.235880E+3	-1.072526E+4	8.528813E+3	-1.717136E+4
1.090200E+2	-1.509058E+1	2.171510E+0	-1.509015E+1	1.003195E-1	2.409359E+3	-1.896651E+3	4.690402E+3	-2.877329E+3	7.235880E+3	-1.072507E+4	8.528452E+3	-1.717117E+4
1.090300E+2	-1.509056E+1	2.177205E+0	-1.509013E+1	1.003197E-1	2.409539E+3	-1.896471E+3	4.690042E+3	-2.877509E+3	7.235880E+3	-1.072489E+4	8.528092E+3	-1.717099E+4
1.090400E+2	-1.509057E+1	2.067143E+0	-1.509015E+1	1.003196E-1	2.409719E+3	-1.896291E+3	4.689682E+3	-2.877689E+3	7.235880E+3	-1.072470E+4	8.527732E+3	-1.717080E+4
1.090500E+2	-1.509055E+1	2.057195E+0	-1.509012E+1	1.003198E-1	2.409899E+3	-1.896111E+3	4.689322E+3	-2.877869E+3	7.235880E+3	-1.072452E+4	8.527372E+3	-1.717062E+4
1.090600E+2	-1.509056E+1	2.254077E+0	-1.509014E+1	1.003197E-1	2.410079E+3	-1.895931E+3	4.688962E+3	-2.878049E+3	7.235880E+3	-1.072433E+4	8.527012E+3	-1.717043E+4
1.090700E+2	-1.509056E+1	2.165595E+0	-1.509013E+1	1.003198E-1	2.408260E+3	-1.899600E+3	4.691006E+3	-2.878080E+3	7.237986E+3	-1.072379E+4	8.527717E+3	-1.717040E+4
1.090800E+2	-1.509055E+1	2.103631E+0	-1.509013E+1	1.003198E-1	2.408260E+3	-1.899600E+3	4.691315E+3	-2.878080E+3	7.238295E+3	-1.072317E+4	8.528645E+3	-1.717040E+4
1.090900E+2	-1.509054E+1	2.026369E+0	-1.509012E+1	1.003199E-1	2.408260E+3	-1.899600E+3	4.691624E+3	-2.878080E+3	7.238604E+3	-1.072255E+4	8.529572E+3	-1.717040E+4
1.091000E+2	-1.509049E+1	2.041558E+0	-1.509006E+1	1.003205E-1	2.408260E+3	-1.899600E+3	4.691933E+3	-2.878080E+3	7.238913E+3	-1.072193E+4	8.530500E+3	-1.717040E+4
1.091100E+2	-1.509047E+1	2.172895E+0	-1.509005E+1	1.003206E-1	2.408260E+3	-1.899600E+3	4.692242E+3	-2.878080E+3	7.239222E+3	-1.072132E+4	8.531427E+3	-1.717040E+4
1.091200E+2	-1.509050E+1	2.038290E+0	-1.509007E+1	1.003204E-1	2.408260E+3	-1.899600E+3	4.692551E+3	-2.878080E+3	7.239531E+3	-1.072070E+4	8.532354E+3	-1.717040E+4
1.091300E+2	-1.509049E+1	1.982403E+0	-1.509006E+1	1.003205E-1	2.408573E+3	-1.898662E+3	4.692600E+3	-2.877454E+3	7.239267E+3	-1.072155E+4	8.532187E+3	-1.717072E+4
1.091400E+2	-1.509049E+1	1.978224E+0	-1.509006E+1	1.003205E-1	2.408944E+3	-1.897549E+3	4.692600E+3	-2.876712E+3	7.238896E+3	-1.072267E+4	8.531816E+3	-1.717110E+4
1.091500E+2	-1.509047E+1	2.224712E+0	-1.509004E+1	1.003207E-1	2.409315E+3	-1.896436E+3	4.692600E+3	-2.875970E+3	7.238525E+3	-1.072379E+4	8.531445E+3	-1.717148E+4
1.091600E+2	-1.509049E+1	2.228769E+0	-1.509006E+1	1.003205E-1	2.409686E+3	-1.895323E+3	4.692600E+3	-2.875228E+3	7.238154E+3	-1.072492E+4	8.531074E+3	-1.717186E+4
1.091700E+2	-1.509047E+1	2.122521E+0	-1.509005E+1	1.003206E-1	2.410057E+3	-1.894210E+3	4.692600E+3	-2.874486E+3	7.237783E+3	-1.072604E+4	8.530703E+3	-1.717225E+4
1.091800E+2	-1.509049E+1	2.048185E+0	-1.509006E+1	1.003205E-1	2.408117E+3	-1.897893E+3	4.690893E+3	-2.872673E+3	7.237730E+3	-1.072771E+4	8.532357E+3	-1.717230E+4
1.091900E+2	-1.509047E+1	2.191523E+0	-1.509005E+1	1.003206E-1	2.407950E+3	-1.898060E+3	4.691060E+3	-2.872840E+3	7.237730E+3	-1.072738E+4	8.532190E+3	-1.717230E+4
1.092000E+2	-1.509044E+1	2.033038E+0	-1.509001E+1	1.003210E-1	2.407782E+3	-1.898228E+3	4.691228E+3	-2.873008E+3	7.237730E+3	-1.072704E+4	8.532022E+3	-1.717230E+4
1.092100E+2	-1.509042E+1	2.040618E+0	-1.509000E+1	1.003211E-1	2.407615E+3	-1.898395E+3	4.691395E+3	-2.873175E+3	7.237730E+3	-1.072671E+4	8.531855E+3	-1.717230E+4
1.092200E+2	-1.509039E+1	1.976266E+0	-1.508996E+1	1.003215E-1	2.407448E+3	-1.898562E+3	4.691562E+3	-2.873342E+3	7.237730E+3	-1.072638E+4	8.531688E+3	-1.717230E+4
1.092300E+2	-1.509041E+1	2.141177E+0	-1.508998E+1	1.003213E-1	2.407281E+3	-1.898729E+3	4.691729E+3	-2.873509E+3	7.237730E+3	-1.072604E+4	8.531521E+3	-1.717230E+4
1.092400E+2	-1.509039E+1	2.185605E+0	-1.508996E+1	1.003215E-1	2.407114E+3	-1.898896E+3	4.691896E+3	-2.873676E+3	7.237730E+3	-1.072571E+4	8.531354E+3	-1.717230E+4
1.092500E+2	-1.509039E+1	2.055930E+0	-1.508996E+1	1.003215E-1	2.406947E+3	-1.899063E+3	4.692063E+3	-2.873843E+3	7.237730E+3	-1.072537E+4	8.531187E+3	-1.717230E+4
1.092600E+2	-1.509038E+1	2.067859E+0	-1.508995E+1	1.003216E-1	2.406780E+3	-1.899230E+3	4.692230E+3	-2.874010E+3	7.237730E+3	-1.072504E+4	8.531020E+3	-1.717230E+4
1.092700E+2	-1.509037E+1	2.009212E+0	-1.508995E+1	1.003217E-1	2.406612E+3	-1.899398E+3	4.692398E+3	-2.874178E+3	7.237730E+3	-1.072470E+4	8.530852E+3	-1.717230E+4
1.092800E+2	-1.509036E+1	2.170356E+0	-1.508993E+1	1.003218E-1	2.406445E+3	-1.899565E+3	4.692565E+3	-2.874345E+3	7.237730E+3	-1.072437E+4	8.530685E+3	-1.717230E+4
1.092900E+2	-1.509039E+1	2.106526E+0	-1.508996E+1	1.003215E-1	2.408260E+3	-1.896979E+3	4.690750E+3	-2.879930E+3	7.236651E+3	-1.072541E+4	8.525100E+3	-1.717040E+4
1.093000E+2	-1.509036E+1	2.037079E+0	-1.508993E+1	1.003218E-1	2.408260E+3	-1.896003E+3	4.690750E+3	-2.879930E+3	7.237627E+3	-1.072441E+4	8.525100E+3	-1.717040E+4
1.093100E+2	-1.509036E+1	2.075176E+0	-1.508994E+1	1.003218E-1	2.408438E+3	-1.896078E+3	4.690750E+3	-2.879573E+3	7.237730E+3	-1.072413E+4	8.525814E+3	-1.717023E+4
1.093200E+2	-1.509036E+1	2.248321E+0	-1.508994E+1	1.003218E-1	2.408638E+3	-1.896278E+3	4.690750E+3	-2.879174E+3	7.237730E+3	-1.072393E+4	8.526612E+3	-1.717003E+4
1.093300E+2	-1.509036E+1	2.222300E+0	-1.508993E+1	1.003218E-1	2.408837E+3	-1.896477E+3	4.690750E+3	-2.878775E+3	7.237730E+3	-1.072374E+4	8.527409E+3	-1.716984E+4
1.093400E+2	-1.509030E+1	2.135736E+0	-1.508988E+1	1.003224E-1	2.409037E+3	-1.896677E+3	4.690750E+3	-2.878376E+3	7.237730E+3	-1.072354E+4	8.528207E+3	-1.716964E+4
1.093500E+2	-1.509020E+1	2.069339E+0	-1.508977E+1	1.003235E-1	2.409236E+3	-1.896876E+3	4.690750E+3	-2.877977E+3	7.237730E+3	-1.072335E+4	8.529005E+3	-1.716945E+4
1.093600E+2	-1.509015E+1	2.244977E+0	-1.508972E+1	1.003239E-1	2.409436E+3	-1.897076E+3	4.690750E+3	-2.877579E+3	7.237730E+3	-1.072316E+4	8.529803E+3	-1.716926E+4
1.093700E+2	-1.509011E+1	2.152848E+0	-1.508968E+1	1.003244E-1	2.409635E+3	-1.897275E+3	4.690750E+3	-2.877180E+3	7.237730E+3	-1.072296E+4	8.530601E+3	-1.716906E+4
1.093800E+2	-1.509006E+1	2.122850E+0	-1.508963E+1	1.003249E-1	2.409835E+3	-1.897475E+3	4.690750E+3	-2.876781E+3	7.237730E+3	-1.072277E+4	8.531399E+3	-1.716887E+4
1.093900E+2	-1.509009E+1	2.074010E+0	-1.508966E+1	1.003245E-1	2.410034E+3	-1.897674E+3	4.690750E+3	-2.876382E+3	7.237730E+3	-1.072257E+4	8.532196E+3	-1.716867E+4
1.094000E+2	-1.509008E+1	2.130461E+0	-1.508966E+1	1.003246E-1	2.409905E+3	-1.896105E+3	4.690955E+3	-2.874380E+3	7.237730E+3	-1.072780E+4	8.532500E+3	-1.717061E+4
1.094100E+2	-1.509001E+1	2.179624E+0	-1.508958E+1	1.003254E-1	2.409417E+3	-1.896593E+3	4.691443E+3	-2.874380E+3	7.237730E+3	-1.072733E+4	8.532500E+3	-1.717111E+4
1.094200E+2	-1.508991E+1	2.062912E+0	-1.508948E+1	1.003264E-1	2.408929E+3	-1.897081E+3	4.691931E+3	-2.874380E+3	7.237730E+3	-1.072685E+4	8.532500E+3	-1.717161E+4
1.094300E+2	-1.508992E+1	2.017827E+0	-1.508949E+1	1.003263E-1	2.408441E+3	-1.897569E+3	4.692419E+3	-2.874380E+3	7.237730E+3	-1.072638E+4	8.532500E+3	-1.717211E+4
1.094400E+2	-1.508994E+1	2.019808E+0	-1.508951E+1	1.003261E-1	2.408747E+3	-1.898724E+3	4.692600E+3	-2.874380E+3	7.237243E+3	-1.072570E+4	8.532013E+3	-1.717230E+4
1.094500E+2	-1.508992E+1	2.182735E+0	-1.508950E+1	1.003262E-1	2.409520E+3	-1.900270E+3	4.692600E+3	-2.874380E+3	7.236470E+3	-1.072491E+4	8.531240E+3	-1.717230E+4
1.094600E+2	-1.508990E+1	2.174274E+0	-1.508947E+1	1.003265E-1	2.410207E+3	-1.901353E+3	4.692600E+3	-2.874575E+3	7.235977E+3	-1.072430E+4	8.530358E+3	-1.717220E+4
1.094700E+2	-1.508988E+1	2.055718E+0	-1.508945E+1	1.003267E-1	2.410620E+3	-1.900940E+3	4.692600E+3	-2.875399E+3	7.236390E+3	-1.072430E+4	8.529121E+3	-1.717178E+4
1.094800E+2	-1.508979E+1	2.075434E+0	-1.508936E+1	1.003277E-1	2.411032E+3	-1.900528E+3	4.692600E+3	-2.876224E+3	7.236802E+3	-1.072430E+4	8.527884E+3	-1.717135E+4
1.094900E+2	-1.508978E+1	2.170444E+0	-1.508935E+1	1.003277E-1	2.411444E+3	-1.900116E+3	4.692600E+3	-2.877048E+3	7.237214E+3	-1.072430E+4	8.526648E+3	-1.717093E+4
1.095000E+2	-1.508983E+1	2.175496E+0	-1.508941E+1	1.003272E-1	2.411856E+3	-1.899704E+3	4.692600E+3	-2.877873E+3	7.237626E+3	-1.072430E+4	8.525411E+3	-1.717051E+4
1.095100E+2	-1.508979E+1	2.113035E+0	-1.508936E+1	1.003276E-1	2.412394E+3	-1.898732E+3	4.693032E+3	-2.878080E+3	7.238164E+3	-1.072388E+4	8.525968E+3	-1.717040E+4
1.095200E+2	-1.508974E+1	2.085092E+0	-1.508931E+1	1.003281E-1	2.412974E+3	-1.897573E+3	4.693608E+3	-2.878080E+3	7.238744E+3	-1.072331E+4	8.527127E+3	-1.717040E+4
1.095300E+2	-1.508973E+1	2.260497E+0	-1.508930E+1	1.003282E-1	2.413553E+3	-1.896413E+3	4.694185E+3	-2.878080E+3	7.239323E+3	-1.072275E+4	8.528287E+3	-1.717040E+4
1.095400E+2	-1.508973E+1	2.189677E+0	-1.508930E+1	1.003282E-1	2.413595E+3	-1.895900E+3	4.694011E+3	-2.877649E+3	7.239580E+3	-1.072250E+4	8.529231E+3	-1.717019E+4
1.095500E+2	-1.508972E+1	2.080193E+0	-1.508930E+1	1.003283E-1	2.413208E+3	-1.895900E+3	4.693240E+3	-2.876877E+3	7.239580E+3	-1.072250E+4	8.530003E+3	-1.716981E+4
1.095600E+2	-1.508975E+1	2.065724E+0	-1.508932E+1	1.003281E-1	2.412822E+3	-1.895900E+3	4.692469E+3	-2.876104E+3	7.239580E+3	-1.072250E+4	8.530776E+3	-1.716944E+4
1.095700E+2	-1.508972E+1	2.088998E+0	-1.508929E+1	1.003283E-1	2.412435E+3	-1.895900E+3	4.691698E+3	-2.875331E+3	7.239580E+3	-1.072250E+4	8.531549E+3	-1.716906E+4
1.095800E+2	-1.508971E+1	2.230296E+0	-1.508929E+1	1.003284E-1	2.412049E+3	-1.895900E+3	4.690927E+3	-2.874558E+3	7.239580E+3	-1.072250E+4	8.532322E+3	-1.716869E+4
1.095900E+2	-1.508967E+1	2.093109E+0	-1.508924E+1	1.003289E-1	2.411514E+3	-1.895454E+3	4.691196E+3	-2.874380E+3	7.239134E+3	-1.072383E+4	8.531607E+3	-1.716903E+4
1.096000E+2	-1.508956E+1	2.096253E+0	-1.508913E+1	1.003300E-1	2.410934E+3	-1.894874E+3	4.691776E+3	-2.874380E+3	7.238554E+3	-1.072555E+4	8.530448E+3	-1.716960E+4
1.096100E+2	-1.508959E+1	2.180874E+0	-1.508916E+1	1.003296E-1	2.410354E+3	-1.894294E+3	4.692356E+3	-2.874380E+3	7.237974E+3	-1.072727E+4	8.529289E+3	-1.717016E+4
1.096200E+2	-1.508956E+1	2.299294E+0	-1.508913E+1	1.003300E-1	2.410110E+3	-1.894167E+3	4.692600E+3	-2.874380E+3	7.237613E+3	-1.072777E+4	8.528917E+3	-1.717052E+4
1.096300E+2	-1.508951E+1	2.219776E+0	-1.508909E+1	1.003304E-1	2.410110E+3	-1.894368E+3	4.692600E+3	-2.874380E+3	7.237412E+3	-1.072736E+4	8.529118E+3	-1.717073E+4
1.096400E+2	-1.508957E+1	2.130832E+0	-1.508914E+1	1.003299E-1	2.410110E+3	-1.894570E+3	4.692600E+3	-2.874380E+3	7.237210E+3	-1.072696E+4	8.529320E+3	-1.717093E+4
1.096500E+2	-1.508955E+1	2.036442E+0	-1.508912E+1	1.003301E-1	2.410110E+3	-1.894771E+3	4.692600E+3	-2.874380E+3	7.237009E+3	-1.072656E+4	8.529521E+3	-1.717114E+4
1.096600E+2	-1.508952E+1	2.221662E+0	-1.508909E+1	1.003304E-1	2.410110E+3	-1.894973E+3	4.692600E+3	-2.874380E+3	7.236807E+3	-1.072615E+4	8.529723E+3	-1.717135E+4
1.096700E+2	-1.508945E+1	2.216057E+0	-1.508902E+1	1.003311E-1	2.410110E+3	-1.895174E+3	4.692600E+3	-2.874380E+3	7.236606E+3	-1.072575E+4	8.529924E+3	-1.717155E+4
1.096800E+2	-1.508947E+1	2.132948E+0	-1.508904E+1	1.003309E-1	2.410110E+3	-1.895376E+3	4.692600E+3	-2.874380E+3	7.236404E+3	-1.072535E+4	8.530126E+3	-1.717176E+4
1.096900E+2	-1.508950E+1	1.996017E+0	-1.508907E+1	1.003306E-1	2.410110E+3	-1.895577E+3	4.692600E+3	-2.874380E+3	7.236203E+3	-1.072495E+4	8.530327E+3	-1.717197E+4
1.097000E+2	-1.508947E+1	2.133104E+0	-1.508905E+1	1.003308E-1	2.410110E+3	-1.895779E+3	4.692600E+3	-2.874380E+3	7.236001E+3	-1.072454E+4	8.530529E+3	-1.717218E+4
1.097100E+2	-1.508953E+1	2.185521E+0	-1.508910E+1	1.003303E-1	2.410170E+3	-1.895900E+3	4.692600E+3	-2.874440E+3	7.235880E+3	-1.072430E+4	8.530590E+3	-1.717224E+4
1.097200E+2	-1.508951E+1	2.066098E+0	-1.508908E+1	1.003305E-1	2.410321E+3	-1.895900E+3	4.692600E+3	-2.874591E+3	7.235880E+3	-1.072430E+4	8.530439E+3	-1.717208E+4
1.097300E+2	-1.508948E+1	2.044973E+0	-1.508905E+1	1.003308E-1	2.410471E+3	-1.895900E+3	4.692600E+3	-2.874741E+3	7.235880E+3	-1.072430E+4	8.530289E+3	-1.717193E+4
1.097400E+2	-1.508945E+1	2.043813E+0	-1.508902E+1	1.003311E-1	2.410622E+3	-1.895900E+3	4.692600E+3	-2.874892E+3	7.235880E+3	-1.072430E+4	8.530138E+3	-1.717177E+4
1.097500E+2	-1.508943E+1	2.184438E+0	-1.508900E+1	1.003313E-1	2.410772E+3	-1.895900E+3	4.692600E+3	-2.875042E+3	7.235880E+3	-1.072430E+4	8.529988E+3	-1.717162E+4
1.097600E+2	-1.508944E+1	2.149908E+0	-1.508901E+1	1.003312E-1	2.410922E+3	-1.895900E+3	4.692600E+3	-2.875192E+3	7.235880E+3	-1.072430E+4	8.529838E+3	-1.717147E+4
1.097700E+2	-1.508946E+1	2.083980E+0	-1.508903E+1	1.003310E-1	2.411073E+3	-1.895900E+3	4.692600E+3	-2.875343E+3	7.235880E+3	-1.072430E+4	8.529687E+3	-1.717131E+4
1.097800E+2	-1.508947E+1	2.096092E+0	-1.508904E+1	1.003309E-1	2.411223E+3	-1.895900E+3	4.692600E+3	-2.875493E+3	7.235880E+3	-1.072430E+4	8.529537E+3	-1.717116E+4
1.097900E+2	-1.508949E+1	2.236061E+0	-1.508907E+1	1.003306E-1	2.411374E+3	-1.895900E+3	4.692600E+3	-2.875644E+3	7.235880E+3	-1.072430E+4	8.529386E+3	-1.717100E+4
1.098000E+2	-1.508943E+1	2.055698E+0	-1.508901E+1	1.003312E-1	2.411524E+3	-1.895900E+3	4.692600E+3	-2.875794E+3	7.235880E+3	-1.072430E+4	8.529236E+3	-1.717085E+4
1.098100E+2	-1.508941E+1	2.019747E+0	-1.508899E+1	1.003315E-1	2.411675E+3	-1.895900E+3	4.692600E+3	-2.875945E+3	7.235880E+3	-1.072430E+4	8.529085E+3	-1.717069E+4
1.098200E+2	-1.508944E+1	2.009551E+0	-1.508902E+1	1.003312E-1	2.411825E+3	-1.895900E+3	4.692600E+3	-2.876095E+3	7.235880E+3	-1.072430E+4	8.528935E+3	-1.717054E+4
1.098300E+2	-1.508945E+1	2.282059E+0	-1.508902E+1	1.003311E-1	2.411960E+3	-1.899438E+3	4.692600E+3	-2.874380E+3	7.237649E+3	-1.072258E+4	8.528881E+3	-1.717040E+4
1.098400E+2	-1.508946E+1	2.308286E+0	-1.508903E+1	1.003310E-1	2.411960E+3	-1.897893E+3	4.692600E+3	-2.874380E+3	7.236876E+3	-1.072333E+4	8.529654E+3	-1.717040E+4
1.098500E+2	-1.508945E+1	2.129826E+0	-1.508902E+1	1.003311E-1	2.411960E+3	-1.896347E+3	4.692600E+3	-2.874380E+3	7.236103E+3	-1.072408E+4	8.530427E+3	-1.717040E+4
1.098600E+2	-1.508947E+1	2.197918E+0	-1.508904E+1	1.003309E-1	2.411653E+3	-1.895594E+3	4.692752E+3	-2.874227E+3	7.235880E+3	-1.072461E+4	8.530343E+3	-1.717056E+4
1.098700E+2	-1.508949E+1	2.203154E+0	-1.508906E+1	1.003306E-1	2.411222E+3	-1.895164E+3	4.692967E+3	-2.874011E+3	7.235880E+3	-1.072504E+4	8.529912E+3	-1.717078E+4
1.098800E+2	-1.508948E+1	2.295580E+0	-1.508905E+1	1.003308E-1	2.410791E+3	-1.894734E+3	4.693181E+3	-2.873795E+3	7.235880E+3	-1.072547E+4	8.529481E+3	-1.717100E+4
1.098900E+2	-1.508947E+1	2.143100E+0	-1.508904E+1	1.003309E-1	2.410360E+3	-1.894304E+3	4.693396E+3	-2.873580E+3	7.235880E+3	-1.072590E+4	8.529050E+3	-1.717122E+4
1.099000E+2	-1.508942E+1	2.023568E+0	-1.508900E+1	1.003314E-1	2.409929E+3	-1.893874E+3	4.693610E+3	-2.873364E+3	7.235880E+3	-1.072633E+4	8.528619E+3	-1.717144E+4
1.099100E+2	-1.508938E+1	1.998584E+0	-1.508895E+1	1.003318E-1	2.409497E+3	-1.893444E+3	4.693825E+3	-2.873149E+3	7.235880E+3	-1.072676E+4	8.528187E+3	-1.717166E+4
1.099200E+2	-1.508937E+1	2.148608E+0	-1.508895E+1	1.003319E-1	2.409066E+3	-1.893014E+3	4.694039E+3	-2.872933E+3	7.235880E+3	-1.072719E+4	8.527756E+3	-1.717189E+4
1.099300E+2	-1.508940E+1	2.158852E+0	-1.508897E+1	1.003316E-1	2.408635E+3	-1.892584E+3	4.694254E+3	-2.872717E+3	7.235880E+3	-1.072763E+4	8.527325E+3	-1.717211E+4
1.099400E+2	-1.508936E+1	2.099141E+0	-1.508894E+1	1.003320E-1	2.408260E+3	-1.897750E+3	4.692398E+3	-2.872935E+3	7.235678E+3	-1.072599E+4	8.528395E+3	-1.717209E+4
1.099500E+2	-1.508937E+1	2.103278E+0	-1.508894E+1	1.003319E-1	2.408260E+3	-1.897750E+3	4.690848E+3	-2.876035E+3	7.234128E+3	-1.072440E+4	8.525295E+3	-1.717050E+4
1.099600E+2	-1.508937E+1	2.315434E+0	-1.508894E+1	1.003319E-1	2.408260E+3	-1.897610E+3	4.690890E+3	-2.876370E+3	7.234030E+3	-1.072430E+4	8.524820E+3	-1.717054E+4
1.099700E+2	-1.508935E+1	2.210531E+0	-1.508892E+1	1.003321E-1	2.408260E+3	-1.897460E+3	4.691040E+3	-2.876520E+3	7.234030E+3	-1.072430E+4	8.524520E+3	-1.717070E+4
1.099800E+2	-1.508936E+1	2.127998E+0	-1.508893E+1	1.003320E-1	2.408260E+3	-1.897311E+3	4.691189E+3	-2.876669E+3	7.234030E+3	-1.072430E+4	8.524221E+3	-1.717085E+4
1.099900E+2	-1.508936E+1	1.962368E+0	-1.508893E+1	1.003320E-1	2.408260E+3	-1.897161E+3	4.691339E+3	-2.876819E+3	7.234030E+3	-1.072430E+4	8.523922E+3	-1.717100E+4
1.100000E+2	-1.508934E+1	2.139316E+0	-1.508891E+1	1.003323E-1	2.408260E+3	-1.897011E+3	4.691489E+3	-2.876969E+3	7.234030E+3	-1.072430E+4	8.523623E+3	-1.717116E+4
1.100100E+2	-1.508935E+1	2.203157E+0	-1.508893E+1	1.003321E-1	2.408260E+3	-1.896862E+3	4.691638E+3	-2.877118E+3	7.234030E+3	-1.072430E+4	8.523324E+3	-1.717131E+4
1.100200E+2	-1.508935E+1	2.123198E+0	-1.508892E+1	1.003321E-1	2.408260E+3	-1.896712E+3	4.691788E+3	-2.877268E+3	7.234030E+3	-1.072430E+4	8.523025E+3	-1.717147E+4
1.100300E+2	-1.508934E+1	2.152206E+0	-1.508891E+1	1.003322E-1	2.408260E+3	-1.896563E+3	4.691937E+3	-2.877417E+3	7.234030E+3	-1.072430E+4	8.522725E+3	-1.717162E+4
1.100400E+2	-1.508931E+1	2.173976E+0	-1.508888E+1	1.003325E-1	2.408260E+3	-1.896413E+3	4.692087E+3	-2.877567E+3	7.234030E+3	-1.072430E+4	8.522426E+3	-1.717177E+4
1.100500E+2	-1.508932E+1	2.226861E+0	-1.508890E+1	1.003324E-1	2.408260E+3	-1.896263E+3	4.692237E+3	-2.877717E+3	7.234030E+3	-1.072430E+4	8.522127E+3	-1.717193E+4
1.100600E+2	-1.508940E+1	2.132894E+0	-1.508898E+1	1.003316E-1	2.408260E+3	-1.896114E+3	4.692386E+3	-2.877866E+3	7.234030E+3	-1.072430E+4	8.521828E+3	-1.717208E+4
1.100700E+2	-1.508941E+1	1.978775E+0	-1.508898E+1	1.003315E-1	2.408260E+3	-1.895964E+3	4.692536E+3	-2.878016E+3	7.234030E+3	-1.072430E+4	8.521529E+3	-1.717223E+4
1.100800E+2	-1.508936E+1	2.055922E+0	-1.508893E+1	1.003320E-1	2.406801E+3	-1.894441E+3	4.692989E+3	-2.874771E+3	7.235489E+3	-1.072470E+4	8.528017E+3	-1.717080E+4
1.100900E+2	-1.508938E+1	2.210064E+0	-1.508895E+1	1.003318E-1	2.407488E+3	-1.895128E+3	4.693672E+3	-2.875458E+3	7.234802E+3	-1.072541E+4	8.526645E+3	-1.717151E+4
1.101000E+2	-1.508936E+1	2.173878E+0	-1.508893E+1	1.003320E-1	2.408174E+3	-1.895814E+3	4.694354E+3	-2.876144E+3	7.234116E+3	-1.072611E+4	8.525273E+3	-1.717221E+4
1.101100E+2	-1.508936E+1	2.076906E+0	-1.508893E+1	1.003320E-1	2.409967E+3	-1.895046E+3	4.693591E+3	-2.876230E+3	7.234030E+3	-1.072532E+4	8.525100E+3	-1.717230E+4
1.101200E+2	-1.508929E+1	2.046749E+0	-1.508886E+1	1.003327E-1	2.411920E+3	-1.894070E+3	4.692620E+3	-2.876230E+3	7.234030E+3	-1.072432E+4	8.525100E+3	-1.717230E+4
1.101300E+2	-1.508927E+1	2.227093E+0	-1.508884E+1	1.003330E-1	2.411540E+3	-1.895310E+3	4.692180E+3	-2.876230E+3	7.233610E+3	-1.072473E+4	8.524260E+3	-1.717314E+4
1.101400E+2	-1.508924E+1	2.206801E+0	-1.508881E+1	1.003332E-1	2.411111E+3	-1.896596E+3	4.691751E+3	-2.876230E+3	7.233181E+3	-1.072517E+4	8.523403E+3	-1.717400E+4
1.101500E+2	-1.508928E+1	2.180045E+0	-1.508885E+1	1.003328E-1	2.410682E+3	-1.897883E+3	4.691322E+3	-2.876230E+3	7.232752E+3	-1.072561E+4	8.522545E+3	-1.717486E+4
1.101600E+2	-1.508930E+1	2.121980E+0	-1.508888E+1	1.003326E-1	2.410254E+3	-1.899169E+3	4.690894E+3	-2.876230E+3	7.232324E+3	-1.072605E+4	8.521687E+3	-1.717571E+4
1.101700E+2	-1.508934E+1	2.188890E+0	-1.508891E+1	1.003322E-1	2.410521E+3	-1.899600E+3	4.690750E+3	-2.876230E+3	7.232591E+3	-1.072578E+4	8.521811E+3	-1.717518E+4
1.101800E+2	-1.508929E+1	2.239465E+0	-1.508887E+1	1.003327E-1	2.411139E+3	-1.899600E+3	4.690750E+3	-2.876230E+3	7.233209E+3	-1.072514E+4	8.522429E+3	-1.717394E+4
1.101900E+2	-1.508932E+1	2.058140E+0	-1.508889E+1	1.003325E-1	2.411758E+3	-1.899600E+3	4.690750E+3	-2.876230E+3	7.233828E+3	-1.072451E+4	8.523048E+3	-1.717270E+4
1.102000E+2	-1.508938E+1	1.917692E+0	-1.508895E+1	1.003318E-1	2.411128E+3	-1.899045E+3	4.691027E+3	-2.876230E+3	7.233753E+3	-1.072430E+4	8.523527E+3	-1.717257E+4
1.102100E+2	-1.508933E+1	2.060607E+0	-1.508890E+1	1.003323E-1	2.409891E+3	-1.898221E+3	4.691440E+3	-2.876230E+3	7.233340E+3	-1.072430E+4	8.523940E+3	-1.717297E+4
1.102200E+2	-1.508930E+1	2.160756E+0	-1.508888E+1	1.003326E-1	2.408654E+3	-1.897396E+3	4.691852E+3	-2.876230E+3	7.232928E+3	-1.072430E+4	8.524352E+3	-1.717337E+4
1.102300E+2	-1.508934E+1	2.111717E+0	-1.508892E+1	1.003322E-1	2.407418E+3	-1.896572E+3	4.692264E+3	-2.876230E+3	7.232516E+3	-1.072430E+4	8.524764E+3	-1.717377E+4
1.102400E+2	-1.508932E+1	2.110570E+0	-1.508889E+1	1.003324E-1	2.406410E+3	-1.895829E+3	4.692529E+3	-2.876230E+3	7.232180E+3	-1.072430E+4	8.525100E+3	-1.717396E+4
1.102500E+2	-1.508934E+1	2.083393E+0	-1.508891E+1	1.003322E-1	2.406410E+3	-1.895442E+3	4.692142E+3	-2.876230E+3	7.232180E+3	-1.072430E+4	8.525100E+3	-1.717318E+4
1.102600E+2	-1.508933E+1	2.283031E+0	-1.508890E+1	1.003323E-1	2.406410E+3	-1.895056E+3	4.691756E+3	-2.876230E+3	7.232180E+3	-1.072430E+4	8.525100E+3	-1.717241E+4
1.102700E+2	-1.508932E+1	2.095182E+0	-1.508889E+1	1.003324E-1	2.406410E+3	-1.894669E+3	4.691369E+3	-2.876230E+3	7.232180E+3	-1.072430E+4	8.525100E+3	-1.717164E+4
1.102800E+2	-1.508931E+1	2.097486E+0	-1.508889E+1	1.003325E-1	2.406410E+3	-1.894283E+3	4.690983E+3	-2.876230E+3	7.232180E+3	-1.072430E+4	8.525100E+3	-1.717087E+4
1.102900E+2	-1.508930E+1	1.991531E+0	-1.508887E+1	1.003326E-1	2.406494E+3	-1.894134E+3	4.690834E+3	-2.876230E+3	7.232096E+3	-1.072439E+4	8.524932E+3	-1.717065E+4
1.103000E+2	-1.508925E+1	2.108949E+0	-1.508882E+1	1.003331E-1	2.406705E+3	-1.894345E+3	4.691045E+3	-2.876230E+3	7.231885E+3	-1.072460E+4	8.524511E+3	-1.717129E+4
1.103100E+2	-1.508925E+1	2.201699E+0	-1.508883E+1	1.003331E-1	2.406915E+3	-1.894555E+3	4.691255E+3	-2.876230E+3	7.231675E+3	-1.072482E+4	8.524089E+3	-1.717193E+4
1.103200E+2	-1.508924E+1	2.088910E+0	-1.508881E+1	1.003332E-1	2.407126E+3	-1.894766E+3	4.691466E+3	-2.876230E+3	7.231464E+3	-1.072504E+4	8.523668E+3	-1.717257E+4
1.103300E+2	-1.508926E+1	2.096768E+0	-1.508884E+1	1.003330E-1	2.407337E+3	-1.894977E+3	4.691677E+3	-2.876230E+3	7.231253E+3	-1.072525E+4	8.523246E+3	-1.717321E+4
1.103400E+2	-1.508927E+1	2.198758E+0	-1.508884E+1	1.003329E-1	2.407548E+3	-1.895188E+3	4.691888E+3	-2.876230E+3	7.231042E+3	-1.072547E+4	8.522824E+3	-1.717384E+4
1.103500E+2	-1.508926E+1	2.246022E+0	-1.508883E+1	1.003330E-1	2.407759E+3	-1.895399E+3	4.692099E+3	-2.876230E+3	7.230831E+3	-1.072569E+4	8.522403E+3	-1.717448E+4
1.103600E+2	-1.508928E+1	2.161087E+0	-1.508885E+1	1.003328E-1	2.407969E+3	-1.895609E+3	4.692309E+3	-2.876230E+3	7.230621E+3	-1.072590E+4	8.521981E+3	-1.717512E+4
1.103700E+2	-1.508929E+1	2.088470E+0	-1.508886E+1	1.003327E-1	2.408180E+3	-1.895820E+3	4.692520E+3	-2.876230E+3	7.230410E+3	-1.072612E+4	8.521560E+3	-1.717576E+4
1.103800E+2	-1.508931E+1	2.146240E+0	-1.508888E+1	1.003325E-1	2.409750E+3	-1.901090E+3	4.692240E+3	-2.876590E+3	7.232180E+3	-1.072620E+4	8.522530E+3	-1.717302E+4
1.103900E+2	-1.508929E+1	2.219301E+0	-1.508887E+1	1.003327E-1	2.409170E+3	-1.900510E+3	4.691660E+3	-2.877170E+3	7.232180E+3	-1.072620E+4	8.521370E+3	-1.717418E+4
1.104000E+2	-1.508927E+1	2.071803E+0	-1.508884E+1	1.003329E-1	2.408591E+3	-1.899931E+3	4.691081E+3	-2.877749E+3	7.232180E+3	-1.072620E+4	8.520211E+3	-1.717534E+4
1.104100E+2	-1.508927E+1	2.065081E+0	-1.508884E+1	1.003330E-1	2.408260E+3	-1.899489E+3	4.690695E+3	-2.878025E+3	7.232235E+3	-1.072620E+4	8.519661E+3	-1.717583E+4
1.104200E+2	-1.508923E+1	2.058279E+0	-1.508880E+1	1.003333E-1	2.408260E+3	-1.899232E+3	4.690566E+3	-2.877896E+3	7.232364E+3	-1.072620E+4	8.519918E+3	-1.717544E+4
1.104300E+2	-1.508923E+1	2.315398E+0	-1.508881E+1	1.003333E-1	2.408260E+3	-1.898974E+3	4.690437E+3	-2.877767E+3	7.232493E+3	-1.072620E+4	8.520176E+3	-1.717505E+4
1.104400E+2	-1.508923E+1	2.132890E+0	-1.508880E+1	1.003333E-1	2.408260E+3	-1.898716E+3	4.690308E+3	-2.877638E+3	7.232622E+3	-1.072620E+4	8.520434E+3	-1.717466E+4
1.104500E+2	-1.508925E+1	2.049535E+0	-1.508882E+1	1.003331E-1	2.408260E+3	-1.898459E+3	4.690179E+3	-2.877509E+3	7.232751E+3	-1.072620E+4	8.520691E+3	-1.717427E+4
1.104600E+2	-1.508926E+1	2.096820E+0	-1.508884E+1	1.003330E-1	2.408260E+3	-1.898201E+3	4.690051E+3	-2.877381E+3	7.232879E+3	-1.072620E+4	8.520949E+3	-1.717388E+4
1.104700E+2	-1.508927E+1	2.238411E+0	-1.508884E+1	1.003329E-1	2.408260E+3	-1.897944E+3	4.689922E+3	-2.877252E+3	7.233008E+3	-1.072620E+4	8.521206E+3	-1.717349E+4
1.104800E+2	-1.508928E+1	2.207950E+0	-1.508885E+1	1.003329E-1	2.408260E+3	-1.897686E+3	4.689793E+3	-2.877123E+3	7.233137E+3	-1.072620E+4	8.521464E+3	-1.717310E+4
1.104900E+2	-1.508928E+1	2.077841E+0	-1.508885E+1	1.003328E-1	2.408260E+3	-1.897428E+3	4.689664E+3	-2.876994E+3	7.233266E+3	-1.072620E+4	8.521722E+3	-1.717271E+4
1.105000E+2	-1.508928E+1	2.041477E+0	-1.508885E+1	1.003328E-1	2.408260E+3	-1.897171E+3	4.689535E+3	-2.876865E+3	7.233395E+3	-1.072620E+4	8.521979E+3	-1.717232E+4
1.105100E+2	-1.508929E+1	2.142739E+0	-1.508886E+1	1.003327E-1	2.408260E+3	-1.896913E+3	4.689406E+3	-2.876736E+3	7.233524E+3	-1.072620E+4	8.522237E+3	-1.717193E+4
1.105200E+2	-1.508930E+1	2.200244E+0	-1.508888E+1	1.003326E-1	2.408260E+3	-1.896655E+3	4.689278E+3	-2.876608E+3	7.233652E+3	-1.072620E+4	8.522495E+3	-1.717154E+4
1.105300E+2	-1.508929E+1	2.093577E+0	-1.508886E+1	1.003327E-1	2.408260E+3	-1.896398E+3	4.689149E+3	-2.876479E+3	7.233781E+3	-1.072620E+4	8.522752E+3	-1.717115E+4
1.105400E+2	-1.508929E+1	1.980024E+0	-1.508886E+1	1.003327E-1	2.408260E+3	-1.896140E+3	4.689020E+3	-2.876350E+3	7.233910E+3	-1.072620E+4	8.523010E+3	-1.717076E+4
1.105500E+2	-1.508931E+1	2.074630E+0	-1.508888E+1	1.003326E-1	2.408260E+3	-1.895900E+3	4.688900E+3	-2.876314E+3	7.233862E+3	-1.072620E+4	8.523166E+3	-1.717065E+4
1.105600E+2	-1.508931E+1	2.282627E+0	-1.508888E+1	1.003325E-1	2.408260E+3	-1.895900E+3	4.688900E+3	-2.877551E+3	7.231388E+3	-1.072620E+4	8.521929E+3	-1.717440E+4
1.105700E+2	-1.508929E+1	2.253202E+0	-1.508886E+1	1.003327E-1	2.407421E+3	-1.897245E+3	4.691255E+3	-2.876735E+3	7.232180E+3	-1.072620E+4	8.524089E+3	-1.717279E+4
1.105800E+2	-1.508928E+1	2.159548E+0	-1.508886E+1	1.003328E-1	2.409187E+3	-1.896361E+3	4.692139E+3	-2.877619E+3	7.232180E+3	-1.072620E+4	8.522323E+3	-1.717365E+4
1.105900E+2	-1.508927E+1	2.075313E+0	-1.508884E+1	1.003330E-1	2.410110E+3	-1.896366E+3	4.692367E+3	-2.877847E+3	7.232413E+3	-1.072620E+4	8.522333E+3	-1.717387E+4
1.106000E+2	-1.508925E+1	2.161399E+0	-1.508883E+1	1.003331E-1	2.410110E+3	-1.897343E+3	4.691879E+3	-2.877359E+3	7.232901E+3	-1.072620E+4	8.524286E+3	-1.717340E+4
1.106100E+2	-1.508927E+1	2.192476E+0	-1.508884E+1	1.003330E-1	2.410110E+3	-1.898319E+3	4.691390E+3	-2.876870E+3	7.233390E+3	-1.072620E+4	8.526238E+3	-1.717292E+4
1.106200E+2	-1.508928E+1	2.005454E+0	-1.508885E+1	1.003328E-1	2.410110E+3	-1.899295E+3	4.690902E+3	-2.876382E+3	7.233878E+3	-1.072620E+4	8.528191E+3	-1.717245E+4
1.106300E+2	-1.508930E+1	1.955827E+0	-1.508887E+1	1.003326E-1	2.410295E+3	-1.899600E+3	4.690565E+3	-2.876415E+3	7.234030E+3	-1.072620E+4	8.528060E+3	-1.717248E+4
1.106400E+2	-1.508927E+1	2.178837E+0	-1.508885E+1	1.003329E-1	2.410564E+3	-1.899600E+3	4.690296E+3	-2.876684E+3	7.234030E+3	-1.072620E+4	8.526985E+3	-1.717274E+4
1.106500E+2	-1.508928E+1	2.236683E+0	-1.508885E+1	1.003329E-1	2.410833E+3	-1.899600E+3	4.690027E+3	-2.876953E+3	7.234030E+3	-1.072620E+4	8.525910E+3	-1.717300E+4
1.106600E+2	-1.508929E+1	2.126751E+0	-1.508886E+1	1.003328E-1	2.411101E+3	-1.899600E+3	4.689759E+3	-2.877221E+3	7.234030E+3	-1.072620E+4	8.524834E+3	-1.717326E+4
1.106700E+2	-1.508927E+1	2.124838E+0	-1.508885E+1	1.003329E-1	2.411370E+3	-1.899600E+3	4.689490E+3	-2.877490E+3	7.234030E+3	-1.072620E+4	8.523759E+3	-1.717353E+4
1.106800E+2	-1.508924E+1	2.133400E+0	-1.508882E+1	1.003332E-1	2.411639E+3	-1.899600E+3	4.689221E+3	-2.877759E+3	7.234030E+3	-1.072620E+4	8.522684E+3	-1.717379E+4
1.106900E+2	-1.508925E+1	2.333808E+0	-1.508882E+1	1.003331E-1	2.411908E+3	-1.899600E+3	4.688952E+3	-2.878028E+3	7.234030E+3	-1.072620E+4	8.521608E+3	-1.717405E+4
1.107000E+2	-1.508925E+1	2.200848E+0	-1.508883E+1	1.003331E-1	2.407998E+3	-1.896702E+3	4.688900E+3	-2.874642E+3	7.235355E+3	-1.072457E+4	8.526950E+3	-1.716912E+4
1.107100E+2	-1.508926E+1	2.160142E+0	-1.508883E+1	1.003331E-1	2.407672E+3	-1.895402E+3	4.688900E+3	-2.874968E+3	7.234704E+3	-1.072490E+4	8.526950E+3	-1.716978E+4
1.107200E+2	-1.508924E+1	2.021500E+0	-1.508881E+1	1.003332E-1	2.407347E+3	-1.894102E+3	4.688900E+3	-2.875293E+3	7.234054E+3	-1.072524E+4	8.526950E+3	-1.717043E+4
1.107300E+2	-1.508925E+1	2.230960E+0	-1.508882E+1	1.003331E-1	2.407021E+3	-1.892802E+3	4.688900E+3	-2.875619E+3	7.233403E+3	-1.072557E+4	8.526950E+3	-1.717108E+4
1.107400E+2	-1.508923E+1	2.107940E+0	-1.508880E+1	1.003333E-1	2.406696E+3	-1.891502E+3	4.688900E+3	-2.875944E+3	7.232752E+3	-1.072591E+4	8.526950E+3	-1.717173E+4
1.107500E+2	-1.508922E+1	2.042144E+0	-1.508880E+1	1.003334E-1	2.406410E+3	-1.890439E+3	4.688900E+3	-2.876270E+3	7.232220E+3	-1.072620E+4	8.526990E+3	-1.717226E+4
1.107600E+2	-1.508913E+1	2.032059E+0	-1.508870E+1	1.003344E-1	2.406410E+3	-1.891088E+3	4.688900E+3	-2.876595E+3	7.232545E+3	-1.072620E+4	8.527315E+3	-1.717193E+4
1.107700E+2	-1.508912E+1	2.155963E+0	-1.508869E+1	1.003345E-1	2.406410E+3	-1.891737E+3	4.688900E+3	-2.876920E+3	7.232870E+3	-1.072620E+4	8.527640E+3	-1.717159E+4
1.107800E+2	-1.508912E+1	2.222826E+0	-1.508869E+1	1.003344E-1	2.406410E+3	-1.892386E+3	4.688900E+3	-2.877246E+3	7.233196E+3	-1.072620E+4	8.527966E+3	-1.717126E+4
1.107900E+2	-1.508918E+1	2.193440E+0	-1.508875E+1	1.003338E-1	2.406410E+3	-1.893035E+3	4.688900E+3	-2.877571E+3	7.233521E+3	-1.072620E+4	8.528291E+3	-1.717092E+4
1.108000E+2	-1.508919E+1	2.057950E+0	-1.508876E+1	1.003337E-1	2.406410E+3	-1.893684E+3	4.688900E+3	-2.877897E+3	7.233847E+3	-1.072620E+4	8.528617E+3	-1.717059E+4
1.108100E+2	-1.508919E+1	2.211217E+0	-1.508876E+1	1.003337E-1	2.408436E+3	-1.894725E+3	4.690250E+3	-2.878080E+3	7.233355E+3	-1.072620E+4	8.526099E+3	-1.717175E+4
1.108200E+2	-1.508919E+1	2.180399E+0	-1.508876E+1	1.003337E-1	2.411789E+3	-1.895814E+3	4.692600E+3	-2.878080E+3	7.232180E+3	-1.072620E+4	8.521571E+3	-1.717410E+4
1.108300E+2	-1.508917E+1	2.079908E+0	-1.508874E+1	1.003340E-1	2.411075E+3	-1.895458E+3	4.692600E+3	-2.878080E+3	7.232180E+3	-1.072620E+4	8.522285E+3	-1.717410E+4
1.108400E+2	-1.508916E+1	2.007585E+0	-1.508873E+1	1.003340E-1	2.410362E+3	-1.895101E+3	4.692600E+3	-2.878080E+3	7.232180E+3	-1.072620E+4	8.522998E+3	-1.717410E+4
1.108500E+2	-1.508918E+1	2.095136E+0	-1.508875E+1	1.003339E-1	2.409648E+3	-1.894744E+3	4.692600E+3	-2.878080E+3	7.232180E+3	-1.072620E+4	8.523712E+3	-1.717410E+4
1.108600E+2	-1.508919E+1	2.274410E+0	-1.508876E+1	1.003338E-1	2.408935E+3	-1.894388E+3	4.692600E+3	-2.878080E+3	7.232180E+3	-1.072620E+4	8.524425E+3	-1.717410E+4
1.108700E+2	-1.508920E+1	2.201680E+0	-1.508877E+1	1.003336E-1	2.408337E+3	-1.894088E+3	4.692562E+3	-2.878118E+3	7.232180E+3	-1.072620E+4	8.525023E+3	-1.717414E+4
1.108800E+2	-1.508923E+1	2.201132E+0	-1.508880E+1	1.003333E-1	2.409764E+3	-1.894802E+3	4.691848E+3	-2.878832E+3	7.232180E+3	-1.072620E+4	8.523596E+3	-1.717487E+4
1.108900E+2	-1.508922E+1	2.050506E+0	-1.508879E+1	1.003335E-1	2.411191E+3	-1.895515E+3	4.691135E+3	-2.879545E+3	7.232180E+3	-1.072620E+4	8.522169E+3	-1.717560E+4
1.109000E+2	-1.508920E+1	2.207621E+0	-1.508877E+1	1.003337E-1	2.411596E+3	-1.895900E+3	4.690750E+3	-2.879566E+3	7.232362E+3	-1.072601E+4	8.521946E+3	-1.717545E+4
1.109100E+2	-1.508917E+1	2.109925E+0	-1.508874E+1	1.003340E-1	2.410807E+3	-1.895900E+3	4.690750E+3	-2.878777E+3	7.232757E+3	-1.072561E+4	8.523130E+3	-1.717425E+4
1.109200E+2	-1.508919E+1	2.064057E+0	-1.508876E+1	1.003337E-1	2.410018E+3	-1.895900E+3	4.690750E+3	-2.877988E+3	7.233151E+3	-1.072520E+4	8.524314E+3	-1.717306E+4
1.109300E+2	-1.508921E+1	2.044336E+0	-1.508878E+1	1.003335E-1	2.409228E+3	-1.895900E+3	4.690750E+3	-2.877198E+3	7.233546E+3	-1.072480E+4	8.525498E+3	-1.717187E+4
1.109400E+2	-1.508921E+1	2.169298E+0	-1.508879E+1	1.003335E-1	2.408439E+3	-1.895900E+3	4.690750E+3	-2.876409E+3	7.233941E+3	-1.072439E+4	8.526682E+3	-1.717067E+4
1.109500E+2	-1.508921E+1	2.256494E+0	-1.508878E+1	1.003336E-1	2.408260E+3	-1.895461E+3	4.690750E+3	-2.876669E+3	7.233591E+3	-1.072430E+4	8.526950E+3	-1.717085E+4
1.109600E+2	-1.508920E+1	2.248847E+0	-1.508877E+1	1.003337E-1	2.408260E+3	-1.894893E+3	4.690750E+3	-2.877237E+3	7.233023E+3	-1.072430E+4	8.526950E+3	-1.717143E+4
1.109700E+2	-1.508919E+1	2.144093E+0	-1.508876E+1	1.003338E-1	2.408260E+3	-1.894325E+3	4.690750E+3	-2.877805E+3	7.232455E+3	-1.072430E+4	8.526950E+3	-1.717202E+4
1.109800E+2	-1.508918E+1	2.156519E+0	-1.508875E+1	1.003338E-1	2.408379E+3	-1.893932E+3	4.690988E+3	-2.878199E+3	7.232299E+3	-1.072442E+4	8.527069E+3	-1.717230E+4
1.109900E+2	-1.508923E+1	2.241705E+0	-1.508880E+1	1.003333E-1	2.408610E+3	-1.893702E+3	4.691449E+3	-2.878430E+3	7.232530E+3	-1.072466E+4	8.527300E+3	-1.717230E+4
1.110000E+2	-1.508919E+1	2.157623E+0	-1.508876E+1	1.003337E-1	2.408841E+3	-1.893472E+3	4.691910E+3	-2.878661E+3	7.232761E+3	-1.072490E+4	8.527531E+3	-1.717230E+4
1.110100E+2	-1.508919E+1	2.127425E+0	-1.508876E+1	1.003337E-1	2.409073E+3	-1.893242E+3	4.692371E+3	-2.878893E+3	7.232993E+3	-1.072513E+4	8.527763E+3	-1.717230E+4
1.110200E+2	-1.508921E+1	2.081568E+0	-1.508878E+1	1.003335E-1	2.409304E+3	-1.893012E+3	4.692832E+3	-2.879124E+3	7.233224E+3	-1.072537E+4	8.527994E+3	-1.717230E+4
1.110300E+2	-1.508923E+1	2.252989E+0	-1.508880E+1	1.003333E-1	2.409535E+3	-1.892782E+3	4.693293E+3	-2.879355E+3	7.233455E+3	-1.072561E+4	8.528225E+3	-1.717230E+4
1.110400E+2	-1.508923E+1	2.156629E+0	-1.508880E+1	1.003334E-1	2.409766E+3	-1.892552E+3	4.693754E+3	-2.879586E+3	7.233686E+3	-1.072585E+4	8.528456E+3	-1.717230E+4
1.110500E+2	-1.508922E+1	2.086692E+0	-1.508879E+1	1.003334E-1	2.409997E+3	-1.892322E+3	4.694215E+3	-2.879817E+3	7.233917E+3	-1.072608E+4	8.528687E+3	-1.717230E+4
1.110600E+2	-1.508919E+1	2.152340E+0	-1.508876E+1	1.003338E-1	2.408260E+3	-1.895961E+3	4.694319E+3	-2.878019E+3	7.234030E+3	-1.072614E+4	8.523372E+3	-1.717404E+4
1.110700E+2	-1.508912E+1	2.293112E+0	-1.508869E+1	1.003344E-1	2.408260E+3	-1.896080E+3	4.694081E+3	-2.877900E+3	7.234030E+3	-1.072602E+4	8.523610E+3	-1.717393E+4
1.110800E+2	-1.508913E+1	2.248251E+0	-1.508871E+1	1.003343E-1	2.408260E+3	-1.896199E+3	4.693844E+3	-2.877781E+3	7.234030E+3	-1.072589E+4	8.523847E+3	-1.717381E+4
1.110900E+2	-1.508917E+1	2.043501E+0	-1.508874E+1	1.003339E-1	2.408260E+3	-1.896318E+3	4.693607E+3	-2.877662E+3	7.234030E+3	-1.072577E+4	8.524085E+3	-1.717369E+4
1.111000E+2	-1.508918E+1	1.919977E+0	-1.508875E+1	1.003339E-1	2.408260E+3	-1.896437E+3	4.693370E+3	-2.877543E+3	7.234030E+3	-1.072565E+4	8.524323E+3	-1.717358E+4
1.111100E+2	-1.508918E+1	2.135018E+0	-1.508875E+1	1.003339E-1	2.408260E+3	-1.896555E+3	4.693133E+3	-2.877425E+3	7.234030E+3	-1.072553E+4	8.524561E+3	-1.717346E+4
1.111200E+2	-1.508922E+1	2.118909E+0	-1.508879E+1	1.003335E-1	2.408260E+3	-1.896674E+3	4.692896E+3	-2.877306E+3	7.234030E+3	-1.072540E+4	8.524799E+3	-1.717335E+4
1.111300E+2	-1.508922E+1	2.114200E+0	-1.508879E+1	1.003334E-1	2.408260E+3	-1.896793E+3	4.692658E+3	-2.877187E+3	7.234030E+3	-1.072528E+4	8.525036E+3	-1.717323E+4
1.111400E+2	-1.508918E+1	1.997421E+0	-1.508875E+1	1.003338E-1	2.408260E+3	-1.896912E+3	4.692421E+3	-2.877068E+3	7.234030E+3	-1.072516E+4	8.525274E+3	-1.717312E+4
1.111500E+2	-1.508920E+1	2.102063E+0	-1.508877E+1	1.003337E-1	2.408260E+3	-1.897031E+3	4.692184E+3	-2.876949E+3	7.234030E+3	-1.072504E+4	8.525512E+3	-1.717300E+4
1.111600E+2	-1.508921E+1	2.137852E+0	-1.508878E+1	1.003336E-1	2.408260E+3	-1.897150E+3	4.691947E+3	-2.876830E+3	7.234030E+3	-1.072492E+4	8.525750E+3	-1.717288E+4
1.111700E+2	-1.508922E+1	2.092323E+0	-1.508879E+1	1.003334E-1	2.408260E+3	-1.897269E+3	4.691710E+3	-2.876711E+3	7.234030E+3	-1.072479E+4	8.525988E+3	-1.717277E+4
1.111800E+2	-1.508925E+1	2.236714E+0	-1.508882E+1	1.003331E-1	2.408260E+3	-1.897388E+3	4.691472E+3	-2.876592E+3	7.234030E+3	-1.072467E+4	8.526226E+3	-1.717265E+4
1.111900E+2	-1.508935E+1	2.190853E+0	-1.508892E+1	1.003322E-1	2.408260E+3	-1.897507E+3	4.691235E+3	-2.876473E+3	7.234030E+3	-1.072455E+4	8.526463E+3	-1.717254E+4
1.112000E+2	-1.508963E+1	2.180081E+0	-1.508920E+1	1.003293E-1	2.408260E+3	-1.897626E+3	4.690998E+3	-2.876354E+3	7.234030E+3	-1.072443E+4	8.526701E+3	-1.717242E+4
1.112100E+2	-1.509051E+1	2.089291E+0	-1.509008E+1	1.003203E-1	2.408260E+3	-1.897745E+3	4.690761E+3	-2.876235E+3	7.234030E+3	-1.072431E+4	8.526939E+3	-1.717231E+4
1.112200E+2	-1.509152E+1	2.188995E+0	-1.509110E+1	1.003099E-1	2.407474E+3	-1.896573E+3	4.690750E+3	-2.878080E+3	7.232180E+3	-1.072430E+4	8.525493E+3	-1.717230E+4
1.112300E+2	-1.509298E+1	2.269937E+0	-1.509256E+1	1.002950E-1	2.406649E+3	-1.895338E+3	4.690750E+3	-2.878080E+3	7.232180E+3	-1.072430E+4	8.525905E+3	-1.717230E+4
1.112400E+2	-1.509457E+1	2.131635E+0	-1.509414E+1	1.002789E-1	2.405825E+3	-1.894104E+3	4.690750E+3	-2.878080E+3	7.232180E+3	-1.072430E+4	8.526318E+3	-1.717230E+4
1.112500E+2	-1.509747E+1	1.998073E+0	-1.509704E+1	1.002493E-1	2.405000E+3	-1.892870E+3	4.690750E+3	-2.878080E+3	7.232180E+3	-1.072430E+4	8.526730E+3	-1.717230E+4
1.112600E+2	-1.510370E+1	2.159879E+0	-1.510327E+1	1.001857E-1	2.404992E+3	-1.892210E+3	4.690750E+3	-2.877648E+3	7.232612E+3	-1.072430E+4	8.527166E+3	-1.717208E+4
1.112700E+2	-1.511293E+1	2.192744E+0	-1.511250E+1	1.000915E-1	2.405919E+3	-1.892210E+3	4.690750E+3	-2.876721E+3	7.233539E+3	-1.072430E+4	8.527630E+3	-1.717160E+4
1.112800E+2	-1.512528E+1	2.167840E+0	-1.512485E+1	9.996547E-2	2.406847E+3	-1.892210E+3	4.690750E+3	-2.875793E+3	7.234467E+3	-1.072430E+4	8.528093E+3	-1.717113E+4
1.112900E+2	-1.514094E+1	2.028873E+0	-1.514051E+1	9.980572E-2	2.407774E+3	-1.892210E+3	4.690750E+3	-2.874866E+3	7.235394E+3	-1.072430E+4	8.528557E+3	-1.717065E+4
1.113000E+2	-1.515902E+1	2.107285E+0	-1.515859E+1	9.962123E-2	2.408555E+3	-1.892504E+3	4.690946E+3	-2.874282E+3	7.236371E+3	-1.072430E+4	8.529290E+3	-1.717030E+4
1.113100E+2	-1.517914E+1	2.125085E+0	-1.517871E+1	9.941587E-2	2.409173E+3	-1.893121E+3	4.691357E+3	-2.874076E+3	7.237401E+3	-1.072430E+4	8.530320E+3	-1.717010E+4
1.113200E+2	-1.520019E+1	2.098762E+0	-1.519976E+1	9.920106E-2	2.409791E+3	-1.893738E+3	4.691768E+3	-2.873870E+3	7.238432E+3	-1.072430E+4	8.531349E+3	-1.716990E+4
1.113300E+2	-1.522119E+1	2.082356E+0	-1.522076E+1	9.898680E-2	2.410409E+3	-1.894356E+3	4.692179E+3	-2.873664E+3	7.239462E+3	-1.072430E+4	8.532379E+3	-1.716970E+4
1.113400E+2	-1.524044E+1	2.027929E+0	-1.524002E+1	9.879032E-2	2.411028E+3	-1.894973E+3	4.692590E+3	-2.873457E+3	7.240493E+3	-1.072430E+4	8.533408E+3	-1.716950E+4
1.113500E+2	-1.525775E+1	2.055703E+0	-1.525732E+1	9.861378E-2	2.411646E+3	-1.895590E+3	4.693001E+3	-2.873251E+3	7.241524E+3	-1.072430E+4	8.534437E+3	-1.716930E+4
1.113600E+2	-1.527263E+1	2.139915E+0	-1.527220E+1	9.846188E-2	2.412264E+3	-1.896207E+3	4.693412E+3	-2.873045E+3	7.242554E+3	-1.072430E+4	8.535467E+3	-1.716910E+4
1.113700E+2	-1.528449E+1	2.077100E+0	-1.528406E+1	9.834086E-2	2.412883E+3	-1.896824E+3	4.693823E+3	-2.872839E+3	7.243585E+3	-1.072430E+4	8.536496E+3	-1.716890E+4
1.113800E+2	-1.529517E+1	2.108840E+0	-1.529474E+1	9.823193E-2	2.413501E+3	-1.897442E+3	4.694235E+3	-2.872633E+3	7.244615E+3	-1.072430E+4	8.537526E+3	-1.716870E+4
1.113900E+2	-1.530431E+1	2.145275E+0	-1.530388E+1	9.813866E-2	2.413810E+3	-1.903300E+3	4.696290E+3	-2.870680E+3	7.258385E+3	-1.072242E+4	8.551295E+3	-1.716285E+4
1.114000E+2	-1.531222E+1	2.174559E+0	-1.531179E+1	9.805793E-2	2.413810E+3	-1.903300E+3	4.696290E+3	-2.870680E+3	7.259899E+3	-1.072203E+4	8.552809E+3	-1.716209E+4
1.114100E+2	-1.532023E+1	2.073419E+0	-1.531980E+1	9.797620E-2	2.413810E+3	-1.903300E+3	4.696290E+3	-2.870680E+3	7.261413E+3	-1.072164E+4	8.554323E+3	-1.716133E+4
1.114200E+2	-1.532818E+1	1.980508E+0	-1.532776E+1	9.789502E-2	2.413810E+3	-1.903300E+3	4.696290E+3	-2.870680E+3	7.262927E+3	-1.072126E+4	8.555837E+3	-1.716058E+4
1.114300E+2	-1.533579E+1	2.129449E+0	-1.533537E+1	9.781738E-2	2.413810E+3	-1.903300E+3	4.696290E+3	-2.870680E+3	7.264442E+3	-1.072087E+4	8.557352E+3	-1.715982E+4
1.114400E+2	-1.534534E+1	2.161170E+0	-1.534491E+1	9.771999E-2	2.415660E+3	-1.899504E+3	4.700181E+3	-2.868734E+3	7.267521E+3	-1.071880E+4	8.564227E+3	-1.715731E+4
1.114500E+2	-1.535558E+1	2.104301E+0	-1.535516E+1	9.761543E-2	2.415660E+3	-1.899200E+3	4.700789E+3	-2.868430E+3	7.268129E+3	-1.071880E+4	8.565139E+3	-1.715670E+4
1.114600E+2	-1.536670E+1	2.038563E+0	-1.536627E+1	9.750202E-2	2.415660E+3	-1.898896E+3	4.701397E+3	-2.868126E+3	7.268737E+3	-1.071880E+4	8.566051E+3	-1.715609E+4
1.114700E+2	-1.537795E+1	2.051737E+0	-1.537753E+1	9.738716E-2	2.415660E+3	-1.898592E+3	4.702006E+3	-2.867822E+3	7.269346E+3	-1.071880E+4	8.566963E+3	-1.715548E+4
1.114800E+2	-1.538938E+1	2.183006E+0	-1.538895E+1	9.727059E-2	2.415660E+3	-1.898288E+3	4.702614E+3	-2.867518E+3	7.269954E+3	-1.071880E+4	8.567876E+3	-1.715488E+4
1.114900E+2	-1.540088E+1	2.115403E+0	-1.540045E+1	9.715325E-2	2.415660E+3	-1.897984E+3	4.703222E+3	-2.867214E+3	7.270562E+3	-1.071880E+4	8.568788E+3	-1.715427E+4
1.115000E+2	-1.541298E+1	2.070421E+0	-1.541256E+1	9.702972E-2	2.416135E+3	-1.897908E+3	4.703848E+3	-2.866980E+3	7.271504E+3	-1.071880E+4	8.569648E+3	-1.715380E+4
1.115100E+2	-1.542528E+1	2.048216E+0	-1.542486E+1	9.690422E-2	2.418196E+3	-1.898595E+3	4.704535E+3	-2.866980E+3	7.273562E+3	-1.071880E+4	8.570335E+3	-1.715380E+4
1.115200E+2	-1.543584E+1	2.069919E+0	-1.543542E+1	9.679646E-2	2.420257E+3	-1.899282E+3	4.705222E+3	-2.866980E+3	7.275619E+3	-1.071880E+4	8.571022E+3	-1.715380E+4
1.115300E+2	-1.544647E+1	2.091361E+0	-1.544605E+1	9.668798E-2	2.421210E+3	-1.900367E+3	4.705924E+3	-2.866213E+3	7.277337E+3	-1.071841E+4	8.572491E+3	-1.715380E+4
1.115400E+2	-1.545704E+1	2.025451E+0	-1.545661E+1	9.658014E-2	2.421210E+3	-1.901794E+3	4.706637E+3	-2.864786E+3	7.278764E+3	-1.071767E+4	8.574631E+3	-1.715380E+4
1.115500E+2	-1.546775E+1	1.971773E+0	-1.546733E+1	9.647084E-2	2.421210E+3	-1.903221E+3	4.707350E+3	-2.863359E+3	7.280191E+3	-1.071694E+4	8.576771E+3	-1.715380E+4
1.115600E+2	-1.547893E+1	2.095222E+0	-1.547850E+1	9.635678E-2	2.421575E+3	-1.903665E+3	4.707755E+3	-2.864010E+3	7.281000E+3	-1.071727E+4	8.577255E+3	-1.715380E+4
1.115700E+2	-1.548991E+1	2.093778E+0	-1.548948E+1	9.624473E-2	2.421962E+3	-1.904052E+3	4.708142E+3	-2.864783E+3	7.281773E+3	-1.071767E+4	8.577642E+3	-1.715380E+4
1.115800E+2	-1.550008E+1	2.107400E+0	-1.549965E+1	9.614102E-2	2.422348E+3	-1.904438E+3	4.708528E+3	-2.865556E+3	7.282546E+3	-1.071807E+4	8.578028E+3	-1.715380E+4
1.115900E+2	-1.551021E+1	1.947232E+0	-1.550978E+1	9.603762E-2	2.422734E+3	-1.904824E+3	4.708914E+3	-2.866329E+3	7.283319E+3	-1.071847E+4	8.578414E+3	-1.715380E+4
1.116000E+2	-1.552002E+1	2.116079E+0	-1.551959E+1	9.593756E-2	2.423060E+3	-1.905233E+3	4.709073E+3	-2.866813E+3	7.284220E+3	-1.071871E+4	8.579074E+3	-1.715355E+4
1.116100E+2	-1.552970E+1	2.195807E+0	-1.552928E+1	9.583870E-2	2.423060E+3	-1.905763E+3	4.708013E+3	-2.865753E+3	7.285810E+3	-1.071817E+4	8.581194E+3	-1.715194E+4
1.116200E+2	-1.554057E+1	2.063088E+0	-1.554014E+1	9.572783E-2	2.423060E+3	-1.906293E+3	4.706953E+3	-2.864693E+3	7.287400E+3	-1.071763E+4	8.583314E+3	-1.715034E+4
1.116300E+2	-1.555204E+1	2.017489E+0	-1.555161E+1	9.561082E-2	2.423060E+3	-1.906823E+3	4.705893E+3	-2.863633E+3	7.288990E+3	-1.071708E+4	8.585433E+3	-1.714873E+4
1.116400E+2	-1.556249E+1	2.047953E+0	-1.556206E+1	9.550413E-2	2.422522E+3	-1.907000E+3	4.705540E+3	-2.863280E+3	7.289789E+3	-1.071690E+4	8.586678E+3	-1.714820E+4
1.116500E+2	-1.557255E+1	2.109802E+0	-1.557212E+1	9.540153E-2	2.421716E+3	-1.907000E+3	4.705540E+3	-2.863280E+3	7.290192E+3	-1.071690E+4	8.587484E+3	-1.714820E+4
1.116600E+2	-1.558175E+1	2.109538E+0	-1.558132E+1	9.530765E-2	2.420909E+3	-1.907000E+3	4.705540E+3	-2.863280E+3	7.290595E+3	-1.071690E+4	8.588291E+3	-1.714820E+4
1.116700E+2	-1.559071E+1	2.018157E+0	-1.559029E+1	9.521613E-2	2.420103E+3	-1.907000E+3	4.705540E+3	-2.863280E+3	7.290999E+3	-1.071690E+4	8.589097E+3	-1.714820E+4
1.116800E+2	-1.560090E+1	2.002523E+0	-1.560047E+1	9.511222E-2	2.419385E+3	-1.906949E+3	4.705540E+3	-2.863255E+3	7.291421E+3	-1.071688E+4	8.589890E+3	-1.714818E+4
1.116900E+2	-1.561178E+1	2.077983E+0	-1.561135E+1	9.500119E-2	2.419705E+3	-1.906310E+3	4.705540E+3	-2.862935E+3	7.292060E+3	-1.071656E+4	8.590528E+3	-1.714786E+4
1.117000E+2	-1.562225E+1	2.167744E+0	-1.562182E+1	9.489432E-2	2.420025E+3	-1.905670E+3	4.705540E+3	-2.862615E+3	7.292700E+3	-1.071625E+4	8.591166E+3	-1.714755E+4
1.117100E+2	-1.563268E+1	2.073918E+0	-1.563226E+1	9.478787E-2	2.420345E+3	-1.905031E+3	4.705540E+3	-2.862295E+3	7.293339E+3	-1.071594E+4	8.591804E+3	-1.714724E+4
1.117200E+2	-1.564298E+1	1.948010E+0	-1.564255E+1	9.468285E-2	2.420665E+3	-1.904391E+3	4.705540E+3	-2.861975E+3	7.293979E+3	-1.071563E+4	8.592442E+3	-1.714693E+4
1.117300E+2	-1.565300E+1	2.122585E+0	-1.565258E+1	9.458054E-2	2.420984E+3	-1.903751E+3	4.705540E+3	-2.861656E+3	7.294619E+3	-1.071532E+4	8.593080E+3	-1.714662E+4
1.117400E+2	-1.566305E+1	2.133555E+0	-1.566262E+1	9.447801E-2	2.421280E+3	-1.903230E+3	4.705680E+3	-2.861500E+3	7.295000E+3	-1.071524E+4	8.593320E+3	-1.714654E+4
1.117500E+2	-1.567261E+1	2.055823E+0	-1.567218E+1	9.438044E-2	2.421518E+3	-1.902992E+3	4.706156E+3	-2.861738E+3	7.294762E+3	-1.071572E+4	8.592608E+3	-1.714702E+4
1.117600E+2	-1.568193E+1	1.972516E+0	-1.568150E+1	9.428536E-2	2.421756E+3	-1.902754E+3	4.706631E+3	-2.861976E+3	7.294524E+3	-1.071619E+4	8.591896E+3	-1.714749E+4
1.117700E+2	-1.569061E+1	2.068577E+0	-1.569018E+1	9.419682E-2	2.421994E+3	-1.902516E+3	4.707107E+3	-2.862214E+3	7.294286E+3	-1.071667E+4	8.591184E+3	-1.714797E+4
1.117800E+2	-1.569946E+1	2.169731E+0	-1.569903E+1	9.410646E-2	2.422231E+3	-1.902279E+3	4.707583E+3	-2.862451E+3	7.294049E+3	-1.071714E+4	8.590472E+3	-1.714844E+4
1.117900E+2	-1.570899E+1	2.097821E+0	-1.570857E+1	9.400921E-2	2.422469E+3	-1.902041E+3	4.708058E+3	-2.862689E+3	7.293811E+3	-1.071762E+4	8.589759E+3	-1.714892E+4
1.118000E+2	-1.571899E+1	2.019980E+0	-1.571856E+1	9.390723E-2	2.422707E+3	-1.901803E+3	4.708534E+3	-2.862927E+3	7.293573E+3	-1.071809E+4	8.589047E+3	-1.714939E+4
1.118100E+2	-1.572829E+1	2.073230E+0	-1.572786E+1	9.381233E-2	2.422945E+3	-1.901565E+3	4.709010E+3	-2.863165E+3	7.293335E+3	-1.071857E+4	8.588335E+3	-1.714987E+4
1.118200E+2	-1.573801E+1	2.089161E+0	-1.573759E+1	9.371309E-2	2.423060E+3	-1.901708E+3	4.709240E+3	-2.863022E+3	7.293737E+3	-1.071853E+4	8.588764E+3	-1.714958E+4
1.118300E+2	-1.574843E+1	2.130053E+0	-1.574801E+1	9.360676E-2	2.423060E+3	-1.902210E+3	4.709240E+3	-2.862520E+3	7.294739E+3	-1.071802E+4	8.590265E+3	-1.714858E+4
1.118400E+2	-1.575832E+1	1.989766E+0	-1.575789E+1	9.350585E-2	2.423060E+3	-1.902711E+3	4.709240E+3	-2.862019E+3	7.295742E+3	-1.071750E+4	8.591766E+3	-1.714758E+4
1.118500E+2	-1.576793E+1	2.005014E+0	-1.576751E+1	9.340778E-2	2.423060E+3	-1.903212E+3	4.709240E+3	-2.861518E+3	7.296745E+3	-1.071699E+4	8.593268E+3	-1.714658E+4
1.118600E+2	-1.577839E+1	2.127457E+0	-1.577797E+1	9.330103E-2	2.424965E+3	-1.905205E+3	4.709185E+3	-2.865019E+3	7.298936E+3	-1.071685E+4	8.593696E+3	-1.714804E+4
1.118700E+2	-1.578870E+1	2.076603E+0	-1.578827E+1	9.319589E-2	2.425042E+3	-1.905282E+3	4.709108E+3	-2.864867E+3	7.299165E+3	-1.071677E+4	8.593925E+3	-1.714781E+4
1.118800E+2	-1.579855E+1	2.068849E+0	-1.579812E+1	9.309537E-2	2.425118E+3	-1.905358E+3	4.709032E+3	-2.864714E+3	7.299394E+3	-1.071670E+4	8.594154E+3	-1.714758E+4
1.118900E+2	-1.580919E+1	1.999262E+0	-1.580876E+1	9.298680E-2	2.425194E+3	-1.905434E+3	4.708956E+3	-2.864561E+3	7.299623E+3	-1.071662E+4	8.594383E+3	-1.714735E+4
1.119000E+2	-1.582068E+1	2.088598E+0	-1.582025E+1	9.286957E-2	2.425271E+3	-1.905511E+3	4.708879E+3	-2.864409E+3	7.299852E+3	-1.071655E+4	8.594612E+3	-1.714713E+4
1.119100E+2	-1.583100E+1	2.158283E+0	-1.583057E+1	9.276429E-2	2.425347E+3	-1.905587E+3	4.708803E+3	-2.864256E+3	7.300081E+3	-1.071647E+4	8.594841E+3	-1.714690E+4
1.119200E+2	-1.583979E+1	2.007223E+0	-1.583936E+1	9.267457E-2	2.425423E+3	-1.905663E+3	4.708727E+3	-2.864103E+3	7.300310E+3	-1.071640E+4	8.595070E+3	-1.714667E+4
1.119300E+2	-1.584969E+1	2.004784E+0	-1.584926E+1	9.257352E-2	2.425500E+3	-1.905740E+3	4.708650E+3	-2.863951E+3	7.300539E+3	-1.071633E+4	8.595299E+3	-1.714645E+4
1.119400E+2	-1.586002E+1	2.041629E+0	-1.585959E+1	9.246815E-2	2.425576E+3	-1.905816E+3	4.708574E+3	-2.863798E+3	7.300768E+3	-1.071625E+4	8.595528E+3	-1.714622E+4
1.119500E+2	-1.587027E+1	2.156314E+0	-1.586984E+1	9.236355E-2	2.425652E+3	-1.905892E+3	4.708498E+3	-2.863645E+3	7.300997E+3	-1.071618E+4	8.595757E+3	-1.714599E+4
1.119600E+2	-1.588137E+1	2.096574E+0	-1.588094E+1	9.225026E-2	2.425729E+3	-1.905969E+3	4.708421E+3	-2.863493E+3	7.301226E+3	-1.071610E+4	8.595986E+3	-1.714577E+4
1.119700E+2	-1.589203E+1	1.947786E+0	-1.589161E+1	9.214145E-2	2.425805E+3	-1.906045E+3	4.708345E+3	-2.863340E+3	7.301455E+3	-1.071603E+4	8.596215E+3	-1.714554E+4
1.119800E+2	-1.590175E+1	2.016166E+0	-1.590132E+1	9.204232E-2	2.425881E+3	-1.906121E+3	4.708269E+3	-2.863187E+3	7.301684E+3	-1.071595E+4	8.596444E+3	-1.714531E+4
1.119900E+2	-1.591060E+1	2.113489E+0	-1.591018E+1	9.195196E-2	2.425958E+3	-1.906198E+3	4.708192E+3	-2.863035E+3	7.301913E+3	-1.071588E+4	8.596673E+3	-1.714509E+4
1.120000E+2	-1.591896E+1	2.088662E+0	-1.591853E+1	9.186673E-2	2.426034E+3	-1.906274E+3	4.708116E+3	-2.862882E+3	7.302142E+3	-1.071581E+4	8.596902E+3	-1.714486E+4
1.120100E+2	-1.592777E+1	2.003649E+0	-1.592734E+1	9.177677E-2	2.426110E+3	-1.906350E+3	4.708040E+3	-2.862729E+3	7.302371E+3	-1.071573E+4	8.597131E+3	-1.714463E+4
1.120200E+2	-1.593658E+1	1.895368E+0	-1.593615E+1	9.168688E-2	2.426187E+3	-1.906427E+3	4.707963E+3	-2.862577E+3	7.302600E+3	-1.071566E+4	8.597360E+3	-1.714440E+4
1.120300E+2	-1.594584E+1	2.053832E+0	-1.594542E+1	9.159237E-2	2.426263E+3	-1.906503E+3	4.707887E+3	-2.862424E+3	7.302829E+3	-1.071558E+4	8.597589E+3	-1.714418E+4
1.120400E+2	-1.595564E+1	2.048846E+0	-1.595521E+1	9.149244E-2	2.426339E+3	-1.906579E+3	4.707811E+3	-2.862271E+3	7.303058E+3	-1.071551E+4	8.597818E+3	-1.714395E+4
1.120500E+2	-1.596544E+1	2.033449E+0	-1.596502E+1	9.139236E-2	2.426416E+3	-1.906656E+3	4.707734E+3	-2.862119E+3	7.303287E+3	-1.071543E+4	8.598047E+3	-1.714372E+4
1.120600E+2	-1.597487E+1	1.942851E+0	-1.597444E+1	9.129618E-2	2.426492E+3	-1.906732E+3	4.707658E+3	-2.861966E+3	7.303516E+3	-1.071536E+4	8.598276E+3	-1.714350E+4
1.120700E+2	-1.598413E+1	2.065970E+0	-1.598371E+1	9.120166E-2	2.426568E+3	-1.906808E+3	4.707582E+3	-2.861813E+3	7.303745E+3	-1.071529E+4	8.598505E+3	-1.714327E+4
1.120800E+2	-1.599379E+1	2.188255E+0	-1.599336E+1	9.110312E-2	2.426645E+3	-1.906885E+3	4.707505E+3	-2.861660E+3	7.303974E+3	-1.071521E+4	8.598734E+3	-1.714304E+4
1.120900E+2	-1.600398E+1	2.061505E+0	-1.600355E+1	9.099918E-2	2.426721E+3	-1.906961E+3	4.707429E+3	-2.861508E+3	7.304203E+3	-1.071514E+4	8.598963E+3	-1.714282E+4
1.121000E+2	-1.601460E+1	1.908149E+0	-1.601418E+1	9.089073E-2	2.423165E+3	-1.905359E+3	4.709449E+3	-2.861430E+3	7.307811E+3	-1.071520E+4	8.608016E+3	-1.714280E+4
1.121100E+2	-1.602496E+1	2.061173E+0	-1.602453E+1	9.078511E-2	2.423378E+3	-1.905786E+3	4.709876E+3	-2.861430E+3	7.307384E+3	-1.071541E+4	8.607377E+3	-1.714301E+4
1.121200E+2	-1.603594E+1	2.117869E+0	-1.603551E+1	9.067305E-2	2.423591E+3	-1.906212E+3	4.710302E+3	-2.861430E+3	7.306958E+3	-1.071562E+4	8.606737E+3	-1.714322E+4
1.121300E+2	-1.604806E+1	2.123141E+0	-1.604763E+1	9.054933E-2	2.423804E+3	-1.906638E+3	4.710728E+3	-2.861430E+3	7.306532E+3	-1.071582E+4	8.606097E+3	-1.714342E+4
1.121400E+2	-1.605992E+1	1.989013E+0	-1.605949E+1	9.042833E-2	2.424017E+3	-1.907065E+3	4.711155E+3	-2.861430E+3	7.306105E+3	-1.071603E+4	8.605458E+3	-1.714363E+4
1.121500E+2	-1.607101E+1	2.035681E+0	-1.607058E+1	9.031518E-2	2.424231E+3	-1.907491E+3	4.711581E+3	-2.861430E+3	7.305679E+3	-1.071624E+4	8.604818E+3	-1.714384E+4
1.121600E+2	-1.608151E+1	2.097579E+0	-1.608108E+1	9.020804E-2	2.424444E+3	-1.907918E+3	4.712008E+3	-2.861430E+3	7.305252E+3	-1.071645E+4	8.604179E+3	-1.714405E+4
1.121700E+2	-1.609094E+1	2.067786E+0	-1.609051E+1	9.011177E-2	2.424657E+3	-1.908344E+3	4.712434E+3	-2.861430E+3	7.304826E+3	-1.071665E+4	8.603539E+3	-1.714425E+4
1.121800E+2	-1.609913E+1	2.031663E+0	-1.609870E+1	9.002821E-2	2.424870E+3	-1.908770E+3	4.712860E+3	-2.861430E+3	7.304400E+3	-1.071686E+4	8.602899E+3	-1.714446E+4
1.121900E+2	-1.610737E+1	1.926550E+0	-1.610694E+1	8.994414E-2	2.422417E+3	-1.904546E+3	4.707994E+3	-2.858334E+3	7.307981E+3	-1.071690E+4	8.609537E+3	-1.714391E+4
1.122000E+2	-1.611562E+1	2.036340E+0	-1.611519E+1	8.986001E-2	2.423901E+3	-1.903804E+3	4.708736E+3	-2.859076E+3	7.310207E+3	-1.071690E+4	8.611021E+3	-1.714319E+4
1.122100E+2	-1.612402E+1	2.124737E+0	-1.612359E+1	8.977422E-2	2.425026E+3	-1.903416E+3	4.709240E+3	-2.859580E+3	7.311953E+3	-1.071702E+4	8.612030E+3	-1.714281E+4
1.122200E+2	-1.613342E+1	2.002521E+0	-1.613299E+1	8.967833E-2	2.425390E+3	-1.903780E+3	4.709240E+3	-2.859580E+3	7.312680E+3	-1.071739E+4	8.612030E+3	-1.714317E+4
1.122300E+2	-1.614322E+1	1.971896E+0	-1.614279E+1	8.957830E-2	2.425754E+3	-1.904144E+3	4.709240E+3	-2.859580E+3	7.313408E+3	-1.071777E+4	8.612030E+3	-1.714352E+4
1.122400E+2	-1.615341E+1	2.035107E+0	-1.615299E+1	8.947431E-2	2.426118E+3	-1.904508E+3	4.709240E+3	-2.859580E+3	7.314135E+3	-1.071814E+4	8.612030E+3	-1.714387E+4
1.122500E+2	-1.616435E+1	2.116194E+0	-1.616392E+1	8.936275E-2	2.426481E+3	-1.904871E+3	4.709240E+3	-2.859580E+3	7.314863E+3	-1.071851E+4	8.612030E+3	-1.714423E+4
1.122600E+2	-1.617491E+1	2.084034E+0	-1.617449E+1	8.925493E-2	2.426760E+3	-1.905449E+3	4.709539E+3	-2.859431E+3	7.315719E+3	-1.071865E+4	8.612628E+3	-1.714420E+4
1.122700E+2	-1.618446E+1	1.918688E+0	-1.618403E+1	8.915749E-2	2.426760E+3	-1.906728E+3	4.710818E+3	-2.858791E+3	7.316998E+3	-1.071799E+4	8.615187E+3	-1.714292E+4
1.122800E+2	-1.619332E+1	2.068345E+0	-1.619289E+1	8.906711E-2	2.426760E+3	-1.908008E+3	4.712098E+3	-2.858151E+3	7.318278E+3	-1.071733E+4	8.617745E+3	-1.714164E+4
1.122900E+2	-1.620214E+1	2.101267E+0	-1.620171E+1	8.897712E-2	2.426889E+3	-1.908850E+3	4.712940E+3	-2.857730E+3	7.319379E+3	-1.071677E+4	8.619430E+3	-1.714067E+4
1.123000E+2	-1.621175E+1	2.066097E+0	-1.621132E+1	8.887907E-2	2.427268E+3	-1.908850E+3	4.712940E+3	-2.857730E+3	7.320136E+3	-1.071641E+4	8.619430E+3	-1.714031E+4
1.123100E+2	-1.622161E+1	1.991923E+0	-1.622118E+1	8.877844E-2	2.427646E+3	-1.908850E+3	4.712940E+3	-2.857730E+3	7.320893E+3	-1.071604E+4	8.619430E+3	-1.713994E+4
1.123200E+2	-1.623167E+1	1.940452E+0	-1.623124E+1	8.867577E-2	2.428025E+3	-1.908850E+3	4.712940E+3	-2.857730E+3	7.321650E+3	-1.071567E+4	8.619430E+3	-1.713957E+4
1.123300E+2	-1.624126E+1	2.093920E+0	-1.624084E+1	8.857788E-2	2.428404E+3	-1.908850E+3	4.712940E+3	-2.857730E+3	7.322407E+3	-1.071530E+4	8.619430E+3	-1.713920E+4
1.123400E+2	-1.625089E+1	2.045455E+0	-1.625047E+1	8.847962E-2	2.428610E+3	-1.908312E+3	4.712761E+3	-2.857730E+3	7.322999E+3	-1.071510E+4	8.620148E+3	-1.713882E+4
1.123500E+2	-1.626130E+1	2.054457E+0	-1.626088E+1	8.837340E-2	2.428610E+3	-1.907128E+3	4.712366E+3	-2.857730E+3	7.323394E+3	-1.071510E+4	8.621726E+3	-1.713841E+4
1.123600E+2	-1.627237E+1	1.991718E+0	-1.627194E+1	8.826047E-2	2.428610E+3	-1.905944E+3	4.711971E+3	-2.857730E+3	7.323789E+3	-1.071510E+4	8.623305E+3	-1.713801E+4
1.123700E+2	-1.628313E+1	2.012043E+0	-1.628270E+1	8.815067E-2	2.428610E+3	-1.904760E+3	4.711577E+3	-2.857730E+3	7.324183E+3	-1.071510E+4	8.624884E+3	-1.713760E+4
1.123800E+2	-1.629322E+1	2.124296E+0	-1.629279E+1	8.804774E-2	2.428610E+3	-1.903576E+3	4.711182E+3	-2.857730E+3	7.324578E+3	-1.071510E+4	8.626462E+3	-1.713719E+4
1.123900E+2	-1.630326E+1	2.040434E+0	-1.630284E+1	8.794523E-2	2.428434E+3	-1.903300E+3	4.711441E+3	-2.857554E+3	7.324670E+3	-1.071510E+4	8.627006E+3	-1.713710E+4
1.124000E+2	-1.631394E+1	1.990421E+0	-1.631351E+1	8.783627E-2	2.428205E+3	-1.903300E+3	4.711899E+3	-2.857325E+3	7.324670E+3	-1.071510E+4	8.627235E+3	-1.713710E+4
1.124100E+2	-1.632419E+1	2.069651E+0	-1.632376E+1	8.773174E-2	2.427976E+3	-1.903300E+3	4.712357E+3	-2.857096E+3	7.324670E+3	-1.071510E+4	8.627464E+3	-1.713710E+4
1.124200E+2	-1.633387E+1	2.112823E+0	-1.633344E+1	8.763290E-2	2.427747E+3	-1.903300E+3	4.712815E+3	-2.856867E+3	7.324670E+3	-1.071510E+4	8.627693E+3	-1.713710E+4
1.124300E+2	-1.634417E+1	2.102182E+0	-1.634374E+1	8.752780E-2	2.427518E+3	-1.903300E+3	4.713273E+3	-2.856638E+3	7.324670E+3	-1.071510E+4	8.627922E+3	-1.713710E+4
1.124400E+2	-1.635472E+1	1.937041E+0	-1.635430E+1	8.742012E-2	2.427289E+3	-1.903300E+3	4.713731E+3	-2.856409E+3	7.324670E+3	-1.071510E+4	8.628151E+3	-1.713710E+4
1.124500E+2	-1.636520E+1	2.025331E+0	-1.636477E+1	8.731324E-2	2.427060E+3	-1.903300E+3	4.714189E+3	-2.856180E+3	7.324670E+3	-1.071510E+4	8.628380E+3	-1.713710E+4
1.124600E+2	-1.637514E+1	2.126019E+0	-1.637471E+1	8.721184E-2	2.426831E+3	-1.903300E+3	4.714647E+3	-2.855951E+3	7.324670E+3	-1.071510E+4	8.628609E+3	-1.713710E+4
1.124700E+2	-1.638503E+1	2.039176E+0	-1.638460E+1	8.711085E-2	2.428610E+3	-1.905600E+3	4.714790E+3	-2.857730E+3	7.324670E+3	-1.071532E+4	8.626380E+3	-1.713733E+4
1.124800E+2	-1.639468E+1	2.004000E+0	-1.639425E+1	8.701244E-2	2.428610E+3	-1.906339E+3	4.714790E+3	-2.857730E+3	7.324670E+3	-1.071568E+4	8.625641E+3	-1.713771E+4
1.124900E+2	-1.640404E+1	1.925443E+0	-1.640361E+1	8.691690E-2	2.428610E+3	-1.907078E+3	4.714790E+3	-2.857730E+3	7.324670E+3	-1.071604E+4	8.624902E+3	-1.713809E+4
1.125000E+2	-1.641350E+1	2.105522E+0	-1.641308E+1	8.682032E-2	2.428610E+3	-1.907817E+3	4.714790E+3	-2.857730E+3	7.324670E+3	-1.071640E+4	8.624163E+3	-1.713847E+4
1.125100E+2	-1.642281E+1	2.115588E+0	-1.642238E+1	8.672540E-2	2.428610E+3	-1.908556E+3	4.714790E+3	-2.857730E+3	7.324670E+3	-1.071676E+4	8.623424E+3	-1.713885E+4
1.125200E+2	-1.643200E+1	2.001970E+0	-1.643157E+1	8.663158E-2	2.428610E+3	-1.909210E+3	4.714610E+3	-2.857730E+3	7.324850E+3	-1.071690E+4	8.623490E+3	-1.713900E+4
1.125300E+2	-1.644062E+1	1.950574E+0	-1.644019E+1	8.654360E-2	2.428610E+3	-1.909809E+3	4.714311E+3	-2.857730E+3	7.325149E+3	-1.071690E+4	8.624089E+3	-1.713900E+4
1.125400E+2	-1.645079E+1	2.000505E+0	-1.645036E+1	8.643988E-2	2.428610E+3	-1.910407E+3	4.714011E+3	-2.857730E+3	7.325449E+3	-1.071690E+4	8.624687E+3	-1.713900E+4
1.125500E+2	-1.646200E+1	2.079742E+0	-1.646157E+1	8.632551E-2	2.428610E+3	-1.911006E+3	4.713712E+3	-2.857730E+3	7.325748E+3	-1.071690E+4	8.625286E+3	-1.713900E+4
1.125600E+2	-1.647263E+1	2.066070E+0	-1.647220E+1	8.621698E-2	2.428610E+3	-1.911604E+3	4.713413E+3	-2.857730E+3	7.326047E+3	-1.071690E+4	8.625884E+3	-1.713900E+4
1.125700E+2	-1.648292E+1	1.899088E+0	-1.648249E+1	8.611199E-2	2.428610E+3	-1.912202E+3	4.713114E+3	-2.857730E+3	7.326346E+3	-1.071690E+4	8.626482E+3	-1.713900E+4
1.125800E+2	-1.649246E+1	2.076341E+0	-1.649203E+1	8.601469E-2	2.429581E+3	-1.910608E+3	4.712940E+3	-2.857730E+3	7.326520E+3	-1.071690E+4	8.625859E+3	-1.713800E+4
1.125900E+2	-1.650171E+1	2.061046E+0	-1.650128E+1	8.592030E-2	2.430320E+3	-1.908569E+3	4.712940E+3	-2.857590E+3	7.326520E+3	-1.071690E+4	8.625401E+3	-1.713710E+4
1.126000E+2	-1.651151E+1	2.033940E+0	-1.651108E+1	8.582031E-2	2.430093E+3	-1.908117E+3	4.712940E+3	-2.857363E+3	7.326520E+3	-1.071690E+4	8.626080E+3	-1.713710E+4
1.126100E+2	-1.652060E+1	1.968583E+0	-1.652017E+1	8.572748E-2	2.429867E+3	-1.907664E+3	4.712940E+3	-2.857137E+3	7.326520E+3	-1.071690E+4	8.626759E+3	-1.713710E+4
1.126200E+2	-1.652979E+1	1.984632E+0	-1.652936E+1	8.563378E-2	2.429641E+3	-1.907212E+3	4.712940E+3	-2.856911E+3	7.326520E+3	-1.071690E+4	8.627437E+3	-1.713710E+4
1.126300E+2	-1.654001E+1	2.109675E+0	-1.653959E+1	8.552941E-2	2.429415E+3	-1.906759E+3	4.712940E+3	-2.856685E+3	7.326520E+3	-1.071690E+4	8.628116E+3	-1.713710E+4
1.126400E+2	-1.655000E+1	2.055413E+0	-1.654957E+1	8.542756E-2	2.429188E+3	-1.906307E+3	4.712940E+3	-2.856458E+3	7.326520E+3	-1.071690E+4	8.628795E+3	-1.713710E+4
1.126500E+2	-1.655980E+1	1.956582E+0	-1.655937E+1	8.532754E-2	2.428962E+3	-1.905854E+3	4.712940E+3	-2.856232E+3	7.326520E+3	-1.071690E+4	8.629473E+3	-1.713710E+4
1.126600E+2	-1.656921E+1	1.968586E+0	-1.656878E+1	8.523148E-2	2.428736E+3	-1.905402E+3	4.712940E+3	-2.856006E+3	7.326520E+3	-1.071690E+4	8.630152E+3	-1.713710E+4
1.126700E+2	-1.657864E+1	2.032394E+0	-1.657821E+1	8.513525E-2	2.428253E+3	-1.905150E+3	4.712940E+3	-2.856237E+3	7.326877E+3	-1.071655E+4	8.631245E+3	-1.713675E+4
1.126800E+2	-1.658753E+1	2.081525E+0	-1.658710E+1	8.504460E-2	2.427446E+3	-1.905150E+3	4.712940E+3	-2.857044E+3	7.327684E+3	-1.071577E+4	8.632858E+3	-1.713597E+4
1.126900E+2	-1.659674E+1	1.927595E+0	-1.659632E+1	8.495053E-2	2.426775E+3	-1.905135E+3	4.712940E+3	-2.857715E+3	7.328370E+3	-1.071511E+4	8.634199E+3	-1.713531E+4
1.127000E+2	-1.660579E+1	1.866955E+0	-1.660537E+1	8.485819E-2	2.426878E+3	-1.905032E+3	4.712940E+3	-2.857612E+3	7.328370E+3	-1.071522E+4	8.633993E+3	-1.713542E+4
1.127100E+2	-1.661450E+1	2.019735E+0	-1.661407E+1	8.476938E-2	2.426981E+3	-1.904929E+3	4.712940E+3	-2.857509E+3	7.328370E+3	-1.071532E+4	8.633787E+3	-1.713552E+4
1.127200E+2	-1.662331E+1	2.088398E+0	-1.662288E+1	8.467950E-2	2.427085E+3	-1.904825E+3	4.712940E+3	-2.857405E+3	7.328370E+3	-1.071542E+4	8.633581E+3	-1.713562E+4
1.127300E+2	-1.663259E+1	2.107060E+0	-1.663217E+1	8.458471E-2	2.427188E+3	-1.904722E+3	4.712940E+3	-2.857302E+3	7.328370E+3	-1.071552E+4	8.633375E+3	-1.713572E+4
1.127400E+2	-1.664189E+1	1.977933E+0	-1.664147E+1	8.448983E-2	2.427291E+3	-1.904619E+3	4.712940E+3	-2.857199E+3	7.328370E+3	-1.071562E+4	8.633169E+3	-1.713582E+4
1.127500E+2	-1.665042E+1	2.040033E+0	-1.664999E+1	8.440287E-2	2.427394E+3	-1.904516E+3	4.712940E+3	-2.857096E+3	7.328370E+3	-1.071572E+4	8.632963E+3	-1.713592E+4
1.127600E+2	-1.665960E+1	2.124600E+0	-1.665917E+1	8.430919E-2	2.427497E+3	-1.904413E+3	4.712940E+3	-2.856993E+3	7.328370E+3	-1.071582E+4	8.632757E+3	-1.713602E+4
1.127700E+2	-1.666897E+1	2.014359E+0	-1.666854E+1	8.421358E-2	2.427600E+3	-1.904310E+3	4.712940E+3	-2.856890E+3	7.328370E+3	-1.071592E+4	8.632550E+3	-1.713612E+4
1.127800E+2	-1.667852E+1	1.982227E+0	-1.667809E+1	8.411612E-2	2.427703E+3	-1.904207E+3	4.712940E+3	-2.856787E+3	7.328370E+3	-1.071602E+4	8.632344E+3	-1.713622E+4
1.127900E+2	-1.668825E+1	1.920915E+0	-1.668782E+1	8.401678E-2	2.427806E+3	-1.904104E+3	4.712940E+3	-2.856684E+3	7.328370E+3	-1.071612E+4	8.632138E+3	-1.713632E+4
1.128000E+2	-1.669746E+1	2.048904E+0	-1.669704E+1	8.392279E-2	2.427909E+3	-1.904001E+3	4.712940E+3	-2.856581E+3	7.328370E+3	-1.071622E+4	8.631932E+3	-1.713642E+4
1.128100E+2	-1.670651E+1	2.065722E+0	-1.670608E+1	8.383049E-2	2.428012E+3	-1.903898E+3	4.712940E+3	-2.856478E+3	7.328370E+3	-1.071632E+4	8.631726E+3	-1.713652E+4
1.128200E+2	-1.671644E+1	1.932604E+0	-1.671601E+1	8.372918E-2	2.428115E+3	-1.903795E+3	4.712940E+3	-2.856375E+3	7.328370E+3	-1.071642E+4	8.631520E+3	-1.713662E+4
1.128300E+2	-1.672648E+1	2.034263E+0	-1.672606E+1	8.362666E-2	2.428218E+3	-1.903692E+3	4.712940E+3	-2.856272E+3	7.328370E+3	-1.071652E+4	8.631314E+3	-1.713672E+4
1.128400E+2	-1.673644E+1	2.069966E+0	-1.673602E+1	8.352503E-2	2.428321E+3	-1.903589E+3	4.712940E+3	-2.856169E+3	7.328370E+3	-1.071662E+4	8.631108E+3	-1.713682E+4
1.128500E+2	-1.674623E+1	2.096945E+0	-1.674580E+1	8.342517E-2	2.428424E+3	-1.903486E+3	4.712940E+3	-2.856066E+3	7.328370E+3	-1.071672E+4	8.630902E+3	-1.713692E+4
1.128600E+2	-1.675707E+1	2.067427E+0	-1.675664E+1	8.331458E-2	2.428527E+3	-1.903383E+3	4.712940E+3	-2.855963E+3	7.328370E+3	-1.071682E+4	8.630695E+3	-1.713702E+4
1.128700E+2	-1.676911E+1	1.892229E+0	-1.676869E+1	8.319165E-2	2.423234E+3	-1.905150E+3	4.713114E+3	-2.854030E+3	7.334084E+3	-1.071690E+4	8.638191E+3	-1.713521E+4
1.128800E+2	-1.678087E+1	2.042340E+0	-1.678044E+1	8.307168E-2	2.424117E+3	-1.905150E+3	4.713997E+3	-2.854030E+3	7.334967E+3	-1.071690E+4	8.639516E+3	-1.713476E+4
1.128900E+2	-1.679255E+1	2.058914E+0	-1.679212E+1	8.295254E-2	2.425001E+3	-1.905150E+3	4.714881E+3	-2.854030E+3	7.335851E+3	-1.071690E+4	8.640841E+3	-1.713430E+4
1.129000E+2	-1.680360E+1	2.028280E+0	-1.680318E+1	8.283972E-2	2.425884E+3	-1.905150E+3	4.715764E+3	-2.854030E+3	7.336734E+3	-1.071690E+4	8.642166E+3	-1.713385E+4
1.129100E+2	-1.681450E+1	1.959677E+0	-1.681407E+1	8.272851E-2	2.426760E+3	-1.905156E+3	4.716640E+3	-2.854033E+3	7.337607E+3	-1.071690E+4	8.643471E+3	-1.713341E+4
1.129200E+2	-1.682483E+1	2.018478E+0	-1.682441E+1	8.262309E-2	2.426760E+3	-1.905898E+3	4.716640E+3	-2.854404E+3	7.337236E+3	-1.071690E+4	8.642358E+3	-1.713415E+4
1.129300E+2	-1.683442E+1	2.097851E+0	-1.683399E+1	8.252525E-2	2.426760E+3	-1.906640E+3	4.716640E+3	-2.854775E+3	7.336865E+3	-1.071690E+4	8.641245E+3	-1.713489E+4
1.129400E+2	-1.684427E+1	1.996328E+0	-1.684384E+1	8.242473E-2	2.426760E+3	-1.907382E+3	4.716640E+3	-2.855146E+3	7.336494E+3	-1.071690E+4	8.640132E+3	-1.713563E+4
1.129500E+2	-1.685415E+1	1.964883E+0	-1.685372E+1	8.232399E-2	2.426760E+3	-1.908124E+3	4.716640E+3	-2.855517E+3	7.336123E+3	-1.071690E+4	8.639019E+3	-1.713637E+4
1.129600E+2	-1.686340E+1	2.029125E+0	-1.686297E+1	8.222960E-2	2.426773E+3	-1.908837E+3	4.716640E+3	-2.855867E+3	7.335773E+3	-1.071690E+4	8.637957E+3	-1.713709E+4
1.129700E+2	-1.687294E+1	2.064501E+0	-1.687252E+1	8.213216E-2	2.427392E+3	-1.908218E+3	4.716640E+3	-2.855248E+3	7.336392E+3	-1.071690E+4	8.639193E+3	-1.713649E+4
1.129800E+2	-1.688246E+1	2.108348E+0	-1.688203E+1	8.203506E-2	2.428010E+3	-1.907600E+3	4.716640E+3	-2.854630E+3	7.337010E+3	-1.071690E+4	8.640430E+3	-1.713588E+4
1.129900E+2	-1.689230E+1	2.003122E+0	-1.689187E+1	8.193467E-2	2.428621E+3	-1.907000E+3	4.716629E+3	-2.854041E+3	7.337610E+3	-1.071691E+4	8.641619E+3	-1.713531E+4
1.130000E+2	-1.690302E+1	1.926546E+0	-1.690260E+1	8.182523E-2	2.429000E+3	-1.907000E+3	4.716250E+3	-2.854420E+3	7.337610E+3	-1.071730E+4	8.641240E+3	-1.713568E+4
1.130100E+2	-1.691327E+1	2.039515E+0	-1.691284E+1	8.172072E-2	2.429378E+3	-1.907000E+3	4.715872E+3	-2.854798E+3	7.337610E+3	-1.071769E+4	8.640862E+3	-1.713605E+4
1.130200E+2	-1.692299E+1	2.047598E+0	-1.692256E+1	8.162152E-2	2.429757E+3	-1.907000E+3	4.715493E+3	-2.855177E+3	7.337610E+3	-1.071808E+4	8.640483E+3	-1.713642E+4
1.130300E+2	-1.693271E+1	2.042234E+0	-1.693228E+1	8.152230E-2	2.430135E+3	-1.907000E+3	4.715115E+3	-2.855555E+3	7.337610E+3	-1.071847E+4	8.640105E+3	-1.713678E+4
1.130400E+2	-1.694195E+1	1.900295E+0	-1.694152E+1	8.142805E-2	2.430460E+3	-1.907018E+3	4.714772E+3	-2.855880E+3	7.337610E+3	-1.071878E+4	8.639780E+3	-1.713706E+4
1.130500E+2	-1.695084E+1	2.079898E+0	-1.695041E+1	8.133736E-2	2.430460E+3	-1.907142E+3	4.714648E+3	-2.855880E+3	7.337610E+3	-1.071865E+4	8.639780E+3	-1.713682E+4
1.130600E+2	-1.696029E+1	2.114127E+0	-1.695986E+1	8.124087E-2	2.430460E+3	-1.907267E+3	4.714523E+3	-2.855880E+3	7.337610E+3	-1.071853E+4	8.639780E+3	-1.713657E+4
1.130700E+2	-1.696915E+1	2.006833E+0	-1.696872E+1	8.115050E-2	2.430460E+3	-1.907391E+3	4.714399E+3	-2.855880E+3	7.337610E+3	-1.071840E+4	8.639780E+3	-1.713632E+4
1.130800E+2	-1.697763E+1	1.936094E+0	-1.697720E+1	8.106397E-2	2.430460E+3	-1.907516E+3	4.714274E+3	-2.855880E+3	7.337610E+3	-1.071827E+4	8.639780E+3	-1.713607E+4
1.130900E+2	-1.698609E+1	1.980592E+0	-1.698566E+1	8.097764E-2	2.430460E+3	-1.907640E+3	4.714150E+3	-2.855880E+3	7.337610E+3	-1.071814E+4	8.639780E+3	-1.713582E+4
1.131000E+2	-1.699435E+1	2.065518E+0	-1.699392E+1	8.089330E-2	2.430460E+3	-1.907765E+3	4.714025E+3	-2.855880E+3	7.337610E+3	-1.071801E+4	8.639780E+3	-1.713557E+4
1.131100E+2	-1.700368E+1	2.044998E+0	-1.700325E+1	8.079809E-2	2.430460E+3	-1.907889E+3	4.713901E+3	-2.855880E+3	7.337610E+3	-1.071789E+4	8.639780E+3	-1.713532E+4
1.131200E+2	-1.701395E+1	1.899933E+0	-1.701352E+1	8.069331E-2	2.430460E+3	-1.908014E+3	4.713776E+3	-2.855880E+3	7.337610E+3	-1.071776E+4	8.639780E+3	-1.713507E+4
1.131300E+2	-1.702515E+1	1.989585E+0	-1.702473E+1	8.057900E-2	2.430460E+3	-1.908138E+3	4.713652E+3	-2.855880E+3	7.337610E+3	-1.071763E+4	8.639780E+3	-1.713482E+4
1.131400E+2	-1.703574E+1	2.010939E+0	-1.703531E+1	8.047098E-2	2.430460E+3	-1.908263E+3	4.713527E+3	-2.855880E+3	7.337610E+3	-1.071750E+4	8.639780E+3	-1.713457E+4
1.131500E+2	-1.704536E+1	2.044122E+0	-1.704493E+1	8.037283E-2	2.430460E+3	-1.908387E+3	4.713403E+3	-2.855880E+3	7.337610E+3	-1.071738E+4	8.639780E+3	-1.713433E+4
1.131600E+2	-1.705516E+1	1.985710E+0	-1.705473E+1	8.027280E-2	2.430460E+3	-1.908512E+3	4.713278E+3	-2.855880E+3	7.337610E+3	-1.071725E+4	8.639780E+3	-1.713408E+4
1.131700E+2	-1.706474E+1	1.899489E+0	-1.706431E+1	8.017506E-2	2.430460E+3	-1.908636E+3	4.713154E+3	-2.855880E+3	7.337610E+3	-1.071712E+4	8.639780E+3	-1.713383E+4
1.131800E+2	-1.707399E+1	2.068437E+0	-1.707356E+1	8.008070E-2	2.430460E+3	-1.908761E+3	4.713029E+3	-2.855880E+3	7.337610E+3	-1.071699E+4	8.639780E+3	-1.713358E+4
1.131900E+2	-1.708342E+1	2.063219E+0	-1.708299E+1	7.998450E-2	2.424910E+3	-1.907032E+3	4.714758E+3	-2.855912E+3	7.333878E+3	-1.071883E+4	8.641534E+3	-1.713536E+4
1.132000E+2	-1.709213E+1	1.978173E+0	-1.709170E+1	7.989560E-2	2.424910E+3	-1.907146E+3	4.714644E+3	-2.856026E+3	7.333764E+3	-1.071894E+4	8.641192E+3	-1.713559E+4
1.132100E+2	-1.710120E+1	1.951214E+0	-1.710077E+1	7.980301E-2	2.424910E+3	-1.907260E+3	4.714530E+3	-2.856140E+3	7.333650E+3	-1.071905E+4	8.640851E+3	-1.713582E+4
1.132200E+2	-1.711084E+1	1.965905E+0	-1.711041E+1	7.970464E-2	2.424910E+3	-1.907374E+3	4.714416E+3	-2.856254E+3	7.333536E+3	-1.071916E+4	8.640509E+3	-1.713605E+4
1.132300E+2	-1.712121E+1	2.051978E+0	-1.712078E+1	7.959882E-2	2.424910E+3	-1.907487E+3	4.714303E+3	-2.856367E+3	7.333423E+3	-1.071927E+4	8.640168E+3	-1.713627E+4
1.132400E+2	-1.713171E+1	1.932978E+0	-1.713129E+1	7.949166E-2	2.424910E+3	-1.907601E+3	4.714189E+3	-2.856481E+3	7.333309E+3	-1.071938E+4	8.639827E+3	-1.713650E+4
1.132500E+2	-1.714141E+1	1.918403E+0	-1.714098E+1	7.939272E-2	2.424910E+3	-1.907715E+3	4.714075E+3	-2.856595E+3	7.333195E+3	-1.071950E+4	8.639485E+3	-1.713673E+4
1.132600E+2	-1.715083E+1	2.012814E+0	-1.715040E+1	7.929662E-2	2.424910E+3	-1.907829E+3	4.713961E+3	-2.856709E+3	7.333081E+3	-1.071961E+4	8.639144E+3	-1.713696E+4
1.132700E+2	-1.716088E+1	2.072050E+0	-1.716045E+1	7.919406E-2	2.424910E+3	-1.907943E+3	4.713847E+3	-2.856823E+3	7.332967E+3	-1.071972E+4	8.638802E+3	-1.713719E+4
1.132800E+2	-1.717135E+1	2.046680E+0	-1.717092E+1	7.908719E-2	2.424910E+3	-1.908056E+3	4.713734E+3	-2.856936E+3	7.332854E+3	-1.071983E+4	8.638461E+3	-1.713741E+4
1.132900E+2	-1.718115E+1	1.959090E+0	-1.718072E+1	7.898720E-2	2.424910E+3	-1.908170E+3	4.713620E+3	-2.857050E+3	7.332740E+3	-1.071994E+4	8.638120E+3	-1.713764E+4
1.133000E+2	-1.719099E+1	1.964373E+0	-1.719056E+1	7.888679E-2	2.424910E+3	-1.908284E+3	4.713506E+3	-2.857164E+3	7.332626E+3	-1.072005E+4	8.637778E+3	-1.713787E+4
1.133100E+2	-1.720089E+1	2.116982E+0	-1.720046E+1	7.878575E-2	2.424910E+3	-1.908398E+3	4.713392E+3	-2.857278E+3	7.332512E+3	-1.072016E+4	8.637437E+3	-1.713810E+4
1.133200E+2	-1.721041E+1	1.967316E+0	-1.720998E+1	7.868861E-2	2.424910E+3	-1.908512E+3	4.713278E+3	-2.857392E+3	7.332398E+3	-1.072027E+4	8.637095E+3	-1.713832E+4
1.133300E+2	-1.722030E+1	1.940934E+0	-1.721987E+1	7.858775E-2	2.424910E+3	-1.908625E+3	4.713165E+3	-2.857505E+3	7.332285E+3	-1.072038E+4	8.636754E+3	-1.713855E+4
1.133400E+2	-1.723035E+1	1.870921E+0	-1.722992E+1	7.848521E-2	2.424910E+3	-1.908739E+3	4.713051E+3	-2.857619E+3	7.332171E+3	-1.072049E+4	8.636413E+3	-1.713878E+4
1.133500E+2	-1.724031E+1	2.054594E+0	-1.723988E+1	7.838353E-2	2.424929E+3	-1.908850E+3	4.712940E+3	-2.857720E+3	7.332070E+3	-1.072060E+4	8.636090E+3	-1.713900E+4
1.133600E+2	-1.724989E+1	2.102553E+0	-1.724946E+1	7.828576E-2	2.425686E+3	-1.908850E+3	4.712940E+3	-2.857342E+3	7.332448E+3	-1.072060E+4	8.636468E+3	-1.713900E+4
1.133700E+2	-1.725941E+1	1.981752E+0	-1.725898E+1	7.818862E-2	2.426443E+3	-1.908850E+3	4.712940E+3	-2.856964E+3	7.332826E+3	-1.072060E+4	8.636846E+3	-1.713900E+4
1.133800E+2	-1.726891E+1	1.952842E+0	-1.726848E+1	7.809170E-2	2.427199E+3	-1.908850E+3	4.712940E+3	-2.856585E+3	7.333205E+3	-1.072060E+4	8.637225E+3	-1.713900E+4
1.133900E+2	-1.727847E+1	1.990044E+0	-1.727805E+1	7.799410E-2	2.427956E+3	-1.908850E+3	4.712940E+3	-2.856207E+3	7.333583E+3	-1.072060E+4	8.637603E+3	-1.713900E+4
1.134000E+2	-1.728817E+1	2.062740E+0	-1.728774E+1	7.789518E-2	2.424931E+3	-1.908850E+3	4.712919E+3	-2.855859E+3	7.337631E+3	-1.072060E+4	8.643523E+3	-1.713708E+4
1.134100E+2	-1.729728E+1	2.030649E+0	-1.729685E+1	7.780224E-2	2.425089E+3	-1.908850E+3	4.712761E+3	-2.855701E+3	7.337789E+3	-1.072060E+4	8.643836E+3	-1.713693E+4
1.134200E+2	-1.730647E+1	1.882189E+0	-1.730604E+1	7.770846E-2	2.425246E+3	-1.908850E+3	4.712604E+3	-2.855544E+3	7.337946E+3	-1.072060E+4	8.644150E+3	-1.713677E+4
1.134300E+2	-1.731666E+1	1.995895E+0	-1.731623E+1	7.760447E-2	2.425403E+3	-1.908850E+3	4.712447E+3	-2.855387E+3	7.338103E+3	-1.072060E+4	8.644463E+3	-1.713662E+4
1.134400E+2	-1.732700E+1	2.023811E+0	-1.732657E+1	7.749897E-2	2.425560E+3	-1.908850E+3	4.712290E+3	-2.855230E+3	7.338260E+3	-1.072060E+4	8.644777E+3	-1.713647E+4
1.134500E+2	-1.733720E+1	2.039773E+0	-1.733677E+1	7.739488E-2	2.425718E+3	-1.908850E+3	4.712132E+3	-2.855072E+3	7.338418E+3	-1.072060E+4	8.645091E+3	-1.713631E+4
1.134600E+2	-1.734842E+1	1.963081E+0	-1.734799E+1	7.728035E-2	2.425875E+3	-1.908850E+3	4.711975E+3	-2.854915E+3	7.338575E+3	-1.072060E+4	8.645404E+3	-1.713616E+4
1.134700E+2	-1.735965E+1	1.895742E+0	-1.735922E+1	7.716580E-2	2.426032E+3	-1.908850E+3	4.711818E+3	-2.854758E+3	7.338732E+3	-1.072060E+4	8.645718E+3	-1.713601E+4
1.134800E+2	-1.736942E+1	2.057694E+0	-1.736899E+1	7.706611E-2	2.426189E+3	-1.908850E+3	4.711661E+3	-2.854601E+3	7.338889E+3	-1.072060E+4	8.646032E+3	-1.713586E+4
1.134900E+2	-1.737829E+1	2.037816E+0	-1.737786E+1	7.697556E-2	2.426347E+3	-1.908850E+3	4.711503E+3	-2.854443E+3	7.339047E+3	-1.072060E+4	8.646345E+3	-1.713570E+4
1.135000E+2	-1.738834E+1	1.970970E+0	-1.738791E+1	7.687304E-2	2.426504E+3	-1.908850E+3	4.711346E+3	-2.854286E+3	7.339204E+3	-1.072060E+4	8.646659E+3	-1.713555E+4
1.135100E+2	-1.739799E+1	1.901388E+0	-1.739757E+1	7.677451E-2	2.426661E+3	-1.908850E+3	4.711189E+3	-2.854129E+3	7.339361E+3	-1.072060E+4	8.646973E+3	-1.713540E+4
1.135200E+2	-1.740658E+1	1.975354E+0	-1.740615E+1	7.668695E-2	2.426760E+3	-1.907763E+3	4.714408E+3	-2.855498E+3	7.341310E+3	-1.072211E+4	8.644241E+3	-1.713710E+4
1.135300E+2	-1.741624E+1	2.076208E+0	-1.741581E+1	7.658830E-2	2.426760E+3	-1.909824E+3	4.713378E+3	-2.854468E+3	7.341310E+3	-1.072105E+4	8.646297E+3	-1.713710E+4
1.135400E+2	-1.742599E+1	1.953350E+0	-1.742556E+1	7.648883E-2	2.428610E+3	-1.908850E+3	4.712940E+3	-2.855665E+3	7.341955E+3	-1.072060E+4	8.644554E+3	-1.713835E+4
1.135500E+2	-1.743533E+1	1.871831E+0	-1.743490E+1	7.639351E-2	2.428610E+3	-1.908850E+3	4.712940E+3	-2.855212E+3	7.343313E+3	-1.072060E+4	8.646814E+3	-1.713698E+4
1.135600E+2	-1.744432E+1	2.024766E+0	-1.744389E+1	7.630177E-2	2.428610E+3	-1.908850E+3	4.712940E+3	-2.854760E+3	7.344670E+3	-1.072060E+4	8.649074E+3	-1.713561E+4
1.135700E+2	-1.745398E+1	2.012763E+0	-1.745356E+1	7.620319E-2	2.428610E+3	-1.908850E+3	4.712940E+3	-2.854308E+3	7.346027E+3	-1.072060E+4	8.651334E+3	-1.713424E+4
1.135800E+2	-1.746389E+1	1.981437E+0	-1.746347E+1	7.610205E-2	2.428610E+3	-1.908850E+3	4.713129E+3	-2.853841E+3	7.347237E+3	-1.072060E+4	8.653286E+3	-1.713340E+4
1.135900E+2	-1.747363E+1	1.888988E+0	-1.747320E+1	7.600274E-2	2.428610E+3	-1.908850E+3	4.713617E+3	-2.853353E+3	7.348214E+3	-1.072060E+4	8.654750E+3	-1.713340E+4
1.136000E+2	-1.748366E+1	1.981993E+0	-1.748323E+1	7.590041E-2	2.428610E+3	-1.908850E+3	4.714105E+3	-2.852865E+3	7.349190E+3	-1.072060E+4	8.656215E+3	-1.713340E+4
1.136100E+2	-1.749350E+1	2.093169E+0	-1.749307E+1	7.579999E-2	2.428610E+3	-1.908850E+3	4.714593E+3	-2.852377E+3	7.350166E+3	-1.072060E+4	8.657679E+3	-1.713340E+4
1.136200E+2	-1.750359E+1	2.032116E+0	-1.750316E+1	7.569700E-2	2.428956E+3	-1.908850E+3	4.714790E+3	-2.852526E+3	7.350906E+3	-1.072060E+4	8.658616E+3	-1.713306E+4
1.136300E+2	-1.751362E+1	1.982187E+0	-1.751319E+1	7.559470E-2	2.429536E+3	-1.908850E+3	4.714790E+3	-2.853106E+3	7.351486E+3	-1.072060E+4	8.659196E+3	-1.713250E+4
1.136400E+2	-1.752486E+1	1.910516E+0	-1.752443E+1	7.547998E-2	2.430115E+3	-1.908850E+3	4.714790E+3	-2.853685E+3	7.352065E+3	-1.072060E+4	8.659775E+3	-1.713194E+4
1.136500E+2	-1.753637E+1	2.041498E+0	-1.753594E+1	7.536256E-2	2.430773E+3	-1.908850E+3	4.714947E+3	-2.854030E+3	7.352253E+3	-1.072076E+4	8.659650E+3	-1.713191E+4
1.136600E+2	-1.754627E+1	2.067298E+0	-1.754584E+1	7.526151E-2	2.431546E+3	-1.908850E+3	4.715333E+3	-2.854030E+3	7.351867E+3	-1.072116E+4	8.658491E+3	-1.713269E+4
1.136700E+2	-1.755524E+1	1.910919E+0	-1.755481E+1	7.517000E-2	2.432319E+3	-1.908850E+3	4.715719E+3	-2.854030E+3	7.351481E+3	-1.072155E+4	8.657332E+3	-1.713346E+4
1.136800E+2	-1.756449E+1	1.927326E+0	-1.756407E+1	7.507553E-2	2.433092E+3	-1.908850E+3	4.716106E+3	-2.854030E+3	7.351094E+3	-1.072195E+4	8.656172E+3	-1.713423E+4
1.136900E+2	-1.757408E+1	1.994766E+0	-1.757365E+1	7.497770E-2	2.433865E+3	-1.908850E+3	4.716492E+3	-2.854030E+3	7.350708E+3	-1.072235E+4	8.655013E+3	-1.713500E+4
1.137000E+2	-1.758442E+1	2.032950E+0	-1.758399E+1	7.487222E-2	2.433465E+3	-1.908503E+3	4.716293E+3	-2.853683E+3	7.350560E+3	-1.072214E+4	8.655265E+3	-1.713530E+4
1.137100E+2	-1.759429E+1	1.972267E+0	-1.759386E+1	7.477151E-2	2.432341E+3	-1.907941E+3	4.715731E+3	-2.853121E+3	7.350560E+3	-1.072157E+4	8.656389E+3	-1.713530E+4
1.137200E+2	-1.760394E+1	1.868919E+0	-1.760351E+1	7.467306E-2	2.431217E+3	-1.907378E+3	4.715168E+3	-2.852558E+3	7.350560E+3	-1.072099E+4	8.657513E+3	-1.713530E+4
1.137300E+2	-1.761354E+1	2.007758E+0	-1.761311E+1	7.457505E-2	2.430460E+3	-1.907106E+3	4.714684E+3	-2.852180E+3	7.350560E+3	-1.072060E+4	8.658164E+3	-1.713530E+4
1.137400E+2	-1.762302E+1	2.058887E+0	-1.762259E+1	7.447837E-2	2.430460E+3	-1.907432E+3	4.714358E+3	-2.852180E+3	7.350560E+3	-1.072060E+4	8.657838E+3	-1.713530E+4
1.137500E+2	-1.763239E+1	1.979331E+0	-1.763196E+1	7.438271E-2	2.430460E+3	-1.907757E+3	4.714033E+3	-2.852180E+3	7.350560E+3	-1.072060E+4	8.657513E+3	-1.713530E+4
1.137600E+2	-1.764165E+1	1.890062E+0	-1.764122E+1	7.428821E-2	2.430460E+3	-1.908083E+3	4.713707E+3	-2.852180E+3	7.350560E+3	-1.072060E+4	8.657187E+3	-1.713530E+4
1.137700E+2	-1.765034E+1	1.910054E+0	-1.764991E+1	7.419953E-2	2.430460E+3	-1.908408E+3	4.713382E+3	-2.852180E+3	7.350560E+3	-1.072060E+4	8.656862E+3	-1.713530E+4
1.137800E+2	-1.765937E+1	2.081979E+0	-1.765894E+1	7.410744E-2	2.430460E+3	-1.908733E+3	4.713057E+3	-2.852180E+3	7.350560E+3	-1.072060E+4	8.656537E+3	-1.713530E+4
1.137900E+2	-1.766816E+1	1.988607E+0	-1.766773E+1	7.401774E-2	2.430460E+3	-1.908938E+3	4.712940E+3	-2.852268E+3	7.350472E+3	-1.072060E+4	8.656420E+3	-1.713530E+4
1.138000E+2	-1.767681E+1	1.957986E+0	-1.767638E+1	7.392949E-2	2.430460E+3	-1.909074E+3	4.712940E+3	-2.852404E+3	7.350336E+3	-1.072060E+4	8.656420E+3	-1.713530E+4
1.138100E+2	-1.768577E+1	1.932574E+0	-1.768535E+1	7.383799E-2	2.430460E+3	-1.909210E+3	4.712940E+3	-2.852540E+3	7.350200E+3	-1.072060E+4	8.656420E+3	-1.713530E+4
1.138200E+2	-1.769448E+1	2.002208E+0	-1.769405E+1	7.374917E-2	2.430460E+3	-1.909347E+3	4.712940E+3	-2.852677E+3	7.350063E+3	-1.072060E+4	8.656420E+3	-1.713530E+4
1.138300E+2	-1.770303E+1	2.030405E+0	-1.770260E+1	7.366187E-2	2.430460E+3	-1.909483E+3	4.712940E+3	-2.852813E+3	7.349927E+3	-1.072060E+4	8.656420E+3	-1.713530E+4
1.138400E+2	-1.771172E+1	1.938685E+0	-1.771129E+1	7.357324E-2	2.430460E+3	-1.909620E+3	4.712940E+3	-2.852950E+3	7.349790E+3	-1.072060E+4	8.656420E+3	-1.713530E+4
1.138500E+2	-1.772056E+1	1.895447E+0	-1.772013E+1	7.348306E-2	2.430460E+3	-1.909756E+3	4.712940E+3	-2.853086E+3	7.349654E+3	-1.072060E+4	8.656420E+3	-1.713530E+4
1.138600E+2	-1.773038E+1	2.027609E+0	-1.772995E+1	7.338279E-2	2.430460E+3	-1.909892E+3	4.712940E+3	-2.853222E+3	7.349518E+3	-1.072060E+4	8.656420E+3	-1.713530E+4
1.138700E+2	-1.774142E+1	2.033450E+0	-1.774099E+1	7.327021E-2	2.430460E+3	-1.910029E+3	4.712940E+3	-2.853359E+3	7.349381E+3	-1.072060E+4	8.656420E+3	-1.713530E+4
1.138800E+2	-1.775290E+1	2.012917E+0	-1.775248E+1	7.315297E-2	2.430460E+3	-1.910165E+3	4.712940E+3	-2.853495E+3	7.349245E+3	-1.072060E+4	8.656420E+3	-1.713530E+4
1.138900E+2	-1.776390E+1	1.840103E+0	-1.776347E+1	7.304081E-2	2.430460E+3	-1.910301E+3	4.712940E+3	-2.853631E+3	7.349109E+3	-1.072060E+4	8.656420E+3	-1.713530E+4
1.139000E+2	-1.777479E+1	1.998035E+0	-1.777436E+1	7.292968E-2	2.430460E+3	-1.910438E+3	4.712940E+3	-2.853768E+3	7.348972E+3	-1.072060E+4	8.656420E+3	-1.713530E+4
1.139100E+2	-1.778606E+1	2.032264E+0	-1.778564E+1	7.281462E-2	2.430460E+3	-1.910574E+3	4.712940E+3	-2.853904E+3	7.348836E+3	-1.072060E+4	8.656420E+3	-1.713530E+4
1.139200E+2	-1.779728E+1	1.920726E+0	-1.779686E+1	7.270012E-2	2.428610E+3	-1.905150E+3	4.711119E+3	-2.854059E+3	7.346860E+3	-1.072066E+4	8.656362E+3	-1.713710E+4
1.139300E+2	-1.780806E+1	1.932447E+0	-1.780764E+1	7.259013E-2	2.428610E+3	-1.905150E+3	4.711490E+3	-2.854430E+3	7.346860E+3	-1.072140E+4	8.655620E+3	-1.713710E+4
1.139400E+2	-1.781887E+1	1.934638E+0	-1.781844E+1	7.247985E-2	2.428610E+3	-1.905150E+3	4.711861E+3	-2.854801E+3	7.346860E+3	-1.072214E+4	8.654878E+3	-1.713710E+4
1.139500E+2	-1.782956E+1	1.979177E+0	-1.782913E+1	7.237075E-2	2.428610E+3	-1.905150E+3	4.712232E+3	-2.855172E+3	7.346860E+3	-1.072288E+4	8.654136E+3	-1.713710E+4
1.139600E+2	-1.784076E+1	1.970365E+0	-1.784034E+1	7.225645E-2	2.428610E+3	-1.905150E+3	4.712603E+3	-2.855543E+3	7.346860E+3	-1.072363E+4	8.653394E+3	-1.713710E+4
1.139700E+2	-1.785184E+1	1.917738E+0	-1.785141E+1	7.214348E-2	2.430460E+3	-1.907063E+3	4.714759E+3	-2.855849E+3	7.348741E+3	-1.072427E+4	8.654601E+3	-1.713897E+4
1.139800E+2	-1.786233E+1	1.867635E+0	-1.786190E+1	7.203640E-2	2.430460E+3	-1.907750E+3	4.714415E+3	-2.855505E+3	7.349085E+3	-1.072394E+4	8.654945E+3	-1.713861E+4
1.139900E+2	-1.787239E+1	1.893855E+0	-1.787196E+1	7.193372E-2	2.430460E+3	-1.908437E+3	4.714072E+3	-2.855162E+3	7.349428E+3	-1.072360E+4	8.655288E+3	-1.713826E+4
1.140000E+2	-1.788109E+1	2.015640E+0	-1.788066E+1	7.184494E-2	2.430460E+3	-1.909124E+3	4.713728E+3	-2.854818E+3	7.349772E+3	-1.072327E+4	8.655632E+3	-1.713791E+4
1.140100E+2	-1.788996E+1	1.966015E+0	-1.788954E+1	7.175441E-2	2.430460E+3	-1.909811E+3	4.713385E+3	-2.854475E+3	7.350115E+3	-1.072293E+4	8.655975E+3	-1.713756E+4
1.140200E+2	-1.789988E+1	1.792891E+0	-1.789946E+1	7.165319E-2	2.430460E+3	-1.910498E+3	4.713041E+3	-2.854131E+3	7.350459E+3	-1.072260E+4	8.656319E+3	-1.713720E+4
1.140300E+2	-1.790929E+1	1.995546E+0	-1.790886E+1	7.155721E-2	2.430234E+3	-1.910474E+3	4.712940E+3	-2.853804E+3	7.352636E+3	-1.072408E+4	8.657323E+3	-1.713530E+4
1.140400E+2	-1.791872E+1	2.001656E+0	-1.791829E+1	7.146099E-2	2.429914E+3	-1.910154E+3	4.712940E+3	-2.853484E+3	7.352956E+3	-1.072377E+4	8.658602E+3	-1.713530E+4
1.140500E+2	-1.792842E+1	1.971840E+0	-1.792799E+1	7.136201E-2	2.429595E+3	-1.909835E+3	4.712940E+3	-2.853165E+3	7.353275E+3	-1.072346E+4	8.659882E+3	-1.713530E+4
1.140600E+2	-1.793816E+1	1.904920E+0	-1.793773E+1	7.126265E-2	2.429275E+3	-1.909515E+3	4.712940E+3	-2.852845E+3	7.353595E+3	-1.072315E+4	8.661161E+3	-1.713530E+4
1.140700E+2	-1.794834E+1	2.011186E+0	-1.794792E+1	7.115870E-2	2.428955E+3	-1.909195E+3	4.712940E+3	-2.852525E+3	7.353915E+3	-1.072284E+4	8.662440E+3	-1.713530E+4
1.140800E+2	-1.795863E+1	2.113305E+0	-1.795820E+1	7.105375E-2	2.428635E+3	-1.908875E+3	4.712940E+3	-2.852205E+3	7.354235E+3	-1.072252E+4	8.663720E+3	-1.713530E+4
1.140900E+2	-1.796934E+1	1.976856E+0	-1.796891E+1	7.094449E-2	2.428422E+3	-1.908662E+3	4.712940E+3	-2.851992E+3	7.354072E+3	-1.072268E+4	8.663820E+3	-1.713530E+4
1.141000E+2	-1.798068E+1	1.924277E+0	-1.798025E+1	7.082876E-2	2.428218E+3	-1.908458E+3	4.712940E+3	-2.851788E+3	7.353868E+3	-1.072288E+4	8.663820E+3	-1.713530E+4
1.141100E+2	-1.799182E+1	1.949866E+0	-1.799139E+1	7.071505E-2	2.428014E+3	-1.908254E+3	4.712940E+3	-2.851584E+3	7.353664E+3	-1.072308E+4	8.663820E+3	-1.713530E+4
1.141200E+2	-1.800231E+1	1.997164E+0	-1.800188E+1	7.060803E-2	2.427811E+3	-1.908051E+3	4.712940E+3	-2.851381E+3	7.353461E+3	-1.072328E+4	8.663820E+3	-1.713530E+4
1.141300E+2	-1.801153E+1	2.017383E+0	-1.801111E+1	7.051390E-2	2.427607E+3	-1.907847E+3	4.712940E+3	-2.851177E+3	7.353257E+3	-1.072348E+4	8.663820E+3	-1.713530E+4
1.141400E+2	-1.802114E+1	1.883256E+0	-1.802071E+1	7.041587E-2	2.427403E+3	-1.907643E+3	4.712940E+3	-2.850973E+3	7.353053E+3	-1.072367E+4	8.663820E+3	-1.713530E+4
1.141500E+2	-1.803083E+1	1.877827E+0	-1.803040E+1	7.031702E-2	2.427199E+3	-1.907439E+3	4.712940E+3	-2.850769E+3	7.352849E+3	-1.072387E+4	8.663820E+3	-1.713530E+4
1.141600E+2	-1.803917E+1	1.963193E+0	-1.803874E+1	7.023192E-2	2.426995E+3	-1.907235E+3	4.712940E+3	-2.850565E+3	7.352645E+3	-1.072407E+4	8.663820E+3	-1.713530E+4
1.141700E+2	-1.804701E+1	1.997153E+0	-1.804658E+1	7.015188E-2	2.426791E+3	-1.907031E+3	4.712940E+3	-2.850361E+3	7.352441E+3	-1.072427E+4	8.663820E+3	-1.713530E+4
1.141800E+2	-1.805637E+1	1.957037E+0	-1.805594E+1	7.005637E-2	2.426760E+3	-1.908207E+3	4.713543E+3	-2.851577E+3	7.352410E+3	-1.072430E+4	8.659477E+3	-1.713530E+4
1.141900E+2	-1.806648E+1	1.815018E+0	-1.806605E+1	6.995327E-2	2.426760E+3	-1.909634E+3	4.714257E+3	-2.850863E+3	7.352410E+3	-1.072430E+4	8.660904E+3	-1.713530E+4
1.142000E+2	-1.807678E+1	1.962414E+0	-1.807636E+1	6.984809E-2	2.426760E+3	-1.910777E+3	4.714713E+3	-2.850407E+3	7.352333E+3	-1.072438E+4	8.661816E+3	-1.713545E+4
1.142100E+2	-1.808705E+1	2.043536E+0	-1.808662E+1	6.974332E-2	2.426760E+3	-1.911081E+3	4.714409E+3	-2.850711E+3	7.352029E+3	-1.072469E+4	8.661208E+3	-1.713606E+4
1.142200E+2	-1.809619E+1	1.909073E+0	-1.809576E+1	6.965004E-2	2.426760E+3	-1.911385E+3	4.714105E+3	-2.851015E+3	7.351725E+3	-1.072500E+4	8.660600E+3	-1.713667E+4
1.142300E+2	-1.810496E+1	1.942375E+0	-1.810454E+1	6.956053E-2	2.426760E+3	-1.911689E+3	4.713801E+3	-2.851319E+3	7.351421E+3	-1.072532E+4	8.659992E+3	-1.713728E+4
1.142400E+2	-1.811351E+1	1.942593E+0	-1.811308E+1	6.947332E-2	2.426760E+3	-1.911993E+3	4.713497E+3	-2.851623E+3	7.351117E+3	-1.072563E+4	8.659384E+3	-1.713789E+4
1.142500E+2	-1.812190E+1	2.032387E+0	-1.812147E+1	6.938769E-2	2.426760E+3	-1.912297E+3	4.713193E+3	-2.851927E+3	7.350813E+3	-1.072594E+4	8.658776E+3	-1.713849E+4
1.142600E+2	-1.813128E+1	2.005314E+0	-1.813085E+1	6.929199E-2	2.426519E+3	-1.912068E+3	4.712699E+3	-2.852421E+3	7.350801E+3	-1.072620E+4	8.658270E+3	-1.713875E+4
1.142700E+2	-1.814155E+1	1.894745E+0	-1.814112E+1	6.918725E-2	2.425092E+3	-1.909214E+3	4.711272E+3	-2.853848E+3	7.352228E+3	-1.072620E+4	8.658270E+3	-1.713729E+4
1.142800E+2	-1.815095E+1	1.935925E+0	-1.815052E+1	6.909132E-2	2.424460E+3	-1.909300E+3	4.710640E+3	-2.854480E+3	7.351511E+3	-1.072620E+4	8.658270E+3	-1.713756E+4
1.142900E+2	-1.816024E+1	1.981408E+0	-1.815981E+1	6.899649E-2	2.423945E+3	-1.909815E+3	4.710125E+3	-2.854995E+3	7.350480E+3	-1.072620E+4	8.658270E+3	-1.713809E+4
1.143000E+2	-1.816917E+1	1.938563E+0	-1.816874E+1	6.890536E-2	2.423430E+3	-1.910330E+3	4.709610E+3	-2.855510E+3	7.349450E+3	-1.072620E+4	8.658270E+3	-1.713862E+4
1.143100E+2	-1.817810E+1	1.896848E+0	-1.817767E+1	6.881424E-2	2.423182E+3	-1.910578E+3	4.709240E+3	-2.855758E+3	7.348832E+3	-1.072620E+4	8.658513E+3	-1.713876E+4
1.143200E+2	-1.818758E+1	1.816835E+0	-1.818715E+1	6.871756E-2	2.423613E+3	-1.910147E+3	4.709240E+3	-2.855327E+3	7.349263E+3	-1.072620E+4	8.659376E+3	-1.713789E+4
1.143300E+2	-1.819781E+1	2.004703E+0	-1.819738E+1	6.861316E-2	2.424044E+3	-1.909716E+3	4.709240E+3	-2.854896E+3	7.349694E+3	-1.072620E+4	8.660239E+3	-1.713703E+4
1.143400E+2	-1.820782E+1	1.984368E+0	-1.820740E+1	6.851094E-2	2.424476E+3	-1.909284E+3	4.709240E+3	-2.854464E+3	7.350126E+3	-1.072620E+4	8.661102E+3	-1.713617E+4
1.143500E+2	-1.821742E+1	1.946551E+0	-1.821699E+1	6.841302E-2	2.424907E+3	-1.908853E+3	4.709240E+3	-2.854033E+3	7.350557E+3	-1.072620E+4	8.661964E+3	-1.713531E+4
1.143600E+2	-1.822659E+1	1.879103E+0	-1.822616E+1	6.831949E-2	2.425678E+3	-1.908850E+3	4.709624E+3	-2.854030E+3	7.351328E+3	-1.072620E+4	8.661586E+3	-1.713567E+4
1.143700E+2	-1.823552E+1	1.945790E+0	-1.823509E+1	6.822833E-2	2.426451E+3	-1.908850E+3	4.710010E+3	-2.854030E+3	7.352101E+3	-1.072620E+4	8.661200E+3	-1.713605E+4
1.143800E+2	-1.824534E+1	2.003656E+0	-1.824491E+1	6.812816E-2	2.427224E+3	-1.908850E+3	4.710397E+3	-2.854030E+3	7.352874E+3	-1.072620E+4	8.660813E+3	-1.713643E+4
1.143900E+2	-1.825536E+1	1.887923E+0	-1.825493E+1	6.802589E-2	2.427997E+3	-1.908850E+3	4.710783E+3	-2.854030E+3	7.353647E+3	-1.072620E+4	8.660427E+3	-1.713680E+4
1.144000E+2	-1.826473E+1	1.818717E+0	-1.826431E+1	6.793022E-2	2.428587E+3	-1.908850E+3	4.711090E+3	-2.853983E+3	7.354307E+3	-1.072618E+4	8.660237E+3	-1.713708E+4
1.144100E+2	-1.827403E+1	1.937445E+0	-1.827361E+1	6.783532E-2	2.428474E+3	-1.908850E+3	4.711090E+3	-2.853757E+3	7.354533E+3	-1.072606E+4	8.660802E+3	-1.713697E+4
1.144200E+2	-1.828373E+1	1.986017E+0	-1.828330E+1	6.773641E-2	2.428360E+3	-1.908850E+3	4.711090E+3	-2.853531E+3	7.354759E+3	-1.072594E+4	8.661368E+3	-1.713686E+4
1.144300E+2	-1.829336E+1	1.967823E+0	-1.829294E+1	6.763808E-2	2.428247E+3	-1.908850E+3	4.711090E+3	-2.853305E+3	7.354985E+3	-1.072583E+4	8.661933E+3	-1.713675E+4
1.144400E+2	-1.830396E+1	1.856151E+0	-1.830353E+1	6.752994E-2	2.428134E+3	-1.908850E+3	4.711090E+3	-2.853078E+3	7.355212E+3	-1.072571E+4	8.662499E+3	-1.713664E+4
1.144500E+2	-1.831475E+1	1.919003E+0	-1.831432E+1	6.741985E-2	2.428021E+3	-1.908850E+3	4.711090E+3	-2.852852E+3	7.355438E+3	-1.072560E+4	8.663064E+3	-1.713653E+4
1.144600E+2	-1.832556E+1	2.031091E+0	-1.832513E+1	6.730954E-2	2.427908E+3	-1.908850E+3	4.711090E+3	-2.852626E+3	7.355664E+3	-1.072548E+4	8.663630E+3	-1.713642E+4
1.144700E+2	-1.833627E+1	1.933965E+0	-1.833584E+1	6.720025E-2	2.427795E+3	-1.908850E+3	4.711090E+3	-2.852400E+3	7.355890E+3	-1.072536E+4	8.664195E+3	-1.713631E+4
1.144800E+2	-1.834682E+1	1.900224E+0	-1.834639E+1	6.709258E-2	2.427682E+3	-1.908850E+3	4.711090E+3	-2.852174E+3	7.356116E+3	-1.072525E+4	8.664761E+3	-1.713620E+4
1.144900E+2	-1.835743E+1	1.854679E+0	-1.835700E+1	6.698432E-2	2.427569E+3	-1.908850E+3	4.711090E+3	-2.851947E+3	7.356343E+3	-1.072513E+4	8.665326E+3	-1.713609E+4
1.145000E+2	-1.836749E+1	1.960572E+0	-1.836706E+1	6.688168E-2	2.427456E+3	-1.908850E+3	4.711090E+3	-2.851721E+3	7.356569E+3	-1.072501E+4	8.665892E+3	-1.713598E+4
1.145100E+2	-1.837737E+1	1.947525E+0	-1.837694E+1	6.678092E-2	2.427343E+3	-1.908850E+3	4.711090E+3	-2.851495E+3	7.356795E+3	-1.072490E+4	8.666457E+3	-1.713587E+4
1.145200E+2	-1.838657E+1	1.810925E+0	-1.838615E+1	6.668696E-2	2.427229E+3	-1.908850E+3	4.711090E+3	-2.851269E+3	7.357021E+3	-1.072478E+4	8.667023E+3	-1.713576E+4
1.145300E+2	-1.839526E+1	1.784177E+0	-1.839483E+1	6.659834E-2	2.427116E+3	-1.908850E+3	4.711090E+3	-2.851043E+3	7.357247E+3	-1.072467E+4	8.667589E+3	-1.713565E+4
1.145400E+2	-1.840547E+1	1.885989E+0	-1.840504E+1	6.649419E-2	2.427003E+3	-1.908850E+3	4.711090E+3	-2.850816E+3	7.357474E+3	-1.072455E+4	8.668154E+3	-1.713554E+4
1.145500E+2	-1.841526E+1	2.021296E+0	-1.841483E+1	6.639425E-2	2.426890E+3	-1.908850E+3	4.711090E+3	-2.850590E+3	7.357700E+3	-1.072443E+4	8.668720E+3	-1.713543E+4
1.145600E+2	-1.842463E+1	1.981860E+0	-1.842420E+1	6.629866E-2	2.426777E+3	-1.908850E+3	4.711090E+3	-2.850364E+3	7.357926E+3	-1.072432E+4	8.669285E+3	-1.713532E+4
1.145700E+2	-1.843471E+1	1.798869E+0	-1.843428E+1	6.619581E-2	2.428500E+3	-1.907110E+3	4.712830E+3	-2.852070E+3	7.361550E+3	-1.072441E+4	8.671220E+3	-1.713530E+4
1.145800E+2	-1.844384E+1	1.946182E+0	-1.844341E+1	6.610260E-2	2.428353E+3	-1.907257E+3	4.712683E+3	-2.851923E+3	7.361403E+3	-1.072456E+4	8.671220E+3	-1.713530E+4
1.145900E+2	-1.845277E+1	1.951001E+0	-1.845234E+1	6.601152E-2	2.428205E+3	-1.907405E+3	4.712535E+3	-2.851775E+3	7.361255E+3	-1.072472E+4	8.671220E+3	-1.713530E+4
1.146000E+2	-1.846237E+1	1.927679E+0	-1.846194E+1	6.591353E-2	2.428058E+3	-1.907552E+3	4.712388E+3	-2.851628E+3	7.361108E+3	-1.072487E+4	8.671220E+3	-1.713530E+4
1.146100E+2	-1.847222E+1	1.886323E+0	-1.847180E+1	6.581298E-2	2.427911E+3	-1.907699E+3	4.712241E+3	-2.851481E+3	7.360961E+3	-1.072502E+4	8.671220E+3	-1.713530E+4
1.146200E+2	-1.848263E+1	1.890909E+0	-1.848220E+1	6.570683E-2	2.427764E+3	-1.907846E+3	4.712094E+3	-2.851334E+3	7.360814E+3	-1.072517E+4	8.671220E+3	-1.713530E+4
1.146300E+2	-1.849327E+1	1.980207E+0	-1.849284E+1	6.559824E-2	2.427616E+3	-1.907994E+3	4.711946E+3	-2.851186E+3	7.360666E+3	-1.072532E+4	8.671220E+3	-1.713530E+4
1.146400E+2	-1.850405E+1	1.954438E+0	-1.850363E+1	6.548819E-2	2.427469E+3	-1.908141E+3	4.711799E+3	-2.851039E+3	7.360519E+3	-1.072547E+4	8.671220E+3	-1.713530E+4
1.146500E+2	-1.851495E+1	1.867037E+0	-1.851452E+1	6.537704E-2	2.427322E+3	-1.908288E+3	4.711652E+3	-2.850892E+3	7.360372E+3	-1.072562E+4	8.671220E+3	-1.713530E+4
1.146600E+2	-1.852554E+1	1.850883E+0	-1.852511E+1	6.526896E-2	2.427175E+3	-1.908435E+3	4.711505E+3	-2.850745E+3	7.360225E+3	-1.072577E+4	8.671220E+3	-1.713530E+4
1.146700E+2	-1.853546E+1	1.937225E+0	-1.853503E+1	6.516773E-2	2.427027E+3	-1.908583E+3	4.711357E+3	-2.850597E+3	7.360077E+3	-1.072593E+4	8.671220E+3	-1.713530E+4
1.146800E+2	-1.854572E+1	2.034880E+0	-1.854529E+1	6.506304E-2	2.426880E+3	-1.908730E+3	4.711210E+3	-2.850450E+3	7.359930E+3	-1.072608E+4	8.671220E+3	-1.713530E+4
1.146900E+2	-1.855641E+1	1.848565E+0	-1.855599E+1	6.495389E-2	2.426806E+3	-1.914354E+3	4.711090E+3	-2.852203E+3	7.359833E+3	-1.072620E+4	8.669347E+3	-1.713532E+4
1.147000E+2	-1.856681E+1	1.787954E+0	-1.856638E+1	6.484786E-2	2.427059E+3	-1.914101E+3	4.711090E+3	-2.852329E+3	7.359959E+3	-1.072620E+4	8.669221E+3	-1.713545E+4
1.147100E+2	-1.857664E+1	1.899218E+0	-1.857621E+1	6.474748E-2	2.427311E+3	-1.913849E+3	4.711090E+3	-2.852456E+3	7.360086E+3	-1.072620E+4	8.669094E+3	-1.713557E+4
1.147200E+2	-1.858582E+1	1.921164E+0	-1.858539E+1	6.465385E-2	2.427564E+3	-1.913596E+3	4.711090E+3	-2.852582E+3	7.360212E+3	-1.072620E+4	8.668968E+3	-1.713569E+4
1.147300E+2	-1.859470E+1	1.904654E+0	-1.859427E+1	6.456325E-2	2.427816E+3	-1.913344E+3	4.711090E+3	-2.852708E+3	7.360338E+3	-1.072620E+4	8.668842E+3	-1.713581E+4
1.147400E+2	-1.860377E+1	1.755131E+0	-1.860334E+1	6.447071E-2	2.428068E+3	-1.913092E+3	4.711090E+3	-2.852834E+3	7.360464E+3	-1.072620E+4	8.668716E+3	-1.713594E+4
1.147500E+2	-1.861224E+1	1.896194E+0	-1.861181E+1	6.438422E-2	2.428321E+3	-1.912839E+3	4.711090E+3	-2.852960E+3	7.360590E+3	-1.072620E+4	8.668590E+3	-1.713606E+4
1.147600E+2	-1.862159E+1	1.999592E+0	-1.862116E+1	6.428889E-2	2.428573E+3	-1.912587E+3	4.711090E+3	-2.853087E+3	7.360717E+3	-1.072620E+4	8.668463E+3	-1.713618E+4
1.147700E+2	-1.863209E+1	1.916955E+0	-1.863166E+1	6.418170E-2	2.428825E+3	-1.912335E+3	4.711090E+3	-2.853213E+3	7.360843E+3	-1.072620E+4	8.668337E+3	-1.713630E+4
1.147800E+2	-1.864313E+1	1.852963E+0	-1.864271E+1	6.406900E-2	2.429078E+3	-1.912082E+3	4.711090E+3	-2.853339E+3	7.360969E+3	-1.072620E+4	8.668211E+3	-1.713643E+4
1.147900E+2	-1.865379E+1	1.813522E+0	-1.865336E+1	6.396030E-2	2.429330E+3	-1.911830E+3	4.711090E+3	-2.853465E+3	7.361095E+3	-1.072620E+4	8.668085E+3	-1.713655E+4
1.148000E+2	-1.866396E+1	1.942049E+0	-1.866353E+1	6.385649E-2	2.429583E+3	-1.911577E+3	4.711090E+3	-2.853591E+3	7.361221E+3	-1.072620E+4	8.667959E+3	-1.713667E+4
1.148100E+2	-1.867355E+1	1.959137E+0	-1.867313E+1	6.375860E-2	2.429835E+3	-1.911325E+3	4.711090E+3	-2.853717E+3	7.361347E+3	-1.072620E+4	8.667833E+3	-1.713680E+4
1.148200E+2	-1.868318E+1	1.848279E+0	-1.868275E+1	6.366040E-2	2.430087E+3	-1.911073E+3	4.711090E+3	-2.853844E+3	7.361474E+3	-1.072620E+4	8.667706E+3	-1.713692E+4
1.148300E+2	-1.869312E+1	1.835975E+0	-1.869269E+1	6.355899E-2	2.430340E+3	-1.910820E+3	4.711090E+3	-2.853970E+3	7.361600E+3	-1.072620E+4	8.667580E+3	-1.713704E+4
1.148400E+2	-1.870290E+1	1.849618E+0	-1.870247E+1	6.345918E-2	2.429834E+3	-1.910387E+3	4.710777E+3	-2.853717E+3	7.361973E+3	-1.072588E+4	8.668772E+3	-1.713647E+4
1.148500E+2	-1.871332E+1	1.840387E+0	-1.871290E+1	6.335277E-2	2.428637E+3	-1.909789E+3	4.710179E+3	-2.853119E+3	7.362571E+3	-1.072526E+4	8.671165E+3	-1.713528E+4
1.148600E+2	-1.872418E+1	1.827165E+0	-1.872376E+1	6.324196E-2	2.427441E+3	-1.909190E+3	4.709580E+3	-2.852520E+3	7.363170E+3	-1.072465E+4	8.673559E+3	-1.713408E+4
1.148700E+2	-1.873458E+1	1.761201E+0	-1.873415E+1	6.313585E-2	2.427427E+3	-1.907817E+3	4.712940E+3	-2.850997E+3	7.364177E+3	-1.072620E+4	8.676103E+3	-1.713408E+4
1.148800E+2	-1.874482E+1	1.887521E+0	-1.874440E+1	6.303134E-2	2.428692E+3	-1.912632E+3	4.712940E+3	-2.851934E+3	7.365442E+3	-1.072620E+4	8.675084E+3	-1.713530E+4
1.148900E+2	-1.875470E+1	1.845781E+0	-1.875427E+1	6.293056E-2	2.429042E+3	-1.912982E+3	4.712940E+3	-2.850884E+3	7.365792E+3	-1.072620E+4	8.675784E+3	-1.713530E+4
1.149000E+2	-1.876468E+1	1.852826E+0	-1.876425E+1	6.282876E-2	2.429392E+3	-1.913332E+3	4.712940E+3	-2.849834E+3	7.366142E+3	-1.072620E+4	8.676484E+3	-1.713530E+4
1.149100E+2	-1.877502E+1	1.810992E+0	-1.877459E+1	6.272322E-2	2.429742E+3	-1.913682E+3	4.712940E+3	-2.848784E+3	7.366492E+3	-1.072620E+4	8.677184E+3	-1.713530E+4
1.149200E+2	-1.878461E+1	1.871355E+0	-1.878418E+1	6.262542E-2	2.430092E+3	-1.914032E+3	4.712940E+3	-2.847734E+3	7.366842E+3	-1.072620E+4	8.677884E+3	-1.713530E+4
1.149300E+2	-1.879321E+1	1.981223E+0	-1.879278E+1	6.253759E-2	2.430442E+3	-1.914382E+3	4.712940E+3	-2.846684E+3	7.367192E+3	-1.072620E+4	8.678584E+3	-1.713530E+4
1.149400E+2	-1.880169E+1	1.831121E+0	-1.880126E+1	6.245111E-2	2.430460E+3	-1.914009E+3	4.712940E+3	-2.847412E+3	7.367210E+3	-1.072620E+4	8.677838E+3	-1.713530E+4
1.149500E+2	-1.881049E+1	1.799589E+0	-1.881007E+1	6.236125E-2	2.430460E+3	-1.913597E+3	4.712940E+3	-2.848237E+3	7.367210E+3	-1.072620E+4	8.677013E+3	-1.713530E+4
1.149600E+2	-1.882000E+1	1.854478E+0	-1.881957E+1	6.226427E-2	2.430460E+3	-1.913185E+3	4.712940E+3	-2.849061E+3	7.367210E+3	-1.072620E+4	8.676189E+3	-1.713530E+4
1.149700E+2	-1.882964E+1	1.921290E+0	-1.882921E+1	6.216588E-2	2.430460E+3	-1.912772E+3	4.712940E+3	-2.849885E+3	7.367210E+3	-1.072620E+4	8.675365E+3	-1.713530E+4
1.149800E+2	-1.883978E+1	1.969243E+0	-1.883935E+1	6.206245E-2	2.429909E+3	-1.912274E+3	4.712664E+3	-2.850606E+3	7.367486E+3	-1.072620E+4	8.675747E+3	-1.713475E+4
1.149900E+2	-1.885084E+1	1.799576E+0	-1.885041E+1	6.194956E-2	2.428712E+3	-1.911676E+3	4.712066E+3	-2.851204E+3	7.368084E+3	-1.072620E+4	8.677542E+3	-1.713355E+4
1.150000E+2	-1.886149E+1	1.824995E+0	-1.886107E+1	6.184084E-2	2.427515E+3	-1.911078E+3	4.711468E+3	-2.851802E+3	7.368682E+3	-1.072620E+4	8.679337E+3	-1.713236E+4
1.150100E+2	-1.887147E+1	1.952657E+0	-1.887104E+1	6.173904E-2	2.426475E+3	-1.910129E+3	4.711233E+3	-2.852037E+3	7.368917E+3	-1.072620E+4	8.680613E+3	-1.713174E+4
1.150200E+2	-1.888201E+1	1.891606E+0	-1.888158E+1	6.163153E-2	2.425702E+3	-1.908584E+3	4.711619E+3	-2.851651E+3	7.368531E+3	-1.072620E+4	8.680999E+3	-1.713211E+4
1.150300E+2	-1.889273E+1	1.865001E+0	-1.889230E+1	6.152214E-2	2.424929E+3	-1.907038E+3	4.712006E+3	-2.851264E+3	7.368144E+3	-1.072620E+4	8.681386E+3	-1.713249E+4
1.150400E+2	-1.890336E+1	1.738178E+0	-1.890293E+1	6.141366E-2	2.424156E+3	-1.905492E+3	4.712392E+3	-2.850878E+3	7.367758E+3	-1.072620E+4	8.681772E+3	-1.713287E+4
1.150500E+2	-1.891380E+1	1.908300E+0	-1.891337E+1	6.130715E-2	2.423383E+3	-1.903946E+3	4.712778E+3	-2.850492E+3	7.367372E+3	-1.072620E+4	8.682158E+3	-1.713324E+4
1.150600E+2	-1.892341E+1	1.950945E+0	-1.892298E+1	6.120905E-2	2.423397E+3	-1.903300E+3	4.712940E+3	-2.850330E+3	7.367547E+3	-1.072620E+4	8.682320E+3	-1.713340E+4
1.150700E+2	-1.893303E+1	1.902175E+0	-1.893260E+1	6.111087E-2	2.423977E+3	-1.903300E+3	4.712940E+3	-2.850330E+3	7.368127E+3	-1.072620E+4	8.682320E+3	-1.713340E+4
1.150800E+2	-1.894378E+1	1.862833E+0	-1.894335E+1	6.100116E-2	2.424557E+3	-1.903300E+3	4.712940E+3	-2.850330E+3	7.368707E+3	-1.072620E+4	8.682320E+3	-1.713340E+4
1.150900E+2	-1.895415E+1	1.914898E+0	-1.895372E+1	6.089537E-2	2.425162E+3	-1.903426E+3	4.713066E+3	-2.850393E+3	7.369123E+3	-1.072626E+4	8.682257E+3	-1.713346E+4
1.151000E+2	-1.896370E+1	1.952530E+0	-1.896327E+1	6.079789E-2	2.425807E+3	-1.903749E+3	4.713389E+3	-2.850554E+3	7.369284E+3	-1.072642E+4	8.682096E+3	-1.713363E+4
1.151100E+2	-1.897291E+1	1.908832E+0	-1.897249E+1	6.070389E-2	2.426452E+3	-1.904071E+3	4.713711E+3	-2.850716E+3	7.369446E+3	-1.072658E+4	8.681934E+3	-1.713380E+4
1.151200E+2	-1.898192E+1	1.776687E+0	-1.898150E+1	6.061196E-2	2.427097E+3	-1.904394E+3	4.714034E+3	-2.850877E+3	7.369607E+3	-1.072673E+4	8.681773E+3	-1.713396E+4
1.151300E+2	-1.899116E+1	1.902038E+0	-1.899073E+1	6.051772E-2	2.427743E+3	-1.904716E+3	4.714356E+3	-2.851038E+3	7.369768E+3	-1.072689E+4	8.681612E+3	-1.713413E+4
1.151400E+2	-1.900068E+1	1.921573E+0	-1.900025E+1	6.042059E-2	2.428388E+3	-1.905039E+3	4.714679E+3	-2.851199E+3	7.369929E+3	-1.072705E+4	8.681451E+3	-1.713429E+4
1.151500E+2	-1.901083E+1	1.909043E+0	-1.901040E+1	6.031702E-2	2.429033E+3	-1.905362E+3	4.715002E+3	-2.851361E+3	7.370091E+3	-1.072720E+4	8.681289E+3	-1.713446E+4
1.151600E+2	-1.902139E+1	1.828614E+0	-1.902096E+1	6.020929E-2	2.429678E+3	-1.905684E+3	4.715324E+3	-2.851522E+3	7.370252E+3	-1.072736E+4	8.681128E+3	-1.713462E+4
1.151700E+2	-1.903208E+1	1.788112E+0	-1.903165E+1	6.010018E-2	2.430323E+3	-1.906007E+3	4.715647E+3	-2.851683E+3	7.370413E+3	-1.072752E+4	8.680967E+3	-1.713479E+4
1.151800E+2	-1.904210E+1	1.920589E+0	-1.904167E+1	5.999796E-2	2.430969E+3	-1.906329E+3	4.715969E+3	-2.851845E+3	7.370575E+3	-1.072767E+4	8.680805E+3	-1.713496E+4
1.151900E+2	-1.905158E+1	1.922955E+0	-1.905116E+1	5.990114E-2	2.431614E+3	-1.906652E+3	4.716292E+3	-2.852006E+3	7.370736E+3	-1.072783E+4	8.680644E+3	-1.713512E+4
1.152000E+2	-1.906115E+1	1.884195E+0	-1.906073E+1	5.980350E-2	2.432259E+3	-1.906974E+3	4.716614E+3	-2.852167E+3	7.370897E+3	-1.072799E+4	8.680483E+3	-1.713529E+4
1.152100E+2	-1.907095E+1	1.813001E+0	-1.907052E+1	5.970358E-2	2.430460E+3	-1.910700E+3	4.712940E+3	-2.851644E+3	7.371689E+3	-1.072855E+4	8.681784E+3	-1.713395E+4
1.152200E+2	-1.908047E+1	1.837218E+0	-1.908004E+1	5.960638E-2	2.430279E+3	-1.910700E+3	4.712940E+3	-2.851999E+3	7.372760E+3	-1.072800E+4	8.682682E+3	-1.713340E+4
1.152300E+2	-1.909075E+1	1.988363E+0	-1.909032E+1	5.950147E-2	2.429989E+3	-1.910700E+3	4.712940E+3	-2.851709E+3	7.372760E+3	-1.072800E+4	8.683262E+3	-1.713340E+4
1.152400E+2	-1.910140E+1	1.870611E+0	-1.910097E+1	5.939286E-2	2.429699E+3	-1.910700E+3	4.712940E+3	-2.851419E+3	7.372760E+3	-1.072800E+4	8.683841E+3	-1.713340E+4
1.152500E+2	-1.911185E+1	1.810540E+0	-1.911142E+1	5.928622E-2	2.429409E+3	-1.910700E+3	4.712940E+3	-2.851129E+3	7.372760E+3	-1.072800E+4	8.684421E+3	-1.713340E+4
1.152600E+2	-1.912246E+1	1.895293E+0	-1.912203E+1	5.917796E-2	2.429120E+3	-1.910700E+3	4.712940E+3	-2.850840E+3	7.372760E+3	-1.072800E+4	8.685001E+3	-1.713340E+4
1.152700E+2	-1.913244E+1	1.965375E+0	-1.913201E+1	5.907612E-2	2.428830E+3	-1.910700E+3	4.712940E+3	-2.850550E+3	7.372760E+3	-1.072800E+4	8.685580E+3	-1.713340E+4
1.152800E+2	-1.914171E+1	1.964601E+0	-1.914129E+1	5.898146E-2	2.428423E+3	-1.910700E+3	4.712940E+3	-2.850330E+3	7.372947E+3	-1.072800E+4	8.686207E+3	-1.713340E+4
1.152900E+2	-1.915105E+1	1.818205E+0	-1.915062E+1	5.888618E-2	2.427650E+3	-1.910700E+3	4.712940E+3	-2.850330E+3	7.373720E+3	-1.072800E+4	8.686980E+3	-1.713340E+4
1.153000E+2	-1.916062E+1	1.839723E+0	-1.916019E+1	5.878852E-2	2.426878E+3	-1.910700E+3	4.712940E+3	-2.850330E+3	7.374492E+3	-1.072800E+4	8.687752E+3	-1.713340E+4
1.153100E+2	-1.916971E+1	1.977855E+0	-1.916929E+1	5.869574E-2	2.427002E+3	-1.910942E+3	4.713182E+3	-2.850088E+3	7.374368E+3	-1.072800E+4	8.687628E+3	-1.713340E+4
1.153200E+2	-1.917943E+1	1.897031E+0	-1.917900E+1	5.859663E-2	2.427287E+3	-1.911227E+3	4.713467E+3	-2.849803E+3	7.374083E+3	-1.072800E+4	8.687343E+3	-1.713340E+4
1.153300E+2	-1.918884E+1	1.844979E+0	-1.918842E+1	5.850054E-2	2.427573E+3	-1.911513E+3	4.713753E+3	-2.849517E+3	7.373797E+3	-1.072800E+4	8.687057E+3	-1.713340E+4
1.153400E+2	-1.919837E+1	1.767029E+0	-1.919794E+1	5.840334E-2	2.427858E+3	-1.911798E+3	4.714038E+3	-2.849232E+3	7.373512E+3	-1.072800E+4	8.686772E+3	-1.713340E+4
1.153500E+2	-1.920806E+1	1.955246E+0	-1.920763E+1	5.830449E-2	2.428143E+3	-1.912083E+3	4.714323E+3	-2.848947E+3	7.373227E+3	-1.072800E+4	8.686487E+3	-1.713340E+4
1.153600E+2	-1.921770E+1	1.979304E+0	-1.921728E+1	5.820604E-2	2.428429E+3	-1.912369E+3	4.714609E+3	-2.848661E+3	7.372941E+3	-1.072800E+4	8.686201E+3	-1.713340E+4
1.153700E+2	-1.922751E+1	1.801873E+0	-1.922708E+1	5.810596E-2	2.428610E+3	-1.912801E+3	4.714539E+3	-2.848731E+3	7.372760E+3	-1.072800E+4	8.686020E+3	-1.713366E+4
1.153800E+2	-1.923688E+1	1.804478E+0	-1.923645E+1	5.801041E-2	2.428610E+3	-1.913488E+3	4.713852E+3	-2.849418E+3	7.372760E+3	-1.072800E+4	8.686020E+3	-1.713436E+4
1.153900E+2	-1.924613E+1	1.882680E+0	-1.924570E+1	5.791601E-2	2.428610E+3	-1.914175E+3	4.713165E+3	-2.850105E+3	7.372760E+3	-1.072800E+4	8.686020E+3	-1.713507E+4
1.154000E+2	-1.925608E+1	1.992951E+0	-1.925565E+1	5.781443E-2	2.428610E+3	-1.914126E+3	4.712803E+3	-2.850330E+3	7.372623E+3	-1.072814E+4	8.685746E+3	-1.713543E+4
1.154100E+2	-1.926614E+1	1.909827E+0	-1.926571E+1	5.771181E-2	2.428610E+3	-1.913718E+3	4.712599E+3	-2.850330E+3	7.372419E+3	-1.072835E+4	8.685338E+3	-1.713563E+4
1.154200E+2	-1.927556E+1	1.731969E+0	-1.927513E+1	5.761568E-2	2.428610E+3	-1.913311E+3	4.712395E+3	-2.850330E+3	7.372215E+3	-1.072856E+4	8.684931E+3	-1.713583E+4
1.154300E+2	-1.928451E+1	1.912710E+0	-1.928409E+1	5.752430E-2	2.428610E+3	-1.912903E+3	4.712191E+3	-2.850330E+3	7.372011E+3	-1.072877E+4	8.684523E+3	-1.713603E+4
1.154400E+2	-1.929486E+1	1.911051E+0	-1.929443E+1	5.741875E-2	2.428610E+3	-1.912495E+3	4.711988E+3	-2.850330E+3	7.371808E+3	-1.072898E+4	8.684115E+3	-1.713623E+4
1.154500E+2	-1.930464E+1	1.860336E+0	-1.930421E+1	5.731898E-2	2.428610E+3	-1.912087E+3	4.711784E+3	-2.850330E+3	7.371604E+3	-1.072919E+4	8.683707E+3	-1.713643E+4
1.154600E+2	-1.931396E+1	1.822033E+0	-1.931353E+1	5.722385E-2	2.428610E+3	-1.911680E+3	4.711580E+3	-2.850330E+3	7.371400E+3	-1.072940E+4	8.683300E+3	-1.713662E+4
1.154700E+2	-1.932350E+1	1.820809E+0	-1.932307E+1	5.712654E-2	2.428610E+3	-1.911272E+3	4.711376E+3	-2.850330E+3	7.371196E+3	-1.072961E+4	8.682892E+3	-1.713682E+4
1.154800E+2	-1.933381E+1	1.970519E+0	-1.933339E+1	5.702125E-2	2.428610E+3	-1.910864E+3	4.711172E+3	-2.850330E+3	7.370992E+3	-1.072982E+4	8.682484E+3	-1.713702E+4
1.154900E+2	-1.934474E+1	1.862013E+0	-1.934431E+1	5.690975E-2	2.428591E+3	-1.914361E+3	4.709259E+3	-2.850330E+3	7.372760E+3	-1.072988E+4	8.684189E+3	-1.713342E+4
1.155000E+2	-1.935578E+1	1.804596E+0	-1.935535E+1	5.679715E-2	2.428393E+3	-1.913967E+3	4.709457E+3	-2.850330E+3	7.372760E+3	-1.072968E+4	8.684387E+3	-1.713362E+4
1.155100E+2	-1.936647E+1	1.821579E+0	-1.936605E+1	5.668799E-2	2.428196E+3	-1.913572E+3	4.709654E+3	-2.850330E+3	7.372760E+3	-1.072947E+4	8.684584E+3	-1.713383E+4
1.155200E+2	-1.937716E+1	1.916381E+0	-1.937673E+1	5.657894E-2	2.427999E+3	-1.913177E+3	4.709851E+3	-2.850330E+3	7.372760E+3	-1.072927E+4	8.684781E+3	-1.713403E+4
1.155300E+2	-1.938709E+1	1.933635E+0	-1.938666E+1	5.647758E-2	2.427801E+3	-1.912783E+3	4.710049E+3	-2.850330E+3	7.372760E+3	-1.072907E+4	8.684979E+3	-1.713423E+4
1.155400E+2	-1.939670E+1	1.800877E+0	-1.939627E+1	5.637958E-2	2.427604E+3	-1.912388E+3	4.710246E+3	-2.850330E+3	7.372760E+3	-1.072887E+4	8.685176E+3	-1.713443E+4
1.155500E+2	-1.940612E+1	1.729532E+0	-1.940569E+1	5.628347E-2	2.427407E+3	-1.911993E+3	4.710443E+3	-2.850330E+3	7.372760E+3	-1.072866E+4	8.685373E+3	-1.713464E+4
1.155600E+2	-1.941513E+1	1.900555E+0	-1.941470E+1	5.619153E-2	2.427209E+3	-1.911599E+3	4.710641E+3	-2.850330E+3	7.372760E+3	-1.072846E+4	8.685571E+3	-1.713484E+4
1.155700E+2	-1.942497E+1	1.892241E+0	-1.942454E+1	5.609108E-2	2.427012E+3	-1.911204E+3	4.710838E+3	-2.850330E+3	7.372760E+3	-1.072826E+4	8.685768E+3	-1.713504E+4
1.155800E+2	-1.943464E+1	1.872525E+0	-1.943421E+1	5.599244E-2	2.426815E+3	-1.910809E+3	4.711035E+3	-2.850330E+3	7.372760E+3	-1.072806E+4	8.685965E+3	-1.713524E+4
1.155900E+2	-1.944386E+1	1.723910E+0	-1.944343E+1	5.589831E-2	2.426927E+3	-1.907000E+3	4.713107E+3	-2.852013E+3	7.369227E+3	-1.073154E+4	8.682487E+3	-1.713710E+4
1.156000E+2	-1.945295E+1	1.864354E+0	-1.945252E+1	5.580559E-2	2.427322E+3	-1.907000E+3	4.713502E+3	-2.851618E+3	7.369622E+3	-1.073115E+4	8.682882E+3	-1.713710E+4
1.156100E+2	-1.946225E+1	1.960143E+0	-1.946182E+1	5.571065E-2	2.427717E+3	-1.907000E+3	4.713897E+3	-2.851223E+3	7.370017E+3	-1.073077E+4	8.683277E+3	-1.713710E+4
1.156200E+2	-1.947136E+1	1.927146E+0	-1.947094E+1	5.561767E-2	2.428111E+3	-1.907000E+3	4.714291E+3	-2.850829E+3	7.370411E+3	-1.073039E+4	8.683671E+3	-1.713710E+4
1.156300E+2	-1.948075E+1	1.828544E+0	-1.948032E+1	5.552190E-2	2.428506E+3	-1.907000E+3	4.714686E+3	-2.850434E+3	7.370806E+3	-1.073000E+4	8.684066E+3	-1.713710E+4
1.156400E+2	-1.949057E+1	1.739182E+0	-1.949014E+1	5.542169E-2	2.428610E+3	-1.907455E+3	4.713879E+3	-2.850785E+3	7.371821E+3	-1.073034E+4	8.684625E+3	-1.713710E+4
1.156500E+2	-1.950028E+1	1.926334E+0	-1.949985E+1	5.532265E-2	2.428610E+3	-1.908074E+3	4.712643E+3	-2.851404E+3	7.373057E+3	-1.073094E+4	8.685244E+3	-1.713710E+4
1.156600E+2	-1.951085E+1	1.953155E+0	-1.951042E+1	5.521474E-2	2.428610E+3	-1.908692E+3	4.711406E+3	-2.852022E+3	7.374294E+3	-1.073155E+4	8.685862E+3	-1.713710E+4
1.156700E+2	-1.952184E+1	1.751515E+0	-1.952142E+1	5.510257E-2	2.428322E+3	-1.909138E+3	4.711090E+3	-2.851892E+3	7.375185E+3	-1.073142E+4	8.686883E+3	-1.713624E+4
1.156800E+2	-1.953257E+1	1.806357E+0	-1.953214E+1	5.499316E-2	2.427936E+3	-1.909524E+3	4.711090E+3	-2.851506E+3	7.375958E+3	-1.073104E+4	8.688042E+3	-1.713510E+4
1.156900E+2	-1.954329E+1	1.867844E+0	-1.954286E+1	5.488376E-2	2.427549E+3	-1.909911E+3	4.711090E+3	-2.851119E+3	7.376731E+3	-1.073067E+4	8.689202E+3	-1.713395E+4
1.157000E+2	-1.955347E+1	1.923481E+0	-1.955304E+1	5.477988E-2	2.427163E+3	-1.910297E+3	4.711090E+3	-2.850733E+3	7.377504E+3	-1.073029E+4	8.690361E+3	-1.713280E+4
1.157100E+2	-1.956238E+1	1.894096E+0	-1.956195E+1	5.468898E-2	2.426777E+3	-1.910683E+3	4.711090E+3	-2.850347E+3	7.378277E+3	-1.072992E+4	8.691520E+3	-1.713165E+4
1.157200E+2	-1.957164E+1	1.743861E+0	-1.957121E+1	5.459444E-2	2.426205E+3	-1.909590E+3	4.711090E+3	-2.850330E+3	7.378310E+3	-1.072933E+4	8.692125E+3	-1.713214E+4
1.157300E+2	-1.958081E+1	1.875075E+0	-1.958038E+1	5.450085E-2	2.425625E+3	-1.908431E+3	4.711090E+3	-2.850330E+3	7.378310E+3	-1.072873E+4	8.692705E+3	-1.713270E+4
1.157400E+2	-1.959037E+1	1.913182E+0	-1.958994E+1	5.440337E-2	2.425046E+3	-1.907272E+3	4.711090E+3	-2.850330E+3	7.378310E+3	-1.072814E+4	8.693284E+3	-1.713327E+4
1.157500E+2	-1.960033E+1	1.893594E+0	-1.959991E+1	5.430166E-2	2.425173E+3	-1.906868E+3	4.711222E+3	-2.850198E+3	7.378310E+3	-1.072814E+4	8.693552E+3	-1.713327E+4
1.157600E+2	-1.960935E+1	1.816251E+0	-1.960892E+1	5.420967E-2	2.425517E+3	-1.906697E+3	4.711393E+3	-2.850027E+3	7.378310E+3	-1.072831E+4	8.693723E+3	-1.713310E+4
1.157700E+2	-1.961875E+1	1.765325E+0	-1.961832E+1	5.411375E-2	2.425860E+3	-1.906525E+3	4.711565E+3	-2.849855E+3	7.378310E+3	-1.072849E+4	8.693895E+3	-1.713294E+4
1.157800E+2	-1.962877E+1	1.965357E+0	-1.962835E+1	5.401145E-2	2.426204E+3	-1.906353E+3	4.711737E+3	-2.849683E+3	7.378310E+3	-1.072866E+4	8.694067E+3	-1.713277E+4
1.157900E+2	-1.963761E+1	1.910539E+0	-1.963718E+1	5.392129E-2	2.426547E+3	-1.906181E+3	4.711909E+3	-2.849511E+3	7.378310E+3	-1.072884E+4	8.694239E+3	-1.713260E+4
1.158000E+2	-1.964591E+1	1.801400E+0	-1.964549E+1	5.383655E-2	2.426891E+3	-1.906010E+3	4.712080E+3	-2.849340E+3	7.378310E+3	-1.072902E+4	8.694410E+3	-1.713244E+4
1.158100E+2	-1.965446E+1	1.824410E+0	-1.965403E+1	5.374932E-2	2.427234E+3	-1.905838E+3	4.712252E+3	-2.849168E+3	7.378310E+3	-1.072919E+4	8.694582E+3	-1.713227E+4
1.158200E+2	-1.966258E+1	1.853777E+0	-1.966215E+1	5.366653E-2	2.427578E+3	-1.905666E+3	4.712424E+3	-2.848996E+3	7.378310E+3	-1.072937E+4	8.694754E+3	-1.713210E+4
1.158300E+2	-1.967087E+1	1.870192E+0	-1.967044E+1	5.358194E-2	2.427921E+3	-1.905494E+3	4.712596E+3	-2.848824E+3	7.378310E+3	-1.072955E+4	8.694926E+3	-1.713194E+4
1.158400E+2	-1.967979E+1	1.771274E+0	-1.967936E+1	5.349090E-2	2.428265E+3	-1.905323E+3	4.712767E+3	-2.848653E+3	7.378310E+3	-1.072972E+4	8.695097E+3	-1.713177E+4
1.158500E+2	-1.968971E+1	1.714156E+0	-1.968928E+1	5.338963E-2	2.428608E+3	-1.905151E+3	4.712939E+3	-2.848481E+3	7.378310E+3	-1.072990E+4	8.695269E+3	-1.713160E+4
1.158600E+2	-1.969962E+1	1.840576E+0	-1.969919E+1	5.328852E-2	2.429199E+3	-1.905346E+3	4.712744E+3	-2.848480E+3	7.378114E+3	-1.073009E+4	8.694681E+3	-1.713199E+4
1.158700E+2	-1.970940E+1	1.835085E+0	-1.970897E+1	5.318874E-2	2.429791E+3	-1.905544E+3	4.712546E+3	-2.848480E+3	7.377916E+3	-1.073028E+4	8.694089E+3	-1.713239E+4
1.158800E+2	-1.971956E+1	1.873141E+0	-1.971913E+1	5.308509E-2	2.430383E+3	-1.905741E+3	4.712349E+3	-2.848480E+3	7.377719E+3	-1.073047E+4	8.693497E+3	-1.713278E+4
1.158900E+2	-1.972946E+1	1.740538E+0	-1.972904E+1	5.298401E-2	2.430975E+3	-1.905938E+3	4.712152E+3	-2.848480E+3	7.377522E+3	-1.073067E+4	8.692905E+3	-1.713318E+4
1.159000E+2	-1.974002E+1	1.803687E+0	-1.973959E+1	5.287628E-2	2.431567E+3	-1.906136E+3	4.711954E+3	-2.848480E+3	7.377324E+3	-1.073086E+4	8.692313E+3	-1.713357E+4
1.159100E+2	-1.975098E+1	1.870566E+0	-1.975055E+1	5.276447E-2	2.432159E+3	-1.906333E+3	4.711757E+3	-2.848480E+3	7.377127E+3	-1.073105E+4	8.691721E+3	-1.713397E+4
1.159200E+2	-1.976182E+1	1.815936E+0	-1.976139E+1	5.265382E-2	2.432751E+3	-1.906530E+3	4.711560E+3	-2.848480E+3	7.376930E+3	-1.073124E+4	8.691129E+3	-1.713436E+4
1.159300E+2	-1.977212E+1	1.818748E+0	-1.977170E+1	5.254870E-2	2.433343E+3	-1.906728E+3	4.711362E+3	-2.848480E+3	7.376732E+3	-1.073143E+4	8.690537E+3	-1.713476E+4
1.159400E+2	-1.978130E+1	1.759537E+0	-1.978087E+1	5.245507E-2	2.433935E+3	-1.906925E+3	4.711165E+3	-2.848480E+3	7.376535E+3	-1.073163E+4	8.689945E+3	-1.713515E+4
1.159500E+2	-1.979014E+1	1.863823E+0	-1.978971E+1	5.236488E-2	2.433700E+3	-1.907920E+3	4.711550E+3	-2.848020E+3	7.376920E+3	-1.073125E+4	8.691100E+3	-1.713483E+4
1.159600E+2	-1.979966E+1	1.869878E+0	-1.979924E+1	5.226768E-2	2.432958E+3	-1.909404E+3	4.712292E+3	-2.847278E+3	7.377662E+3	-1.073053E+4	8.693326E+3	-1.713407E+4
1.159700E+2	-1.980983E+1	1.749480E+0	-1.980940E+1	5.216394E-2	2.430450E+3	-1.907000E+3	4.709240E+3	-2.850330E+3	7.376457E+3	-1.073170E+4	8.689723E+3	-1.713341E+4
1.159800E+2	-1.982007E+1	1.748323E+0	-1.981964E+1	5.205949E-2	2.430060E+3	-1.907000E+3	4.709240E+3	-2.850330E+3	7.376327E+3	-1.073170E+4	8.689853E+3	-1.713367E+4
1.159900E+2	-1.983057E+1	1.770110E+0	-1.983015E+1	5.195227E-2	2.429671E+3	-1.907000E+3	4.709240E+3	-2.850330E+3	7.376197E+3	-1.073170E+4	8.689983E+3	-1.713393E+4
1.160000E+2	-1.984067E+1	1.845211E+0	-1.984024E+1	5.184924E-2	2.429281E+3	-1.907000E+3	4.709240E+3	-2.850330E+3	7.376067E+3	-1.073170E+4	8.690113E+3	-1.713419E+4
1.160100E+2	-1.985083E+1	1.826561E+0	-1.985040E+1	5.174561E-2	2.428892E+3	-1.907000E+3	4.709240E+3	-2.850330E+3	7.375937E+3	-1.073170E+4	8.690243E+3	-1.713445E+4
1.160200E+2	-1.986084E+1	1.689084E+0	-1.986041E+1	5.164343E-2	2.428502E+3	-1.907000E+3	4.709240E+3	-2.850330E+3	7.375807E+3	-1.073170E+4	8.690373E+3	-1.713471E+4
1.160300E+2	-1.987022E+1	1.897560E+0	-1.986979E+1	5.154775E-2	2.428113E+3	-1.907000E+3	4.709240E+3	-2.850330E+3	7.375678E+3	-1.073170E+4	8.690502E+3	-1.713496E+4
1.160400E+2	-1.987961E+1	1.874989E+0	-1.987918E+1	5.145187E-2	2.427723E+3	-1.907000E+3	4.709240E+3	-2.850330E+3	7.375548E+3	-1.073170E+4	8.690632E+3	-1.713522E+4
1.160500E+2	-1.988801E+1	1.798125E+0	-1.988758E+1	5.136620E-2	2.427334E+3	-1.907000E+3	4.709240E+3	-2.850330E+3	7.375418E+3	-1.073170E+4	8.690762E+3	-1.713548E+4
1.160600E+2	-1.989650E+1	1.701114E+0	-1.989607E+1	5.127955E-2	2.426944E+3	-1.907000E+3	4.709240E+3	-2.850330E+3	7.375288E+3	-1.073170E+4	8.690892E+3	-1.713574E+4
1.160700E+2	-1.990624E+1	1.785918E+0	-1.990581E+1	5.118014E-2	2.426555E+3	-1.907000E+3	4.709240E+3	-2.850330E+3	7.375158E+3	-1.073170E+4	8.691022E+3	-1.713600E+4
1.160800E+2	-1.991663E+1	1.897424E+0	-1.991620E+1	5.107416E-2	2.426165E+3	-1.907000E+3	4.709240E+3	-2.850330E+3	7.375028E+3	-1.073170E+4	8.691152E+3	-1.713626E+4
1.160900E+2	-1.992699E+1	1.790049E+0	-1.992657E+1	5.096839E-2	2.425776E+3	-1.907000E+3	4.709240E+3	-2.850330E+3	7.374899E+3	-1.073170E+4	8.691281E+3	-1.713652E+4
1.161000E+2	-1.993708E+1	1.743488E+0	-1.993666E+1	5.086542E-2	2.425386E+3	-1.907000E+3	4.709240E+3	-2.850330E+3	7.374769E+3	-1.073170E+4	8.691411E+3	-1.713678E+4
1.161100E+2	-1.994629E+1	1.793533E+0	-1.994586E+1	5.077147E-2	2.424997E+3	-1.907000E+3	4.709240E+3	-2.850330E+3	7.374639E+3	-1.073170E+4	8.691541E+3	-1.713704E+4
1.161200E+2	-1.995568E+1	1.808230E+0	-1.995525E+1	5.067570E-2	2.428478E+3	-1.915985E+3	4.712808E+3	-2.850462E+3	7.378310E+3	-1.073360E+4	8.694873E+3	-1.713543E+4
1.161300E+2	-1.996550E+1	1.885594E+0	-1.996507E+1	5.057550E-2	2.428308E+3	-1.915645E+3	4.712638E+3	-2.850632E+3	7.378310E+3	-1.073360E+4	8.694363E+3	-1.713559E+4
1.161400E+2	-1.997487E+1	1.744534E+0	-1.997445E+1	5.047981E-2	2.428137E+3	-1.915305E+3	4.712467E+3	-2.850803E+3	7.378310E+3	-1.073360E+4	8.693852E+3	-1.713576E+4
1.161500E+2	-1.998369E+1	1.739249E+0	-1.998326E+1	5.038986E-2	2.427967E+3	-1.914964E+3	4.712297E+3	-2.850973E+3	7.378310E+3	-1.073360E+4	8.693342E+3	-1.713593E+4
1.161600E+2	-1.999246E+1	1.843320E+0	-1.999203E+1	5.030037E-2	2.427797E+3	-1.914624E+3	4.712127E+3	-2.851143E+3	7.378310E+3	-1.073360E+4	8.692831E+3	-1.713609E+4
1.161700E+2	-2.000130E+1	1.838445E+0	-2.000087E+1	5.021019E-2	2.427627E+3	-1.914284E+3	4.711957E+3	-2.851313E+3	7.378310E+3	-1.073360E+4	8.692321E+3	-1.713626E+4
1.161800E+2	-2.000985E+1	1.804286E+0	-2.000942E+1	5.012295E-2	2.427457E+3	-1.913943E+3	4.711787E+3	-2.851483E+3	7.378310E+3	-1.073360E+4	8.691810E+3	-1.713642E+4
1.161900E+2	-2.001904E+1	1.709179E+0	-2.001861E+1	5.002919E-2	2.427286E+3	-1.913603E+3	4.711616E+3	-2.851654E+3	7.378310E+3	-1.073360E+4	8.691299E+3	-1.713659E+4
1.162000E+2	-2.002896E+1	1.846674E+0	-2.002853E+1	4.992792E-2	2.427116E+3	-1.913263E+3	4.711446E+3	-2.851824E+3	7.378310E+3	-1.073360E+4	8.690789E+3	-1.713675E+4
1.162100E+2	-2.003924E+1	1.947974E+0	-2.003881E+1	4.982299E-2	2.426946E+3	-1.912922E+3	4.711276E+3	-2.851994E+3	7.378310E+3	-1.073360E+4	8.690278E+3	-1.713692E+4
1.162200E+2	-2.004996E+1	1.805698E+0	-2.004953E+1	4.971364E-2	2.426776E+3	-1.912582E+3	4.711106E+3	-2.852164E+3	7.378310E+3	-1.073360E+4	8.689768E+3	-1.713708E+4
1.162300E+2	-2.006054E+1	1.745023E+0	-2.006011E+1	4.960570E-2	2.424239E+3	-1.907000E+3	4.711090E+3	-2.850330E+3	7.377470E+3	-1.073360E+4	8.695270E+3	-1.713612E+4
1.162400E+2	-2.007071E+1	1.771295E+0	-2.007028E+1	4.950190E-2	2.421456E+3	-1.907000E+3	4.711090E+3	-2.850330E+3	7.376542E+3	-1.073360E+4	8.695270E+3	-1.713702E+4
1.162500E+2	-2.008054E+1	1.892884E+0	-2.008011E+1	4.940164E-2	2.422205E+3	-1.907663E+3	4.711422E+3	-2.850330E+3	7.377123E+3	-1.073360E+4	8.695933E+3	-1.713678E+4
1.162600E+2	-2.009067E+1	1.858958E+0	-2.009025E+1	4.929818E-2	2.423296E+3	-1.908390E+3	4.711785E+3	-2.850330E+3	7.377850E+3	-1.073360E+4	8.696660E+3	-1.713642E+4
1.162700E+2	-2.010189E+1	1.708946E+0	-2.010146E+1	4.918371E-2	2.424387E+3	-1.909118E+3	4.712149E+3	-2.850330E+3	7.378578E+3	-1.073360E+4	8.697388E+3	-1.713607E+4
1.162800E+2	-2.011238E+1	1.748122E+0	-2.011195E+1	4.907672E-2	2.425478E+3	-1.909845E+3	4.712513E+3	-2.850330E+3	7.379305E+3	-1.073360E+4	8.698115E+3	-1.713572E+4
1.162900E+2	-2.012244E+1	1.840351E+0	-2.012201E+1	4.897407E-2	2.426569E+3	-1.910573E+3	4.712876E+3	-2.850330E+3	7.380033E+3	-1.073360E+4	8.698843E+3	-1.713536E+4
1.163000E+2	-2.013258E+1	1.870626E+0	-2.013215E+1	4.887062E-2	2.427937E+3	-1.911289E+3	4.712940E+3	-2.850330E+3	7.380749E+3	-1.073360E+4	8.697793E+3	-1.713587E+4
1.163100E+2	-2.014277E+1	1.795383E+0	-2.014234E+1	4.876659E-2	2.429364E+3	-1.912002E+3	4.712940E+3	-2.850330E+3	7.381462E+3	-1.073360E+4	8.696366E+3	-1.713657E+4
1.163200E+2	-2.015234E+1	1.681016E+0	-2.015191E+1	4.866891E-2	2.430291E+3	-1.912381E+3	4.712940E+3	-2.850246E+3	7.382178E+3	-1.073360E+4	8.695523E+3	-1.713693E+4
1.163300E+2	-2.016176E+1	1.848978E+0	-2.016133E+1	4.857281E-2	2.429564E+3	-1.911654E+3	4.712940E+3	-2.849882E+3	7.382904E+3	-1.073360E+4	8.696614E+3	-1.713620E+4
1.163400E+2	-2.017156E+1	1.826151E+0	-2.017113E+1	4.847279E-2	2.428836E+3	-1.910926E+3	4.712940E+3	-2.849518E+3	7.383629E+3	-1.073360E+4	8.697706E+3	-1.713548E+4
1.163500E+2	-2.018113E+1	1.779337E+0	-2.018070E+1	4.837519E-2	2.428109E+3	-1.910199E+3	4.712940E+3	-2.849154E+3	7.384355E+3	-1.073360E+4	8.698797E+3	-1.713475E+4
1.163600E+2	-2.019068E+1	1.734307E+0	-2.019026E+1	4.827768E-2	2.427381E+3	-1.909471E+3	4.712940E+3	-2.848791E+3	7.385080E+3	-1.073360E+4	8.699888E+3	-1.713402E+4
1.163700E+2	-2.020058E+1	1.829655E+0	-2.020015E+1	4.817674E-2	2.426853E+3	-1.908943E+3	4.712940E+3	-2.848480E+3	7.385700E+3	-1.073360E+4	8.700727E+3	-1.713340E+4
1.163800E+2	-2.021065E+1	1.909866E+0	-2.021023E+1	4.807391E-2	2.427493E+3	-1.909583E+3	4.712940E+3	-2.848480E+3	7.385700E+3	-1.073360E+4	8.700087E+3	-1.713340E+4
1.163900E+2	-2.022045E+1	1.806133E+0	-2.022003E+1	4.797389E-2	2.428133E+3	-1.910223E+3	4.712940E+3	-2.848480E+3	7.385700E+3	-1.073360E+4	8.699447E+3	-1.713340E+4
1.164000E+2	-2.022997E+1	1.739617E+0	-2.022954E+1	4.787680E-2	2.428502E+3	-1.910700E+3	4.712886E+3	-2.848480E+3	7.385646E+3	-1.073360E+4	8.699024E+3	-1.713340E+4
1.164100E+2	-2.023988E+1	1.747545E+0	-2.023945E+1	4.777568E-2	2.428075E+3	-1.910700E+3	4.712673E+3	-2.848480E+3	7.385434E+3	-1.073360E+4	8.699237E+3	-1.713340E+4
1.164200E+2	-2.025023E+1	1.776434E+0	-2.024980E+1	4.767009E-2	2.427649E+3	-1.910700E+3	4.712460E+3	-2.848480E+3	7.385222E+3	-1.073360E+4	8.699450E+3	-1.713340E+4
1.164300E+2	-2.026016E+1	1.860918E+0	-2.025974E+1	4.756869E-2	2.427223E+3	-1.910700E+3	4.712246E+3	-2.848480E+3	7.385010E+3	-1.073360E+4	8.699664E+3	-1.713340E+4
1.164400E+2	-2.026898E+1	1.752917E+0	-2.026855E+1	4.747875E-2	2.426796E+3	-1.910700E+3	4.712033E+3	-2.848480E+3	7.384798E+3	-1.073360E+4	8.699877E+3	-1.713340E+4
1.164500E+2	-2.027749E+1	1.702578E+0	-2.027706E+1	4.739192E-2	2.426370E+3	-1.910700E+3	4.711820E+3	-2.848480E+3	7.384586E+3	-1.073360E+4	8.700090E+3	-1.713340E+4
1.164600E+2	-2.028581E+1	1.871580E+0	-2.028538E+1	4.730703E-2	2.425943E+3	-1.910700E+3	4.711607E+3	-2.848480E+3	7.384374E+3	-1.073360E+4	8.700303E+3	-1.713340E+4
1.164700E+2	-2.029421E+1	1.866331E+0	-2.029378E+1	4.722133E-2	2.425517E+3	-1.910700E+3	4.711394E+3	-2.848480E+3	7.384162E+3	-1.073360E+4	8.700516E+3	-1.713340E+4
1.164800E+2	-2.030310E+1	1.809539E+0	-2.030267E+1	4.713062E-2	2.425091E+3	-1.910700E+3	4.711180E+3	-2.848480E+3	7.383950E+3	-1.073360E+4	8.700730E+3	-1.713340E+4
1.164900E+2	-2.031249E+1	1.687045E+0	-2.031206E+1	4.703475E-2	2.424818E+3	-1.910608E+3	4.711090E+3	-2.848480E+3	7.383768E+3	-1.073360E+4	8.700912E+3	-1.713349E+4
1.165000E+2	-2.032191E+1	1.868283E+0	-2.032148E+1	4.693861E-2	2.424658E+3	-1.910448E+3	4.711090E+3	-2.848480E+3	7.383608E+3	-1.073360E+4	8.701071E+3	-1.713366E+4
1.165100E+2	-2.033135E+1	1.890994E+0	-2.033092E+1	4.684229E-2	2.424498E+3	-1.910288E+3	4.711090E+3	-2.848480E+3	7.383448E+3	-1.073360E+4	8.701230E+3	-1.713382E+4
1.165200E+2	-2.034089E+1	1.787929E+0	-2.034046E+1	4.674500E-2	2.424338E+3	-1.910128E+3	4.711090E+3	-2.848480E+3	7.383288E+3	-1.073360E+4	8.701389E+3	-1.713399E+4
1.165300E+2	-2.035095E+1	1.770240E+0	-2.035052E+1	4.664235E-2	2.424178E+3	-1.909968E+3	4.711090E+3	-2.848480E+3	7.383128E+3	-1.073360E+4	8.701548E+3	-1.713415E+4
1.165400E+2	-2.036139E+1	1.776216E+0	-2.036096E+1	4.653579E-2	2.424018E+3	-1.909808E+3	4.711090E+3	-2.848480E+3	7.382968E+3	-1.073360E+4	8.701707E+3	-1.713432E+4
1.165500E+2	-2.037165E+1	1.841747E+0	-2.037122E+1	4.643111E-2	2.423858E+3	-1.909648E+3	4.711090E+3	-2.848480E+3	7.382808E+3	-1.073360E+4	8.701866E+3	-1.713448E+4
1.165600E+2	-2.038195E+1	1.830810E+0	-2.038153E+1	4.632594E-2	2.423698E+3	-1.909488E+3	4.711090E+3	-2.848480E+3	7.382648E+3	-1.073360E+4	8.702025E+3	-1.713464E+4
1.165700E+2	-2.039262E+1	1.682756E+0	-2.039219E+1	4.621715E-2	2.423539E+3	-1.909329E+3	4.711090E+3	-2.848480E+3	7.382489E+3	-1.073360E+4	8.702184E+3	-1.713481E+4
1.165800E+2	-2.040375E+1	1.768968E+0	-2.040333E+1	4.610349E-2	2.423379E+3	-1.909169E+3	4.711090E+3	-2.848480E+3	7.382329E+3	-1.073360E+4	8.702343E+3	-1.713497E+4
1.165900E+2	-2.041426E+1	1.829383E+0	-2.041383E+1	4.599633E-2	2.423219E+3	-1.909009E+3	4.711090E+3	-2.848480E+3	7.382169E+3	-1.073360E+4	8.702502E+3	-1.713514E+4
1.166000E+2	-2.042426E+1	1.850208E+0	-2.042383E+1	4.589429E-2	2.430444E+3	-1.907008E+3	4.712940E+3	-2.848488E+3	7.385692E+3	-1.073361E+4	8.702652E+3	-1.713341E+4
1.166100E+2	-2.043413E+1	1.797440E+0	-2.043370E+1	4.579356E-2	2.428261E+3	-1.908099E+3	4.712940E+3	-2.849579E+3	7.384607E+3	-1.073467E+4	8.701567E+3	-1.713453E+4
1.166200E+2	-2.044368E+1	1.721149E+0	-2.044325E+1	4.569612E-2	2.426529E+3	-1.909081E+3	4.712709E+3	-2.850330E+3	7.383629E+3	-1.073540E+4	8.700589E+3	-1.713553E+4
1.166300E+2	-2.045254E+1	1.888816E+0	-2.045211E+1	4.560569E-2	2.425787E+3	-1.909823E+3	4.711967E+3	-2.850330E+3	7.382887E+3	-1.073540E+4	8.699847E+3	-1.713625E+4
1.166400E+2	-2.046195E+1	1.905576E+0	-2.046152E+1	4.550967E-2	2.425045E+3	-1.910565E+3	4.711225E+3	-2.850330E+3	7.382145E+3	-1.073540E+4	8.699105E+3	-1.713697E+4
1.166500E+2	-2.047214E+1	1.819174E+0	-2.047172E+1	4.540563E-2	2.425385E+3	-1.910542E+3	4.711248E+3	-2.850330E+3	7.382484E+3	-1.073540E+4	8.699285E+3	-1.713678E+4
1.166600E+2	-2.048270E+1	1.740968E+0	-2.048227E+1	4.529791E-2	2.425964E+3	-1.910349E+3	4.711441E+3	-2.850330E+3	7.383062E+3	-1.073540E+4	8.699671E+3	-1.713640E+4
1.166700E+2	-2.049284E+1	1.736808E+0	-2.049241E+1	4.519450E-2	2.426544E+3	-1.910155E+3	4.711635E+3	-2.850330E+3	7.383641E+3	-1.073540E+4	8.700056E+3	-1.713601E+4
1.166800E+2	-2.050217E+1	1.876820E+0	-2.050175E+1	4.509920E-2	2.427124E+3	-1.909962E+3	4.711828E+3	-2.850330E+3	7.384220E+3	-1.073540E+4	8.700442E+3	-1.713562E+4
1.166900E+2	-2.051090E+1	1.802049E+0	-2.051047E+1	4.501014E-2	2.427703E+3	-1.909769E+3	4.712021E+3	-2.850330E+3	7.384798E+3	-1.073540E+4	8.700827E+3	-1.713524E+4
1.167000E+2	-2.051989E+1	1.787291E+0	-2.051946E+1	4.491843E-2	2.428283E+3	-1.909576E+3	4.712214E+3	-2.850330E+3	7.385377E+3	-1.073540E+4	8.701213E+3	-1.713485E+4
1.167100E+2	-2.052952E+1	1.771650E+0	-2.052910E+1	4.482011E-2	2.428863E+3	-1.909382E+3	4.712408E+3	-2.850330E+3	7.385955E+3	-1.073540E+4	8.701598E+3	-1.713446E+4
1.167200E+2	-2.053940E+1	1.835379E+0	-2.053897E+1	4.471939E-2	2.429442E+3	-1.909189E+3	4.712601E+3	-2.850330E+3	7.386534E+3	-1.073540E+4	8.701983E+3	-1.713408E+4
1.167300E+2	-2.054896E+1	1.873895E+0	-2.054854E+1	4.462175E-2	2.430022E+3	-1.908996E+3	4.712794E+3	-2.850330E+3	7.387113E+3	-1.073540E+4	8.702369E+3	-1.713369E+4
1.167400E+2	-2.055797E+1	1.716223E+0	-2.055755E+1	4.452981E-2	2.428610E+3	-1.908937E+3	4.712940E+3	-2.848393E+3	7.391337E+3	-1.073351E+4	8.712084E+3	-1.713323E+4
1.167500E+2	-2.056717E+1	1.678153E+0	-2.056674E+1	4.443601E-2	2.428610E+3	-1.909294E+3	4.712940E+3	-2.848036E+3	7.391694E+3	-1.073314E+4	8.712798E+3	-1.713251E+4
1.167600E+2	-2.057688E+1	1.822853E+0	-2.057645E+1	4.433689E-2	2.428610E+3	-1.909651E+3	4.712940E+3	-2.847679E+3	7.392051E+3	-1.073278E+4	8.713511E+3	-1.713180E+4
1.167700E+2	-2.058663E+1	1.858898E+0	-2.058620E+1	4.423742E-2	2.428610E+3	-1.910007E+3	4.712940E+3	-2.847323E+3	7.392407E+3	-1.073241E+4	8.714225E+3	-1.713109E+4
1.167800E+2	-2.059632E+1	1.859355E+0	-2.059589E+1	4.413858E-2	2.428610E+3	-1.910364E+3	4.712940E+3	-2.846966E+3	7.392764E+3	-1.073205E+4	8.714938E+3	-1.713037E+4
1.167900E+2	-2.060606E+1	1.714692E+0	-2.060563E+1	4.403918E-2	2.428610E+3	-1.910580E+3	4.712940E+3	-2.846630E+3	7.393100E+3	-1.073182E+4	8.715371E+3	-1.712982E+4
1.168000E+2	-2.061630E+1	1.797672E+0	-2.061587E+1	4.393465E-2	2.428672E+3	-1.908881E+3	4.713002E+3	-2.846630E+3	7.393131E+3	-1.073360E+4	8.711910E+3	-1.713160E+4
1.168100E+2	-2.062689E+1	1.852276E+0	-2.062646E+1	4.382663E-2	2.429058E+3	-1.909074E+3	4.713388E+3	-2.846630E+3	7.393324E+3	-1.073360E+4	8.711910E+3	-1.713160E+4
1.168200E+2	-2.063683E+1	1.757445E+0	-2.063641E+1	4.372512E-2	2.429445E+3	-1.909267E+3	4.713775E+3	-2.846630E+3	7.393517E+3	-1.073360E+4	8.711910E+3	-1.713160E+4
1.168300E+2	-2.064672E+1	1.736120E+0	-2.064629E+1	4.362429E-2	2.429831E+3	-1.909461E+3	4.714161E+3	-2.846630E+3	7.393711E+3	-1.073360E+4	8.711910E+3	-1.713160E+4
1.168400E+2	-2.065653E+1	1.743096E+0	-2.065611E+1	4.352411E-2	2.430218E+3	-1.909654E+3	4.714548E+3	-2.846630E+3	7.393904E+3	-1.073360E+4	8.711910E+3	-1.713160E+4
1.168500E+2	-2.066619E+1	1.833037E+0	-2.066577E+1	4.342554E-2	2.430604E+3	-1.909847E+3	4.714934E+3	-2.846630E+3	7.394097E+3	-1.073360E+4	8.711910E+3	-1.713160E+4
1.168600E+2	-2.067568E+1	1.852143E+0	-2.067525E+1	4.332876E-2	2.430991E+3	-1.910040E+3	4.715321E+3	-2.846630E+3	7.394290E+3	-1.073360E+4	8.711910E+3	-1.713160E+4
1.168700E+2	-2.068460E+1	1.704014E+0	-2.068417E+1	4.323773E-2	2.431377E+3	-1.910234E+3	4.715707E+3	-2.846630E+3	7.394484E+3	-1.073360E+4	8.711910E+3	-1.713160E+4
1.168800E+2	-2.069341E+1	1.733880E+0	-2.069299E+1	4.314777E-2	2.431764E+3	-1.910427E+3	4.716094E+3	-2.846630E+3	7.394677E+3	-1.073360E+4	8.711910E+3	-1.713160E+4
1.168900E+2	-2.070252E+1	1.804815E+0	-2.070209E+1	4.305484E-2	2.432150E+3	-1.910620E+3	4.716480E+3	-2.846630E+3	7.394870E+3	-1.073360E+4	8.711910E+3	-1.713160E+4
1.169000E+2	-2.071230E+1	1.835547E+0	-2.071187E+1	4.295506E-2	2.432231E+3	-1.914242E+3	4.712940E+3	-2.846709E+3	7.398571E+3	-1.073170E+4	8.715689E+3	-1.712806E+4
1.169100E+2	-2.072289E+1	1.760564E+0	-2.072247E+1	4.284695E-2	2.431809E+3	-1.913399E+3	4.712940E+3	-2.847131E+3	7.398149E+3	-1.073170E+4	8.716111E+3	-1.712890E+4
1.169200E+2	-2.073393E+1	1.656543E+0	-2.073350E+1	4.273436E-2	2.431388E+3	-1.912556E+3	4.712940E+3	-2.847552E+3	7.397728E+3	-1.073170E+4	8.716532E+3	-1.712974E+4
1.169300E+2	-2.074520E+1	1.840245E+0	-2.074477E+1	4.261933E-2	2.430966E+3	-1.911713E+3	4.712940E+3	-2.847974E+3	7.397306E+3	-1.073170E+4	8.716954E+3	-1.713059E+4
1.169400E+2	-2.075637E+1	1.849923E+0	-2.075594E+1	4.250540E-2	2.430545E+3	-1.910869E+3	4.712940E+3	-2.848395E+3	7.396885E+3	-1.073170E+4	8.717375E+3	-1.713143E+4
1.169500E+2	-2.076663E+1	1.818414E+0	-2.076620E+1	4.240072E-2	2.430460E+3	-1.910237E+3	4.712477E+3	-2.848017E+3	7.396800E+3	-1.073170E+4	8.717460E+3	-1.713112E+4
1.169600E+2	-2.077643E+1	1.705502E+0	-2.077601E+1	4.230064E-2	2.430460E+3	-1.909657E+3	4.711897E+3	-2.847437E+3	7.396800E+3	-1.073170E+4	8.717460E+3	-1.713053E+4
1.169700E+2	-2.078657E+1	1.705031E+0	-2.078614E+1	4.219719E-2	2.430460E+3	-1.909078E+3	4.711318E+3	-2.846858E+3	7.396800E+3	-1.073170E+4	8.717460E+3	-1.712993E+4
1.169800E+2	-2.079582E+1	1.875116E+0	-2.079539E+1	4.210283E-2	2.430460E+3	-1.909067E+3	4.711523E+3	-2.846630E+3	7.396583E+3	-1.073192E+4	8.716810E+3	-1.713013E+4
1.169900E+2	-2.080484E+1	1.785151E+0	-2.080441E+1	4.201081E-2	2.430460E+3	-1.909423E+3	4.712237E+3	-2.846630E+3	7.396227E+3	-1.073229E+4	8.715740E+3	-1.713085E+4
1.170000E+2	-2.081406E+1	1.686888E+0	-2.081363E+1	4.191667E-2	2.430460E+3	-1.909780E+3	4.712950E+3	-2.846630E+3	7.395870E+3	-1.073266E+4	8.714670E+3	-1.713156E+4
1.170100E+2	-2.082346E+1	1.717182E+0	-2.082303E+1	4.182081E-2	2.430460E+3	-1.910137E+3	4.713664E+3	-2.846630E+3	7.395513E+3	-1.073302E+4	8.713599E+3	-1.713227E+4
1.170200E+2	-2.083364E+1	1.774006E+0	-2.083322E+1	4.171686E-2	2.430460E+3	-1.910494E+3	4.714377E+3	-2.846630E+3	7.395156E+3	-1.073339E+4	8.712529E+3	-1.713299E+4
1.170300E+2	-2.084363E+1	1.877799E+0	-2.084320E+1	4.161499E-2	2.430282E+3	-1.910878E+3	4.714968E+3	-2.846452E+3	7.394772E+3	-1.073360E+4	8.711910E+3	-1.713323E+4
1.170400E+2	-2.085328E+1	1.738756E+0	-2.085285E+1	4.151647E-2	2.429861E+3	-1.911299E+3	4.715389E+3	-2.846031E+3	7.394351E+3	-1.073360E+4	8.711910E+3	-1.713282E+4
1.170500E+2	-2.086281E+1	1.719762E+0	-2.086238E+1	4.141922E-2	2.429439E+3	-1.911721E+3	4.715811E+3	-2.845609E+3	7.393929E+3	-1.073360E+4	8.711910E+3	-1.713241E+4
1.170600E+2	-2.087265E+1	1.820003E+0	-2.087222E+1	4.131886E-2	2.429018E+3	-1.912142E+3	4.716232E+3	-2.845188E+3	7.393508E+3	-1.073360E+4	8.711910E+3	-1.713200E+4
1.170700E+2	-2.088278E+1	1.789158E+0	-2.088235E+1	4.121549E-2	2.428610E+3	-1.912554E+3	4.716633E+3	-2.844784E+3	7.393100E+3	-1.073360E+4	8.711903E+3	-1.713161E+4
1.170800E+2	-2.089294E+1	1.775200E+0	-2.089252E+1	4.111175E-2	2.428610E+3	-1.912663E+3	4.716415E+3	-2.844893E+3	7.393100E+3	-1.073371E+4	8.711685E+3	-1.713183E+4
1.170900E+2	-2.090319E+1	1.659704E+0	-2.090276E+1	4.100721E-2	2.428610E+3	-1.912772E+3	4.716196E+3	-2.845002E+3	7.393100E+3	-1.073382E+4	8.711466E+3	-1.713204E+4
1.171000E+2	-2.091348E+1	1.751648E+0	-2.091305E+1	4.090220E-2	2.428610E+3	-1.912881E+3	4.715978E+3	-2.845111E+3	7.393100E+3	-1.073392E+4	8.711248E+3	-1.713226E+4
1.171100E+2	-2.092313E+1	1.894370E+0	-2.092270E+1	4.080376E-2	2.428610E+3	-1.912990E+3	4.715760E+3	-2.845220E+3	7.393100E+3	-1.073403E+4	8.711030E+3	-1.713248E+4
1.171200E+2	-2.093276E+1	1.767114E+0	-2.093233E+1	4.070549E-2	2.428610E+3	-1.913099E+3	4.715542E+3	-2.845329E+3	7.393100E+3	-1.073413E+4	8.710812E+3	-1.713270E+4
1.171300E+2	-2.094253E+1	1.663891E+0	-2.094210E+1	4.060577E-2	2.428610E+3	-1.913208E+3	4.715323E+3	-2.845438E+3	7.393100E+3	-1.073424E+4	8.710593E+3	-1.713292E+4
1.171400E+2	-2.095179E+1	1.687905E+0	-2.095136E+1	4.051127E-2	2.428610E+3	-1.913317E+3	4.715105E+3	-2.845547E+3	7.393100E+3	-1.073435E+4	8.710375E+3	-1.713313E+4
1.171500E+2	-2.096194E+1	1.832162E+0	-2.096151E+1	4.040770E-2	2.428610E+3	-1.913427E+3	4.714887E+3	-2.845657E+3	7.393100E+3	-1.073445E+4	8.710157E+3	-1.713335E+4
1.171600E+2	-2.097223E+1	1.788478E+0	-2.097180E+1	4.030272E-2	2.428610E+3	-1.913536E+3	4.714669E+3	-2.845766E+3	7.393100E+3	-1.073456E+4	8.709939E+3	-1.713357E+4
1.171700E+2	-2.098186E+1	1.684885E+0	-2.098143E+1	4.020445E-2	2.428610E+3	-1.913645E+3	4.714450E+3	-2.845875E+3	7.393100E+3	-1.073467E+4	8.709720E+3	-1.713379E+4
1.171800E+2	-2.099146E+1	1.679180E+0	-2.099103E+1	4.010654E-2	2.428610E+3	-1.913754E+3	4.714232E+3	-2.845984E+3	7.393100E+3	-1.073477E+4	8.709502E+3	-1.713401E+4
1.171900E+2	-2.100076E+1	1.753502E+0	-2.100033E+1	4.001162E-2	2.428610E+3	-1.913863E+3	4.714014E+3	-2.846093E+3	7.393100E+3	-1.073488E+4	8.709284E+3	-1.713423E+4
1.172000E+2	-2.100952E+1	1.822445E+0	-2.100909E+1	3.992220E-2	2.428610E+3	-1.913972E+3	4.713796E+3	-2.846202E+3	7.393100E+3	-1.073498E+4	8.709066E+3	-1.713444E+4
1.172100E+2	-2.101881E+1	1.733365E+0	-2.101838E+1	3.982740E-2	2.428610E+3	-1.914081E+3	4.713578E+3	-2.846311E+3	7.393100E+3	-1.073509E+4	8.708848E+3	-1.713466E+4
1.172200E+2	-2.102848E+1	1.649723E+0	-2.102805E+1	3.972873E-2	2.428610E+3	-1.914190E+3	4.713359E+3	-2.846420E+3	7.393100E+3	-1.073520E+4	8.708629E+3	-1.713488E+4
1.172300E+2	-2.103798E+1	1.868418E+0	-2.103755E+1	3.963184E-2	2.428610E+3	-1.914299E+3	4.713141E+3	-2.846529E+3	7.393100E+3	-1.073530E+4	8.708411E+3	-1.713510E+4
1.172400E+2	-2.104702E+1	1.800349E+0	-2.104659E+1	3.953955E-2	2.428464E+3	-1.914254E+3	4.712794E+3	-2.846776E+3	7.393100E+3	-1.073540E+4	8.708502E+3	-1.713486E+4
1.172500E+2	-2.105637E+1	1.759637E+0	-2.105594E+1	3.944416E-2	2.426805E+3	-1.907022E+3	4.712918E+3	-2.846675E+3	7.393078E+3	-1.073542E+4	8.717348E+3	-1.713164E+4
1.172600E+2	-2.106660E+1	1.689675E+0	-2.106617E+1	3.933975E-2	2.427359E+3	-1.907299E+3	4.712641E+3	-2.847229E+3	7.392801E+3	-1.073571E+4	8.715963E+3	-1.713220E+4
1.172700E+2	-2.107728E+1	1.754012E+0	-2.107685E+1	3.923079E-2	2.427912E+3	-1.907576E+3	4.712364E+3	-2.847782E+3	7.392524E+3	-1.073599E+4	8.714579E+3	-1.713275E+4
1.172800E+2	-2.108820E+1	1.886374E+0	-2.108777E+1	3.911937E-2	2.428466E+3	-1.907853E+3	4.712087E+3	-2.848336E+3	7.392247E+3	-1.073628E+4	8.713195E+3	-1.713331E+4
1.172900E+2	-2.109866E+1	1.788635E+0	-2.109824E+1	3.901257E-2	2.429020E+3	-1.908130E+3	4.711810E+3	-2.848890E+3	7.391970E+3	-1.073656E+4	8.711810E+3	-1.713386E+4
1.173000E+2	-2.110864E+1	1.700386E+0	-2.110821E+1	3.891080E-2	2.429574E+3	-1.908407E+3	4.711533E+3	-2.849444E+3	7.391693E+3	-1.073684E+4	8.710426E+3	-1.713441E+4
1.173100E+2	-2.111797E+1	1.735979E+0	-2.111754E+1	3.881556E-2	2.430127E+3	-1.908684E+3	4.711256E+3	-2.849997E+3	7.391416E+3	-1.073713E+4	8.709042E+3	-1.713497E+4
1.173200E+2	-2.112753E+1	1.790510E+0	-2.112710E+1	3.871801E-2	2.430422E+3	-1.912550E+3	4.711090E+3	-2.850330E+3	7.391250E+3	-1.073730E+4	8.710022E+3	-1.713534E+4
1.173300E+2	-2.113694E+1	1.839213E+0	-2.113651E+1	3.862202E-2	2.430326E+3	-1.912550E+3	4.711090E+3	-2.850330E+3	7.391250E+3	-1.073730E+4	8.709926E+3	-1.713543E+4
1.173400E+2	-2.114612E+1	1.688179E+0	-2.114569E+1	3.852833E-2	2.430230E+3	-1.912550E+3	4.711090E+3	-2.850330E+3	7.391250E+3	-1.073730E+4	8.709830E+3	-1.713552E+4
1.173500E+2	-2.115548E+1	1.696374E+0	-2.115506E+1	3.843277E-2	2.430135E+3	-1.912550E+3	4.711090E+3	-2.850330E+3	7.391250E+3	-1.073730E+4	8.709735E+3	-1.713562E+4
1.173600E+2	-2.116533E+1	1.778356E+0	-2.116491E+1	3.833226E-2	2.430039E+3	-1.912550E+3	4.711090E+3	-2.850330E+3	7.391250E+3	-1.073730E+4	8.709639E+3	-1.713571E+4
1.173700E+2	-2.117526E+1	1.789388E+0	-2.117483E+1	3.823096E-2	2.429943E+3	-1.912550E+3	4.711090E+3	-2.850330E+3	7.391250E+3	-1.073730E+4	8.709543E+3	-1.713580E+4
1.173800E+2	-2.118471E+1	1.768946E+0	-2.118428E+1	3.813458E-2	2.429848E+3	-1.912550E+3	4.711090E+3	-2.850330E+3	7.391250E+3	-1.073730E+4	8.709448E+3	-1.713590E+4
1.173900E+2	-2.119353E+1	1.650729E+0	-2.119310E+1	3.804458E-2	2.429752E+3	-1.912550E+3	4.711090E+3	-2.850330E+3	7.391250E+3	-1.073730E+4	8.709352E+3	-1.713599E+4
1.174000E+2	-2.120242E+1	1.730012E+0	-2.120199E+1	3.795384E-2	2.429656E+3	-1.912550E+3	4.711090E+3	-2.850330E+3	7.391250E+3	-1.073730E+4	8.709256E+3	-1.713608E+4
1.174100E+2	-2.121042E+1	1.825705E+0	-2.120999E+1	3.787218E-2	2.429561E+3	-1.912550E+3	4.711090E+3	-2.850330E+3	7.391250E+3	-1.073730E+4	8.709161E+3	-1.713617E+4
1.174200E+2	-2.121918E+1	1.728626E+0	-2.121875E+1	3.778284E-2	2.429465E+3	-1.912550E+3	4.711090E+3	-2.850330E+3	7.391250E+3	-1.073730E+4	8.709065E+3	-1.713627E+4
1.174300E+2	-2.122843E+1	1.657538E+0	-2.122800E+1	3.768845E-2	2.429369E+3	-1.912550E+3	4.711090E+3	-2.850330E+3	7.391250E+3	-1.073730E+4	8.708969E+3	-1.713636E+4
1.174400E+2	-2.123761E+1	1.698302E+0	-2.123719E+1	3.759471E-2	2.429274E+3	-1.912550E+3	4.711090E+3	-2.850330E+3	7.391250E+3	-1.073730E+4	8.708874E+3	-1.713645E+4
1.174500E+2	-2.124799E+1	1.802657E+0	-2.124756E+1	3.748886E-2	2.429178E+3	-1.912550E+3	4.711090E+3	-2.850330E+3	7.391250E+3	-1.073730E+4	8.708778E+3	-1.713655E+4
1.174600E+2	-2.125875E+1	1.763795E+0	-2.125832E+1	3.737906E-2	2.429082E+3	-1.912550E+3	4.711090E+3	-2.850330E+3	7.391250E+3	-1.073730E+4	8.708682E+3	-1.713664E+4
1.174700E+2	-2.126967E+1	1.675434E+0	-2.126924E+1	3.726759E-2	2.428987E+3	-1.912550E+3	4.711090E+3	-2.850330E+3	7.391250E+3	-1.073730E+4	8.708587E+3	-1.713673E+4
1.174800E+2	-2.128042E+1	1.717875E+0	-2.127999E+1	3.715792E-2	2.428891E+3	-1.912550E+3	4.711090E+3	-2.850330E+3	7.391250E+3	-1.073730E+4	8.708491E+3	-1.713683E+4
1.174900E+2	-2.129147E+1	1.791695E+0	-2.129104E+1	3.704521E-2	2.428795E+3	-1.912550E+3	4.711090E+3	-2.850330E+3	7.391250E+3	-1.073730E+4	8.708395E+3	-1.713692E+4
1.175000E+2	-2.130229E+1	1.780773E+0	-2.130186E+1	3.693475E-2	2.428700E+3	-1.912550E+3	4.711090E+3	-2.850330E+3	7.391250E+3	-1.073730E+4	8.708300E+3	-1.713701E+4
1.175100E+2	-2.131280E+1	1.707031E+0	-2.131237E+1	3.682750E-2	2.428578E+3	-1.910636E+3	4.709272E+3	-2.848480E+3	7.396703E+3	-1.073540E+4	8.715610E+3	-1.713166E+4
1.175200E+2	-2.132257E+1	1.583468E+0	-2.132215E+1	3.672777E-2	2.428063E+3	-1.909605E+3	4.709787E+3	-2.848480E+3	7.395158E+3	-1.073540E+4	8.715610E+3	-1.713269E+4
1.175300E+2	-2.133218E+1	1.805946E+0	-2.133176E+1	3.662971E-2	2.427547E+3	-1.908575E+3	4.710303E+3	-2.848480E+3	7.393612E+3	-1.073540E+4	8.715610E+3	-1.713373E+4
1.175400E+2	-2.134204E+1	1.823336E+0	-2.134162E+1	3.652910E-2	2.427032E+3	-1.907544E+3	4.710818E+3	-2.848480E+3	7.392066E+3	-1.073540E+4	8.715610E+3	-1.713476E+4
1.175500E+2	-2.135195E+1	1.691394E+0	-2.135153E+1	3.642798E-2	2.427527E+3	-1.911467E+3	4.710323E+3	-2.848480E+3	7.394950E+3	-1.073730E+4	8.713760E+3	-1.713530E+4
1.175600E+2	-2.136081E+1	1.642481E+0	-2.136038E+1	3.633762E-2	2.428423E+3	-1.912175E+3	4.709240E+3	-2.848855E+3	7.394575E+3	-1.073767E+4	8.713010E+3	-1.713548E+4
1.175700E+2	-2.137063E+1	1.750479E+0	-2.137020E+1	3.623746E-2	2.428028E+3	-1.911386E+3	4.709240E+3	-2.849644E+3	7.393786E+3	-1.073846E+4	8.711432E+3	-1.713587E+4
1.175800E+2	-2.138084E+1	1.871396E+0	-2.138041E+1	3.613322E-2	2.427633E+3	-1.910597E+3	4.709240E+3	-2.850433E+3	7.392997E+3	-1.073925E+4	8.709853E+3	-1.713625E+4
1.175900E+2	-2.139027E+1	1.726993E+0	-2.138984E+1	3.603699E-2	2.427239E+3	-1.909807E+3	4.709240E+3	-2.851223E+3	7.392207E+3	-1.074004E+4	8.708274E+3	-1.713663E+4
1.176000E+2	-2.140001E+1	1.652667E+0	-2.139958E+1	3.593765E-2	2.426844E+3	-1.909018E+3	4.709240E+3	-2.852012E+3	7.391418E+3	-1.074083E+4	8.706696E+3	-1.713702E+4
1.176100E+2	-2.141006E+1	1.736478E+0	-2.140963E+1	3.583510E-2	2.426096E+3	-1.908518E+3	4.709240E+3	-2.851516E+3	7.390918E+3	-1.074066E+4	8.707356E+3	-1.713678E+4
1.176200E+2	-2.142017E+1	1.783098E+0	-2.141974E+1	3.573195E-2	2.425253E+3	-1.908097E+3	4.709240E+3	-2.850673E+3	7.390497E+3	-1.074023E+4	8.708620E+3	-1.713637E+4
1.176300E+2	-2.143043E+1	1.774596E+0	-2.143000E+1	3.562724E-2	2.424410E+3	-1.907675E+3	4.709240E+3	-2.849830E+3	7.390075E+3	-1.073979E+4	8.709885E+3	-1.713596E+4
1.176400E+2	-2.144020E+1	1.696589E+0	-2.143977E+1	3.552754E-2	2.423567E+3	-1.907253E+3	4.709240E+3	-2.848987E+3	7.389653E+3	-1.073936E+4	8.711150E+3	-1.713555E+4
1.176500E+2	-2.145005E+1	1.663021E+0	-2.144962E+1	3.542701E-2	2.422829E+3	-1.906769E+3	4.709240E+3	-2.848249E+3	7.389169E+3	-1.073910E+4	8.711910E+3	-1.713553E+4
1.176600E+2	-2.146011E+1	1.778659E+0	-2.145968E+1	3.532434E-2	2.422249E+3	-1.906189E+3	4.709240E+3	-2.847669E+3	7.388589E+3	-1.073910E+4	8.711910E+3	-1.713609E+4
1.176700E+2	-2.147040E+1	1.744442E+0	-2.146997E+1	3.521932E-2	2.421669E+3	-1.905609E+3	4.709240E+3	-2.847089E+3	7.388009E+3	-1.073910E+4	8.711910E+3	-1.713665E+4
1.176800E+2	-2.148124E+1	1.705538E+0	-2.148082E+1	3.510869E-2	2.421531E+3	-1.905150E+3	4.709320E+3	-2.846710E+3	7.387630E+3	-1.073910E+4	8.711910E+3	-1.713710E+4
1.176900E+2	-2.149259E+1	1.611953E+0	-2.149217E+1	3.499287E-2	2.423077E+3	-1.905150E+3	4.709707E+3	-2.847097E+3	7.388017E+3	-1.073910E+4	8.711910E+3	-1.713710E+4
1.177000E+2	-2.150359E+1	1.769228E+0	-2.150316E+1	3.488071E-2	2.424622E+3	-1.905150E+3	4.710093E+3	-2.847483E+3	7.388403E+3	-1.073910E+4	8.711910E+3	-1.713710E+4
1.177100E+2	-2.151455E+1	1.798551E+0	-2.151412E+1	3.476881E-2	2.426168E+3	-1.905150E+3	4.710480E+3	-2.847870E+3	7.388790E+3	-1.073910E+4	8.711910E+3	-1.713710E+4
1.177200E+2	-2.152482E+1	1.712681E+0	-2.152439E+1	3.466407E-2	2.427714E+3	-1.905150E+3	4.710866E+3	-2.848256E+3	7.389176E+3	-1.073910E+4	8.711910E+3	-1.713710E+4
1.177300E+2	-2.153416E+1	1.661418E+0	-2.153373E+1	3.456877E-2	2.428854E+3	-1.905394E+3	4.711334E+3	-2.848724E+3	7.389644E+3	-1.073910E+4	8.711910E+3	-1.713710E+4
1.177400E+2	-2.154364E+1	1.684922E+0	-2.154321E+1	3.447198E-2	2.429433E+3	-1.905973E+3	4.711913E+3	-2.849303E+3	7.390223E+3	-1.073910E+4	8.711910E+3	-1.713710E+4
1.177500E+2	-2.155305E+1	1.765014E+0	-2.155262E+1	3.437600E-2	2.430013E+3	-1.906553E+3	4.712493E+3	-2.849883E+3	7.390803E+3	-1.073910E+4	8.711910E+3	-1.713710E+4
1.177600E+2	-2.156219E+1	1.747561E+0	-2.156177E+1	3.428268E-2	2.430350E+3	-1.907165E+3	4.712830E+3	-2.850275E+3	7.391360E+3	-1.073910E+4	8.712020E+3	-1.713705E+4
1.177700E+2	-2.157126E+1	1.574418E+0	-2.157083E+1	3.419015E-2	2.429868E+3	-1.907888E+3	4.712348E+3	-2.850034E+3	7.391842E+3	-1.073910E+4	8.712502E+3	-1.713681E+4
1.177800E+2	-2.158014E+1	1.701251E+0	-2.157971E+1	3.409953E-2	2.429386E+3	-1.908611E+3	4.711866E+3	-2.849793E+3	7.392324E+3	-1.073910E+4	8.712984E+3	-1.713658E+4
1.177900E+2	-2.158962E+1	1.755330E+0	-2.158919E+1	3.400283E-2	2.428904E+3	-1.909334E+3	4.711384E+3	-2.849552E+3	7.392806E+3	-1.073910E+4	8.713466E+3	-1.713634E+4
1.178000E+2	-2.159968E+1	1.734120E+0	-2.159926E+1	3.390012E-2	2.428422E+3	-1.910056E+3	4.710902E+3	-2.849311E+3	7.393288E+3	-1.073910E+4	8.713948E+3	-1.713611E+4
1.178100E+2	-2.160961E+1	1.626336E+0	-2.160918E+1	3.379882E-2	2.427941E+3	-1.910779E+3	4.710421E+3	-2.849070E+3	7.393769E+3	-1.073910E+4	8.714429E+3	-1.713587E+4
1.178200E+2	-2.161933E+1	1.562185E+0	-2.161890E+1	3.369963E-2	2.427459E+3	-1.911502E+3	4.709939E+3	-2.848829E+3	7.394251E+3	-1.073910E+4	8.714911E+3	-1.713564E+4
1.178300E+2	-2.162904E+1	1.740900E+0	-2.162861E+1	3.360055E-2	2.426977E+3	-1.912224E+3	4.709457E+3	-2.848589E+3	7.394733E+3	-1.073910E+4	8.715393E+3	-1.713541E+4
1.178400E+2	-2.163916E+1	1.759578E+0	-2.163874E+1	3.349726E-2	2.426760E+3	-1.912437E+3	4.709127E+3	-2.848480E+3	7.395063E+3	-1.073910E+4	8.715497E+3	-1.713530E+4
1.178500E+2	-2.164986E+1	1.713336E+0	-2.164943E+1	3.338814E-2	2.426760E+3	-1.912231E+3	4.708921E+3	-2.848480E+3	7.395269E+3	-1.073910E+4	8.715291E+3	-1.713530E+4
1.178600E+2	-2.166069E+1	1.605912E+0	-2.166026E+1	3.327764E-2	2.426760E+3	-1.912025E+3	4.708715E+3	-2.848480E+3	7.395475E+3	-1.073910E+4	8.715085E+3	-1.713530E+4
1.178700E+2	-2.167106E+1	1.662205E+0	-2.167063E+1	3.317181E-2	2.426760E+3	-1.911818E+3	4.708508E+3	-2.848480E+3	7.395682E+3	-1.073910E+4	8.714878E+3	-1.713530E+4
1.178800E+2	-2.168062E+1	1.826528E+0	-2.168019E+1	3.307429E-2	2.426760E+3	-1.911612E+3	4.708302E+3	-2.848480E+3	7.395888E+3	-1.073910E+4	8.714672E+3	-1.713530E+4
1.178900E+2	-2.169012E+1	1.689234E+0	-2.168970E+1	3.297727E-2	2.426760E+3	-1.911406E+3	4.708096E+3	-2.848480E+3	7.396094E+3	-1.073910E+4	8.714466E+3	-1.713530E+4
1.179000E+2	-2.169953E+1	1.607399E+0	-2.169911E+1	3.288124E-2	2.426760E+3	-1.911200E+3	4.707890E+3	-2.848480E+3	7.396300E+3	-1.073910E+4	8.714260E+3	-1.713530E+4
1.179100E+2	-2.170842E+1	1.702807E+0	-2.170800E+1	3.279052E-2	2.426760E+3	-1.910994E+3	4.707684E+3	-2.848480E+3	7.396506E+3	-1.073910E+4	8.714054E+3	-1.713530E+4
1.179200E+2	-2.171759E+1	1.743690E+0	-2.171716E+1	3.269703E-2	2.426760E+3	-1.910788E+3	4.707478E+3	-2.848480E+3	7.396712E+3	-1.073910E+4	8.713848E+3	-1.713530E+4
1.179300E+2	-2.172788E+1	1.702509E+0	-2.172745E+1	3.259202E-2	2.426200E+3	-1.909580E+3	4.707390E+3	-2.848480E+3	7.396240E+3	-1.073910E+4	8.714320E+3	-1.713530E+4
1.179400E+2	-2.173784E+1	1.588121E+0	-2.173741E+1	3.249038E-2	2.425224E+3	-1.907628E+3	4.707390E+3	-2.848480E+3	7.395264E+3	-1.073910E+4	8.715296E+3	-1.713530E+4
1.179500E+2	-2.174751E+1	1.630045E+0	-2.174708E+1	3.239167E-2	2.424910E+3	-1.905602E+3	4.707390E+3	-2.848480E+3	7.394950E+3	-1.073910E+4	8.717008E+3	-1.713530E+4
1.179600E+2	-2.175739E+1	1.763262E+0	-2.175696E+1	3.229089E-2	2.425554E+3	-1.905472E+3	4.707712E+3	-2.848480E+3	7.395272E+3	-1.073910E+4	8.717460E+3	-1.713530E+4
1.179700E+2	-2.176736E+1	1.688483E+0	-2.176693E+1	3.218914E-2	2.426378E+3	-1.905884E+3	4.708124E+3	-2.848480E+3	7.395684E+3	-1.073910E+4	8.717460E+3	-1.713530E+4
1.179800E+2	-2.177691E+1	1.696935E+0	-2.177648E+1	3.209172E-2	2.427203E+3	-1.906296E+3	4.708536E+3	-2.848480E+3	7.396096E+3	-1.073910E+4	8.717460E+3	-1.713530E+4
1.179900E+2	-2.178695E+1	1.578293E+0	-2.178652E+1	3.198929E-2	2.428027E+3	-1.906709E+3	4.708949E+3	-2.848480E+3	7.396509E+3	-1.073910E+4	8.717460E+3	-1.713530E+4
1.180000E+2	-2.179719E+1	1.712267E+0	-2.179676E+1	3.188474E-2	2.428610E+3	-1.907226E+3	4.709240E+3	-2.848480E+3	7.396800E+3	-1.073910E+4	8.717573E+3	-1.713530E+4
1.180100E+2	-2.180697E+1	1.772907E+0	-2.180655E+1	3.178493E-2	2.428610E+3	-1.907999E+3	4.709240E+3	-2.848480E+3	7.396800E+3	-1.073910E+4	8.717960E+3	-1.713530E+4
1.180200E+2	-2.181696E+1	1.651274E+0	-2.181653E+1	3.168300E-2	2.428610E+3	-1.908772E+3	4.709240E+3	-2.848480E+3	7.396800E+3	-1.073910E+4	8.718346E+3	-1.713530E+4
1.180300E+2	-2.182710E+1	1.608286E+0	-2.182667E+1	3.157958E-2	2.428610E+3	-1.909545E+3	4.709240E+3	-2.848480E+3	7.396800E+3	-1.073910E+4	8.718733E+3	-1.713530E+4
1.180400E+2	-2.183697E+1	1.697722E+0	-2.183655E+1	3.147879E-2	2.428610E+3	-1.910318E+3	4.709240E+3	-2.848480E+3	7.396800E+3	-1.073910E+4	8.719119E+3	-1.713530E+4
1.180500E+2	-2.184683E+1	1.709448E+0	-2.184640E+1	3.137821E-2	2.428610E+3	-1.910274E+3	4.709666E+3	-2.848480E+3	7.396800E+3	-1.073954E+4	8.718457E+3	-1.713571E+4
1.180600E+2	-2.185644E+1	1.622107E+0	-2.185601E+1	3.128014E-2	2.428610E+3	-1.909430E+3	4.710510E+3	-2.848480E+3	7.396800E+3	-1.074040E+4	8.716771E+3	-1.713654E+4
1.180700E+2	-2.186605E+1	1.541251E+0	-2.186562E+1	3.118209E-2	2.428610E+3	-1.909113E+3	4.710959E+3	-2.848349E+3	7.396669E+3	-1.074100E+4	8.715479E+3	-1.713697E+4
1.180800E+2	-2.187599E+1	1.693732E+0	-2.187556E+1	3.108070E-2	2.428610E+3	-1.909956E+3	4.710537E+3	-2.847927E+3	7.396247E+3	-1.074100E+4	8.715057E+3	-1.713656E+4
1.180900E+2	-2.188599E+1	1.729029E+0	-2.188556E+1	3.097868E-2	2.428610E+3	-1.910799E+3	4.710115E+3	-2.847505E+3	7.395825E+3	-1.074100E+4	8.714635E+3	-1.713615E+4
1.181000E+2	-2.189600E+1	1.694485E+0	-2.189557E+1	3.087653E-2	2.428610E+3	-1.911642E+3	4.709694E+3	-2.847084E+3	7.395404E+3	-1.074100E+4	8.714214E+3	-1.713574E+4
1.181100E+2	-2.190629E+1	1.649312E+0	-2.190586E+1	3.077147E-2	2.428610E+3	-1.912485E+3	4.709272E+3	-2.846662E+3	7.394982E+3	-1.074100E+4	8.713792E+3	-1.713533E+4
1.181200E+2	-2.191598E+1	1.562461E+0	-2.191555E+1	3.067264E-2	2.427807E+3	-1.912015E+3	4.708705E+3	-2.846630E+3	7.394415E+3	-1.074073E+4	8.714028E+3	-1.713556E+4
1.181300E+2	-2.192522E+1	1.756393E+0	-2.192480E+1	3.057829E-2	2.426938E+3	-1.911435E+3	4.708125E+3	-2.846630E+3	7.393835E+3	-1.074043E+4	8.714317E+3	-1.713584E+4
1.181400E+2	-2.193460E+1	1.744024E+0	-2.193417E+1	3.048265E-2	2.426068E+3	-1.910855E+3	4.707545E+3	-2.846630E+3	7.393255E+3	-1.074013E+4	8.714607E+3	-1.713612E+4
1.181500E+2	-2.194372E+1	1.675621E+0	-2.194329E+1	3.038958E-2	2.425199E+3	-1.910276E+3	4.706966E+3	-2.846630E+3	7.392676E+3	-1.073983E+4	8.714897E+3	-1.713641E+4
1.181600E+2	-2.195332E+1	1.601117E+0	-2.195289E+1	3.029158E-2	2.424329E+3	-1.909696E+3	4.706386E+3	-2.846630E+3	7.392096E+3	-1.073953E+4	8.715187E+3	-1.713669E+4
1.181700E+2	-2.196294E+1	1.660678E+0	-2.196251E+1	3.019346E-2	2.423460E+3	-1.909116E+3	4.705806E+3	-2.846630E+3	7.391516E+3	-1.073924E+4	8.715477E+3	-1.713697E+4
1.181800E+2	-2.197226E+1	1.741781E+0	-2.197183E+1	3.009832E-2	2.425115E+3	-1.905355E+3	4.705745E+3	-2.848685E+3	7.391045E+3	-1.074120E+4	8.716846E+3	-1.713731E+4
1.181900E+2	-2.198200E+1	1.691104E+0	-2.198157E+1	2.999893E-2	2.425493E+3	-1.905733E+3	4.706123E+3	-2.849063E+3	7.390667E+3	-1.074157E+4	8.715711E+3	-1.713770E+4
1.182000E+2	-2.199201E+1	1.597255E+0	-2.199158E+1	2.989682E-2	2.425872E+3	-1.906112E+3	4.706502E+3	-2.849442E+3	7.390288E+3	-1.074194E+4	8.714575E+3	-1.713809E+4
1.182100E+2	-2.200220E+1	1.681191E+0	-2.200177E+1	2.979283E-2	2.426250E+3	-1.906490E+3	4.706880E+3	-2.849820E+3	7.389910E+3	-1.074230E+4	8.713439E+3	-1.713848E+4
1.182200E+2	-2.201286E+1	1.750305E+0	-2.201243E+1	2.968409E-2	2.426629E+3	-1.906869E+3	4.707259E+3	-2.850199E+3	7.389531E+3	-1.074267E+4	8.712304E+3	-1.713887E+4
1.182300E+2	-2.202394E+1	1.715941E+0	-2.202351E+1	2.957098E-2	2.426432E+3	-1.907000E+3	4.707390E+3	-2.850330E+3	7.389400E+3	-1.074280E+4	8.711910E+3	-1.713900E+4
1.182400E+2	-2.203405E+1	1.565377E+0	-2.203362E+1	2.946787E-2	2.425931E+3	-1.907000E+3	4.707390E+3	-2.850330E+3	7.389400E+3	-1.074280E+4	8.711910E+3	-1.713900E+4
1.182500E+2	-2.204364E+1	1.619193E+0	-2.204321E+1	2.936993E-2	2.425430E+3	-1.907000E+3	4.707390E+3	-2.850330E+3	7.389400E+3	-1.074280E+4	8.711910E+3	-1.713900E+4
1.182600E+2	-2.205277E+1	1.700353E+0	-2.205235E+1	2.927675E-2	2.424928E+3	-1.907000E+3	4.707390E+3	-2.850330E+3	7.389400E+3	-1.074280E+4	8.711910E+3	-1.713900E+4
1.182700E+2	-2.206215E+1	1.639122E+0	-2.206172E+1	2.918110E-2	2.424494E+3	-1.907416E+3	4.706974E+3	-2.851161E+3	7.388569E+3	-1.074323E+4	8.710248E+3	-1.713983E+4
1.182800E+2	-2.207135E+1	1.599078E+0	-2.207092E+1	2.908726E-2	2.424063E+3	-1.907847E+3	4.706543E+3	-2.852024E+3	7.387706E+3	-1.074367E+4	8.708522E+3	-1.714069E+4
1.182900E+2	-2.207954E+1	1.550708E+0	-2.207911E+1	2.900361E-2	2.423632E+3	-1.908278E+3	4.706112E+3	-2.852887E+3	7.386843E+3	-1.074411E+4	8.706797E+3	-1.714156E+4
1.183000E+2	-2.208812E+1	1.672045E+0	-2.208769E+1	2.891608E-2	2.423200E+3	-1.908710E+3	4.705680E+3	-2.853749E+3	7.385981E+3	-1.074456E+4	8.705071E+3	-1.714242E+4
1.183100E+2	-2.209724E+1	1.744070E+0	-2.209682E+1	2.882297E-2	2.423464E+3	-1.908850E+3	4.705540E+3	-2.853223E+3	7.386911E+3	-1.074429E+4	8.705721E+3	-1.714148E+4
1.183200E+2	-2.210638E+1	1.605369E+0	-2.210595E+1	2.872974E-2	2.424062E+3	-1.908850E+3	4.705540E+3	-2.852026E+3	7.388706E+3	-1.074367E+4	8.707516E+3	-1.713967E+4
1.183300E+2	-2.211587E+1	1.552534E+0	-2.211544E+1	2.863293E-2	2.424661E+3	-1.908850E+3	4.705540E+3	-2.850829E+3	7.390502E+3	-1.074306E+4	8.709312E+3	-1.713786E+4
1.183400E+2	-2.212597E+1	1.617774E+0	-2.212554E+1	2.852985E-2	2.424685E+3	-1.908625E+3	4.705765E+3	-2.850555E+3	7.391025E+3	-1.074258E+4	8.710285E+3	-1.713755E+4
1.183500E+2	-2.213613E+1	1.648731E+0	-2.213570E+1	2.842623E-2	2.424298E+3	-1.908238E+3	4.706152E+3	-2.850942E+3	7.390638E+3	-1.074220E+4	8.710672E+3	-1.713832E+4
1.183600E+2	-2.214617E+1	1.604566E+0	-2.214574E+1	2.832379E-2	2.423912E+3	-1.907852E+3	4.706538E+3	-2.851328E+3	7.390252E+3	-1.074183E+4	8.711058E+3	-1.713910E+4
1.183700E+2	-2.215542E+1	1.522738E+0	-2.215499E+1	2.822932E-2	2.423525E+3	-1.907465E+3	4.706925E+3	-2.851715E+3	7.389865E+3	-1.074145E+4	8.711445E+3	-1.713987E+4
1.183800E+2	-2.216398E+1	1.676969E+0	-2.216355E+1	2.814202E-2	2.423139E+3	-1.907079E+3	4.707311E+3	-2.852101E+3	7.389479E+3	-1.074108E+4	8.711831E+3	-1.714064E+4
1.183900E+2	-2.217324E+1	1.673130E+0	-2.217281E+1	2.804756E-2	2.423060E+3	-1.906754E+3	4.707390E+3	-2.852057E+3	7.389523E+3	-1.074112E+4	8.712156E+3	-1.714055E+4
1.184000E+2	-2.218247E+1	1.647682E+0	-2.218204E+1	2.795336E-2	2.423060E+3	-1.906445E+3	4.707390E+3	-2.851902E+3	7.389678E+3	-1.074127E+4	8.712465E+3	-1.714024E+4
1.184100E+2	-2.219158E+1	1.580972E+0	-2.219115E+1	2.786038E-2	2.423060E+3	-1.906136E+3	4.707390E+3	-2.851748E+3	7.389832E+3	-1.074142E+4	8.712774E+3	-1.713994E+4
1.184200E+2	-2.220055E+1	1.508245E+0	-2.220013E+1	2.776879E-2	2.423060E+3	-1.905826E+3	4.707390E+3	-2.851593E+3	7.389987E+3	-1.074157E+4	8.713084E+3	-1.713963E+4
1.184300E+2	-2.221023E+1	1.687754E+0	-2.220981E+1	2.767003E-2	2.423060E+3	-1.905517E+3	4.707390E+3	-2.851439E+3	7.390141E+3	-1.074172E+4	8.713393E+3	-1.713932E+4
1.184400E+2	-2.222021E+1	1.648448E+0	-2.221978E+1	2.756820E-2	2.423060E+3	-1.905208E+3	4.707390E+3	-2.851284E+3	7.390296E+3	-1.074187E+4	8.713702E+3	-1.713901E+4
1.184500E+2	-2.222947E+1	1.628419E+0	-2.222904E+1	2.747371E-2	2.423060E+3	-1.904899E+3	4.707390E+3	-2.851129E+3	7.390451E+3	-1.074202E+4	8.714011E+3	-1.713870E+4
1.184600E+2	-2.223863E+1	1.517543E+0	-2.223820E+1	2.738027E-2	2.423060E+3	-1.904590E+3	4.707390E+3	-2.850975E+3	7.390605E+3	-1.074217E+4	8.714320E+3	-1.713839E+4
1.184700E+2	-2.224774E+1	1.624610E+0	-2.224732E+1	2.728727E-2	2.423060E+3	-1.904281E+3	4.707390E+3	-2.850820E+3	7.390760E+3	-1.074232E+4	8.714629E+3	-1.713808E+4
1.184800E+2	-2.225709E+1	1.672087E+0	-2.225666E+1	2.719194E-2	2.423060E+3	-1.903971E+3	4.707390E+3	-2.850666E+3	7.390914E+3	-1.074247E+4	8.714939E+3	-1.713777E+4
1.184900E+2	-2.226694E+1	1.602115E+0	-2.226651E+1	2.709143E-2	2.423060E+3	-1.903662E+3	4.707390E+3	-2.850511E+3	7.391069E+3	-1.074262E+4	8.715248E+3	-1.713746E+4
1.185000E+2	-2.227724E+1	1.514548E+0	-2.227681E+1	2.698627E-2	2.423060E+3	-1.903353E+3	4.707390E+3	-2.850357E+3	7.391223E+3	-1.074277E+4	8.715557E+3	-1.713715E+4
1.185100E+2	-2.228765E+1	1.629035E+0	-2.228722E+1	2.688005E-2	2.423374E+3	-1.910072E+3	4.707704E+3	-2.848794E+3	7.389086E+3	-1.074280E+4	8.711282E+3	-1.713931E+4
1.185200E+2	-2.229823E+1	1.656814E+0	-2.229780E+1	2.677212E-2	2.423060E+3	-1.910422E+3	4.707251E+3	-2.848758E+3	7.389400E+3	-1.074294E+4	8.711494E+3	-1.713928E+4
1.185300E+2	-2.230836E+1	1.639221E+0	-2.230794E+1	2.666870E-2	2.423060E+3	-1.910088E+3	4.707084E+3	-2.849092E+3	7.389400E+3	-1.074311E+4	8.710992E+3	-1.713961E+4
1.185400E+2	-2.231872E+1	1.515079E+0	-2.231829E+1	2.656304E-2	2.423060E+3	-1.909754E+3	4.706917E+3	-2.849426E+3	7.389400E+3	-1.074329E+4	8.710491E+3	-1.713995E+4
1.185500E+2	-2.232931E+1	1.607043E+0	-2.232889E+1	2.645493E-2	2.423060E+3	-1.909420E+3	4.706750E+3	-2.849760E+3	7.389400E+3	-1.074346E+4	8.709990E+3	-1.714028E+4
1.185600E+2	-2.234025E+1	1.688995E+0	-2.233982E+1	2.634330E-2	2.423060E+3	-1.909086E+3	4.706583E+3	-2.850094E+3	7.389400E+3	-1.074363E+4	8.709488E+3	-1.714061E+4
1.185700E+2	-2.235086E+1	1.630710E+0	-2.235043E+1	2.623505E-2	2.423060E+3	-1.908751E+3	4.706416E+3	-2.850429E+3	7.389400E+3	-1.074380E+4	8.708987E+3	-1.714095E+4
1.185800E+2	-2.236152E+1	1.614450E+0	-2.236109E+1	2.612632E-2	2.423060E+3	-1.908417E+3	4.706249E+3	-2.850763E+3	7.389400E+3	-1.074397E+4	8.708486E+3	-1.714128E+4
1.185900E+2	-2.237256E+1	1.501330E+0	-2.237213E+1	2.601362E-2	2.423060E+3	-1.908083E+3	4.706081E+3	-2.851097E+3	7.389400E+3	-1.074414E+4	8.707984E+3	-1.714162E+4
1.186000E+2	-2.238340E+1	1.544400E+0	-2.238297E+1	2.590300E-2	2.423060E+3	-1.907749E+3	4.705914E+3	-2.851431E+3	7.389400E+3	-1.074432E+4	8.707483E+3	-1.714195E+4
1.186100E+2	-2.239385E+1	1.575141E+0	-2.239342E+1	2.579636E-2	2.423060E+3	-1.907414E+3	4.705747E+3	-2.851766E+3	7.389400E+3	-1.074449E+4	8.706982E+3	-1.714229E+4
1.186200E+2	-2.240460E+1	1.525165E+0	-2.240417E+1	2.568673E-2	2.423060E+3	-1.907080E+3	4.705580E+3	-2.852100E+3	7.389400E+3	-1.074466E+4	8.706480E+3	-1.714262E+4
1.186300E+2	-2.241501E+1	1.575976E+0	-2.241459E+1	2.558043E-2	2.424910E+3	-1.901472E+3	4.705529E+3	-2.854030E+3	7.385700E+3	-1.074470E+4	8.708199E+3	-1.714269E+4
1.186400E+2	-2.242486E+1	1.605591E+0	-2.242443E+1	2.547999E-2	2.424910E+3	-1.901833E+3	4.705349E+3	-2.854030E+3	7.385700E+3	-1.074470E+4	8.708019E+3	-1.714250E+4
1.186500E+2	-2.243449E+1	1.635483E+0	-2.243406E+1	2.538169E-2	2.424910E+3	-1.902193E+3	4.705169E+3	-2.854030E+3	7.385700E+3	-1.074470E+4	8.707839E+3	-1.714232E+4
1.186600E+2	-2.244358E+1	1.593940E+0	-2.244315E+1	2.528898E-2	2.424910E+3	-1.902553E+3	4.704989E+3	-2.854030E+3	7.385700E+3	-1.074470E+4	8.707659E+3	-1.714213E+4
1.186700E+2	-2.245171E+1	1.489096E+0	-2.245129E+1	2.520595E-2	2.424910E+3	-1.902913E+3	4.704808E+3	-2.854030E+3	7.385700E+3	-1.074470E+4	8.707478E+3	-1.714195E+4
1.186800E+2	-2.245968E+1	1.648925E+0	-2.245926E+1	2.512462E-2	2.424910E+3	-1.903273E+3	4.704628E+3	-2.854030E+3	7.385700E+3	-1.074470E+4	8.707298E+3	-1.714176E+4
1.186900E+2	-2.246795E+1	1.629303E+0	-2.246752E+1	2.504027E-2	2.424910E+3	-1.903633E+3	4.704448E+3	-2.854030E+3	7.385700E+3	-1.074470E+4	8.707118E+3	-1.714158E+4
1.187000E+2	-2.247606E+1	1.579914E+0	-2.247563E+1	2.495754E-2	2.424910E+3	-1.903994E+3	4.704268E+3	-2.854030E+3	7.385700E+3	-1.074470E+4	8.706938E+3	-1.714139E+4
1.187100E+2	-2.248517E+1	1.529514E+0	-2.248474E+1	2.486460E-2	2.424910E+3	-1.904354E+3	4.704088E+3	-2.854030E+3	7.385700E+3	-1.074470E+4	8.706758E+3	-1.714121E+4
1.187200E+2	-2.249470E+1	1.540059E+0	-2.249427E+1	2.476729E-2	2.424910E+3	-1.904714E+3	4.703908E+3	-2.854030E+3	7.385700E+3	-1.074470E+4	8.706578E+3	-1.714102E+4
1.187300E+2	-2.250453E+1	1.701912E+0	-2.250410E+1	2.466704E-2	2.424910E+3	-1.905074E+3	4.703728E+3	-2.854030E+3	7.385700E+3	-1.074470E+4	8.706398E+3	-1.714084E+4
1.187400E+2	-2.251441E+1	1.615334E+0	-2.251399E+1	2.456615E-2	2.426590E+3	-1.908850E+3	4.705540E+3	-2.852180E+3	7.384029E+3	-1.074650E+4	8.703171E+3	-1.714433E+4
1.187500E+2	-2.252432E+1	1.535268E+0	-2.252389E+1	2.446507E-2	2.426374E+3	-1.908850E+3	4.705540E+3	-2.852180E+3	7.384244E+3	-1.074650E+4	8.703818E+3	-1.714412E+4
1.187600E+2	-2.253402E+1	1.489276E+0	-2.253359E+1	2.436612E-2	2.426158E+3	-1.908850E+3	4.705540E+3	-2.852180E+3	7.384458E+3	-1.074650E+4	8.704465E+3	-1.714391E+4
1.187700E+2	-2.254379E+1	1.507707E+0	-2.254337E+1	2.426635E-2	2.425943E+3	-1.908850E+3	4.705540E+3	-2.852180E+3	7.384673E+3	-1.074650E+4	8.705112E+3	-1.714370E+4
1.187800E+2	-2.255350E+1	1.649564E+0	-2.255307E+1	2.416728E-2	2.425727E+3	-1.908850E+3	4.705540E+3	-2.852180E+3	7.384887E+3	-1.074650E+4	8.705759E+3	-1.714349E+4
1.187900E+2	-2.256364E+1	1.557967E+0	-2.256321E+1	2.406381E-2	2.425511E+3	-1.908850E+3	4.705540E+3	-2.852180E+3	7.385102E+3	-1.074650E+4	8.706406E+3	-1.714329E+4
1.188000E+2	-2.257308E+1	1.435872E+0	-2.257265E+1	2.396755E-2	2.425296E+3	-1.908850E+3	4.705540E+3	-2.852180E+3	7.385317E+3	-1.074650E+4	8.707053E+3	-1.714308E+4
1.188100E+2	-2.258193E+1	1.590483E+0	-2.258150E+1	2.387719E-2	2.425080E+3	-1.908850E+3	4.705540E+3	-2.852180E+3	7.385531E+3	-1.074650E+4	8.707700E+3	-1.714287E+4
1.188200E+2	-2.259125E+1	1.622088E+0	-2.259082E+1	2.378210E-2	2.424842E+3	-1.908782E+3	4.705404E+3	-2.852248E+3	7.385565E+3	-1.074650E+4	8.708006E+3	-1.714284E+4
1.188300E+2	-2.260060E+1	1.589422E+0	-2.260018E+1	2.368665E-2	2.424522E+3	-1.908462E+3	4.704764E+3	-2.852568E+3	7.384927E+3	-1.074650E+4	8.707047E+3	-1.714348E+4
1.188400E+2	-2.260967E+1	1.500709E+0	-2.260924E+1	2.359415E-2	2.424202E+3	-1.908142E+3	4.704125E+3	-2.852888E+3	7.384289E+3	-1.074650E+4	8.706087E+3	-1.714412E+4
1.188500E+2	-2.261898E+1	1.548490E+0	-2.261855E+1	2.349919E-2	2.423883E+3	-1.907823E+3	4.703485E+3	-2.853207E+3	7.383651E+3	-1.074650E+4	8.705128E+3	-1.714475E+4
1.188600E+2	-2.262961E+1	1.582873E+0	-2.262918E+1	2.339066E-2	2.423563E+3	-1.907503E+3	4.702846E+3	-2.853527E+3	7.383013E+3	-1.074650E+4	8.704168E+3	-1.714539E+4
1.188700E+2	-2.263945E+1	1.534394E+0	-2.263902E+1	2.329028E-2	2.423243E+3	-1.907183E+3	4.702206E+3	-2.853847E+3	7.382375E+3	-1.074650E+4	8.703209E+3	-1.714603E+4
1.188800E+2	-2.264899E+1	1.540042E+0	-2.264856E+1	2.319289E-2	2.421473E+3	-1.906737E+3	4.701840E+3	-2.852443E+3	7.383597E+3	-1.074624E+4	8.707685E+3	-1.714450E+4
1.188900E+2	-2.265927E+1	1.410185E+0	-2.265884E+1	2.308805E-2	2.421785E+3	-1.906425E+3	4.701840E+3	-2.851605E+3	7.384431E+3	-1.074650E+4	8.708210E+3	-1.714394E+4
1.189000E+2	-2.266981E+1	1.586518E+0	-2.266938E+1	2.298047E-2	2.422403E+3	-1.905807E+3	4.701840E+3	-2.850987E+3	7.385046E+3	-1.074650E+4	8.708210E+3	-1.714334E+4
1.189100E+2	-2.268002E+1	1.610450E+0	-2.267959E+1	2.287630E-2	2.423021E+3	-1.905189E+3	4.701840E+3	-2.850369E+3	7.385661E+3	-1.074650E+4	8.708210E+3	-1.714274E+4
1.189200E+2	-2.269034E+1	1.527570E+0	-2.268991E+1	2.277098E-2	2.423430E+3	-1.905150E+3	4.702580E+3	-2.851070E+3	7.385332E+3	-1.074688E+4	8.707100E+3	-1.714306E+4
1.189300E+2	-2.270086E+1	1.509095E+0	-2.270043E+1	2.266360E-2	2.423825E+3	-1.905150E+3	4.703369E+3	-2.851859E+3	7.384940E+3	-1.074729E+4	8.705916E+3	-1.714344E+4
1.189400E+2	-2.271134E+1	1.574844E+0	-2.271091E+1	2.255672E-2	2.424219E+3	-1.905150E+3	4.704159E+3	-2.852649E+3	7.384547E+3	-1.074769E+4	8.704732E+3	-1.714383E+4
1.189500E+2	-2.272139E+1	1.595871E+0	-2.272096E+1	2.245414E-2	2.424614E+3	-1.905150E+3	4.704948E+3	-2.853438E+3	7.384154E+3	-1.074810E+4	8.703548E+3	-1.714421E+4
1.189600E+2	-2.273092E+1	1.549733E+0	-2.273050E+1	2.235685E-2	2.424629E+3	-1.905431E+3	4.705400E+3	-2.854030E+3	7.383579E+3	-1.074840E+4	8.702520E+3	-1.714464E+4
1.189700E+2	-2.274022E+1	1.394340E+0	-2.273979E+1	2.226202E-2	2.423505E+3	-1.906555E+3	4.704837E+3	-2.854030E+3	7.382455E+3	-1.074840E+4	8.701961E+3	-1.714522E+4
1.189800E+2	-2.274956E+1	1.526534E+0	-2.274913E+1	2.216669E-2	2.422381E+3	-1.907679E+3	4.704275E+3	-2.854030E+3	7.381331E+3	-1.074840E+4	8.701402E+3	-1.714580E+4
1.189900E+2	-2.275942E+1	1.555407E+0	-2.275899E+1	2.206610E-2	2.421256E+3	-1.908804E+3	4.703713E+3	-2.854030E+3	7.380206E+3	-1.074840E+4	8.700843E+3	-1.714638E+4
1.190000E+2	-2.276866E+1	1.576832E+0	-2.276823E+1	2.197179E-2	2.421210E+3	-1.908480E+3	4.702949E+3	-2.854030E+3	7.379790E+3	-1.074840E+4	8.700079E+3	-1.714676E+4
1.190100E+2	-2.277788E+1	1.506526E+0	-2.277745E+1	2.187769E-2	2.421210E+3	-1.908093E+3	4.702176E+3	-2.854030E+3	7.379403E+3	-1.074840E+4	8.699306E+3	-1.714714E+4
1.190200E+2	-2.278837E+1	1.515487E+0	-2.278795E+1	2.177063E-2	2.421210E+3	-1.907707E+3	4.701403E+3	-2.854030E+3	7.379017E+3	-1.074840E+4	8.698533E+3	-1.714751E+4
1.190300E+2	-2.279908E+1	1.596461E+0	-2.279865E+1	2.166140E-2	2.421210E+3	-1.907320E+3	4.700630E+3	-2.854030E+3	7.378630E+3	-1.074840E+4	8.697760E+3	-1.714789E+4
1.190400E+2	-2.280923E+1	1.550265E+0	-2.280880E+1	2.155784E-2	2.421192E+3	-1.907018E+3	4.699990E+3	-2.854030E+3	7.378292E+3	-1.074840E+4	8.697138E+3	-1.714820E+4
1.190500E+2	-2.281976E+1	1.473780E+0	-2.281933E+1	2.145037E-2	2.421084E+3	-1.907126E+3	4.699990E+3	-2.854030E+3	7.378184E+3	-1.074840E+4	8.697246E+3	-1.714820E+4
1.190600E+2	-2.283028E+1	1.402832E+0	-2.282985E+1	2.134305E-2	2.420977E+3	-1.907233E+3	4.699990E+3	-2.854030E+3	7.378077E+3	-1.074840E+4	8.697353E+3	-1.714820E+4
1.190700E+2	-2.284043E+1	1.440169E+0	-2.284000E+1	2.123948E-2	2.420870E+3	-1.907340E+3	4.699990E+3	-2.854030E+3	7.377970E+3	-1.074840E+4	8.697460E+3	-1.714820E+4
1.190800E+2	-2.285067E+1	1.567322E+0	-2.285024E+1	2.113496E-2	2.420763E+3	-1.907447E+3	4.699990E+3	-2.854030E+3	7.377863E+3	-1.074840E+4	8.697567E+3	-1.714820E+4
1.190900E+2	-2.286081E+1	1.467501E+0	-2.286039E+1	2.103145E-2	2.420656E+3	-1.907554E+3	4.699990E+3	-2.854030E+3	7.377756E+3	-1.074840E+4	8.697674E+3	-1.714820E+4
1.191000E+2	-2.287078E+1	1.408987E+0	-2.287035E+1	2.092973E-2	2.420548E+3	-1.907662E+3	4.699990E+3	-2.854030E+3	7.377648E+3	-1.074840E+4	8.697782E+3	-1.714820E+4
1.191100E+2	-2.288059E+1	1.536270E+0	-2.288016E+1	2.082964E-2	2.420441E+3	-1.907769E+3	4.699990E+3	-2.854030E+3	7.377541E+3	-1.074840E+4	8.697889E+3	-1.714820E+4
1.191200E+2	-2.289036E+1	1.551330E+0	-2.288993E+1	2.072997E-2	2.420334E+3	-1.907876E+3	4.699990E+3	-2.854030E+3	7.377434E+3	-1.074840E+4	8.697996E+3	-1.714820E+4
1.191300E+2	-2.289996E+1	1.518005E+0	-2.289954E+1	2.063196E-2	2.420227E+3	-1.907983E+3	4.699990E+3	-2.854030E+3	7.377327E+3	-1.074840E+4	8.698103E+3	-1.714820E+4
1.191400E+2	-2.290929E+1	1.409515E+0	-2.290886E+1	2.053682E-2	2.420119E+3	-1.908091E+3	4.699990E+3	-2.854030E+3	7.377219E+3	-1.074840E+4	8.698211E+3	-1.714820E+4
1.191500E+2	-2.291859E+1	1.516960E+0	-2.291816E+1	2.044194E-2	2.420012E+3	-1.908198E+3	4.699990E+3	-2.854030E+3	7.377112E+3	-1.074840E+4	8.698318E+3	-1.714820E+4
1.191600E+2	-2.292862E+1	1.621987E+0	-2.292819E+1	2.033954E-2	2.419905E+3	-1.908305E+3	4.699990E+3	-2.854030E+3	7.377005E+3	-1.074840E+4	8.698425E+3	-1.714820E+4
1.191700E+2	-2.293876E+1	1.483656E+0	-2.293833E+1	2.023606E-2	2.419798E+3	-1.908412E+3	4.699990E+3	-2.854030E+3	7.376898E+3	-1.074840E+4	8.698532E+3	-1.714820E+4
1.191800E+2	-2.294944E+1	1.461664E+0	-2.294901E+1	2.012709E-2	2.419691E+3	-1.908519E+3	4.699990E+3	-2.854030E+3	7.376791E+3	-1.074840E+4	8.698639E+3	-1.714820E+4
1.191900E+2	-2.295977E+1	1.452991E+0	-2.295934E+1	2.002168E-2	2.419583E+3	-1.908627E+3	4.699990E+3	-2.854030E+3	7.376683E+3	-1.074840E+4	8.698747E+3	-1.714820E+4
1.192000E+2	-2.296959E+1	1.535508E+0	-2.296916E+1	1.992150E-2	2.419476E+3	-1.908734E+3	4.699990E+3	-2.854030E+3	7.376576E+3	-1.074840E+4	8.698854E+3	-1.714820E+4
1.192100E+2	-2.297951E+1	1.480941E+0	-2.297908E+1	1.982026E-2	2.419369E+3	-1.908841E+3	4.699990E+3	-2.854030E+3	7.376469E+3	-1.074840E+4	8.698961E+3	-1.714820E+4
1.192200E+2	-2.298892E+1	1.391648E+0	-2.298849E+1	1.972427E-2	2.417510E+3	-1.905150E+3	4.696101E+3	-2.857730E+3	7.372760E+3	-1.075210E+4	8.691759E+3	-1.715361E+4
1.192300E+2	-2.299832E+1	1.403176E+0	-2.299789E+1	1.962832E-2	2.417510E+3	-1.905150E+3	4.695895E+3	-2.857730E+3	7.372760E+3	-1.075210E+4	8.691965E+3	-1.715339E+4
1.192400E+2	-2.300792E+1	1.504939E+0	-2.300750E+1	1.953034E-2	2.417510E+3	-1.905150E+3	4.695689E+3	-2.857730E+3	7.372760E+3	-1.075210E+4	8.692171E+3	-1.715318E+4
1.192500E+2	-2.301781E+1	1.576147E+0	-2.301738E+1	1.942950E-2	2.417510E+3	-1.905150E+3	4.695483E+3	-2.857730E+3	7.372760E+3	-1.075210E+4	8.692377E+3	-1.715297E+4
1.192600E+2	-2.302834E+1	1.550849E+0	-2.302792E+1	1.932197E-2	2.417510E+3	-1.905150E+3	4.695277E+3	-2.857730E+3	7.372760E+3	-1.075210E+4	8.692583E+3	-1.715276E+4
1.192700E+2	-2.303853E+1	1.381205E+0	-2.303810E+1	1.921805E-2	2.417510E+3	-1.905150E+3	4.695071E+3	-2.857730E+3	7.372760E+3	-1.075210E+4	8.692789E+3	-1.715255E+4
1.192800E+2	-2.304830E+1	1.551349E+0	-2.304787E+1	1.911836E-2	2.417510E+3	-1.905150E+3	4.694865E+3	-2.857730E+3	7.372760E+3	-1.075210E+4	8.692995E+3	-1.715234E+4
1.192900E+2	-2.305823E+1	1.577373E+0	-2.305780E+1	1.901703E-2	2.417510E+3	-1.905150E+3	4.694659E+3	-2.857730E+3	7.372760E+3	-1.075210E+4	8.693201E+3	-1.715212E+4
1.193000E+2	-2.306767E+1	1.549131E+0	-2.306724E+1	1.892067E-2	2.417510E+3	-1.905150E+3	4.694453E+3	-2.857730E+3	7.372760E+3	-1.075210E+4	8.693407E+3	-1.715191E+4
1.193100E+2	-2.307664E+1	1.441184E+0	-2.307621E+1	1.882917E-2	2.417510E+3	-1.904124E+3	4.695466E+3	-2.857730E+3	7.373786E+3	-1.075310E+4	8.692394E+3	-1.715190E+4
1.193200E+2	-2.308605E+1	1.433713E+0	-2.308562E+1	1.873312E-2	2.417442E+3	-1.903164E+3	4.696222E+3	-2.857730E+3	7.374406E+3	-1.075390E+4	8.691570E+3	-1.715197E+4
1.193300E+2	-2.309537E+1	1.563397E+0	-2.309494E+1	1.863803E-2	2.417165E+3	-1.902610E+3	4.695945E+3	-2.857730E+3	7.373575E+3	-1.075390E+4	8.691570E+3	-1.715225E+4
1.193400E+2	-2.310445E+1	1.482971E+0	-2.310402E+1	1.854538E-2	2.416888E+3	-1.902056E+3	4.695668E+3	-2.857730E+3	7.372744E+3	-1.075390E+4	8.691570E+3	-1.715254E+4
1.193500E+2	-2.311436E+1	1.434342E+0	-2.311393E+1	1.844429E-2	2.416611E+3	-1.901503E+3	4.695391E+3	-2.857730E+3	7.371914E+3	-1.075390E+4	8.691570E+3	-1.715282E+4
1.193600E+2	-2.312455E+1	1.406869E+0	-2.312413E+1	1.834024E-2	2.416334E+3	-1.900949E+3	4.695114E+3	-2.857730E+3	7.371083E+3	-1.075390E+4	8.691570E+3	-1.715311E+4
1.193700E+2	-2.313418E+1	1.508741E+0	-2.313376E+1	1.824197E-2	2.416058E+3	-1.900395E+3	4.694838E+3	-2.857730E+3	7.370253E+3	-1.075390E+4	8.691570E+3	-1.715339E+4
1.193800E+2	-2.314374E+1	1.601317E+0	-2.314331E+1	1.814447E-2	2.415781E+3	-1.899841E+3	4.694561E+3	-2.857730E+3	7.369422E+3	-1.075390E+4	8.691570E+3	-1.715368E+4
1.193900E+2	-2.315407E+1	1.434659E+0	-2.315364E+1	1.803903E-2	2.416105E+3	-1.899823E+3	4.696290E+3	-2.857730E+3	7.367433E+3	-1.075390E+4	8.691347E+3	-1.715402E+4
1.194000E+2	-2.316528E+1	1.346202E+0	-2.316485E+1	1.792469E-2	2.416895E+3	-1.900217E+3	4.696290E+3	-2.857730E+3	7.367827E+3	-1.075390E+4	8.690953E+3	-1.715440E+4
1.194100E+2	-2.317644E+1	1.482642E+0	-2.317601E+1	1.781077E-2	2.417684E+3	-1.900612E+3	4.696290E+3	-2.857730E+3	7.368222E+3	-1.075390E+4	8.690558E+3	-1.715478E+4
1.194200E+2	-2.318682E+1	1.506486E+0	-2.318640E+1	1.770481E-2	2.418473E+3	-1.901007E+3	4.696290E+3	-2.857730E+3	7.368617E+3	-1.075390E+4	8.690163E+3	-1.715517E+4
1.194300E+2	-2.319626E+1	1.492870E+0	-2.319583E+1	1.760851E-2	2.419262E+3	-1.901401E+3	4.696290E+3	-2.857730E+3	7.369011E+3	-1.075390E+4	8.689769E+3	-1.715555E+4
1.194400E+2	-2.320527E+1	1.336495E+0	-2.320484E+1	1.751657E-2	2.419124E+3	-1.901921E+3	4.696526E+3	-2.857730E+3	7.369060E+3	-1.075390E+4	8.689720E+3	-1.715560E+4
1.194500E+2	-2.321421E+1	1.492993E+0	-2.321378E+1	1.742540E-2	2.418856E+3	-1.902459E+3	4.696794E+3	-2.857730E+3	7.369060E+3	-1.075390E+4	8.689720E+3	-1.715560E+4
1.194600E+2	-2.322332E+1	1.583629E+0	-2.322290E+1	1.733237E-2	2.418587E+3	-1.902997E+3	4.697063E+3	-2.857730E+3	7.369060E+3	-1.075390E+4	8.689720E+3	-1.715560E+4
1.194700E+2	-2.323240E+1	1.440247E+0	-2.323198E+1	1.723971E-2	2.418318E+3	-1.903534E+3	4.697332E+3	-2.857730E+3	7.369060E+3	-1.075390E+4	8.689720E+3	-1.715560E+4
1.194800E+2	-2.324196E+1	1.400347E+0	-2.324153E+1	1.714224E-2	2.418049E+3	-1.904072E+3	4.697601E+3	-2.857730E+3	7.369060E+3	-1.075390E+4	8.689720E+3	-1.715560E+4
1.194900E+2	-2.325198E+1	1.392518E+0	-2.325155E+1	1.703996E-2	2.417780E+3	-1.904610E+3	4.697870E+3	-2.857730E+3	7.369060E+3	-1.075390E+4	8.689720E+3	-1.715560E+4
1.195000E+2	-2.326201E+1	1.506590E+0	-2.326158E+1	1.693758E-2	2.417511E+3	-1.905147E+3	4.698139E+3	-2.857730E+3	7.369060E+3	-1.075390E+4	8.689720E+3	-1.715560E+4
1.195100E+2	-2.327194E+1	1.500075E+0	-2.327151E+1	1.683631E-2	2.417840E+3	-1.902970E+3	4.697153E+3	-2.857730E+3	7.367210E+3	-1.075580E+4	8.686020E+3	-1.715684E+4
1.195200E+2	-2.328227E+1	1.313403E+0	-2.328184E+1	1.673089E-2	2.418171E+3	-1.902639E+3	4.696161E+3	-2.857730E+3	7.367210E+3	-1.075580E+4	8.686020E+3	-1.715618E+4
1.195300E+2	-2.329285E+1	1.371345E+0	-2.329242E+1	1.662291E-2	2.418502E+3	-1.902308E+3	4.695169E+3	-2.857730E+3	7.367210E+3	-1.075580E+4	8.686020E+3	-1.715552E+4
1.195400E+2	-2.330356E+1	1.422311E+0	-2.330313E+1	1.651365E-2	2.418833E+3	-1.901977E+3	4.694177E+3	-2.857730E+3	7.367210E+3	-1.075580E+4	8.686020E+3	-1.715485E+4
1.195500E+2	-2.331401E+1	1.459065E+0	-2.331359E+1	1.640696E-2	2.419165E+3	-1.901645E+3	4.693185E+3	-2.857730E+3	7.367210E+3	-1.075580E+4	8.686020E+3	-1.715419E+4
1.195600E+2	-2.332423E+1	1.434430E+0	-2.332380E+1	1.630275E-2	2.417978E+3	-1.901450E+3	4.692600E+3	-2.858421E+3	7.365137E+3	-1.075580E+4	8.686020E+3	-1.715585E+4
1.195700E+2	-2.333414E+1	1.324270E+0	-2.333371E+1	1.620162E-2	2.415433E+3	-1.901336E+3	4.692713E+3	-2.859466E+3	7.361660E+3	-1.075591E+4	8.686020E+3	-1.715919E+4
1.195800E+2	-2.334389E+1	1.463053E+0	-2.334346E+1	1.610214E-2	2.414705E+3	-1.900973E+3	4.693075E+3	-2.859103E+3	7.361660E+3	-1.075626E+4	8.686020E+3	-1.715884E+4
1.195900E+2	-2.335370E+1	1.470696E+0	-2.335327E+1	1.600198E-2	2.413978E+3	-1.900609E+3	4.693437E+3	-2.858739E+3	7.361660E+3	-1.075662E+4	8.686020E+3	-1.715848E+4
1.196000E+2	-2.336401E+1	1.416401E+0	-2.336358E+1	1.589683E-2	2.413250E+3	-1.900245E+3	4.693798E+3	-2.858375E+3	7.361660E+3	-1.075697E+4	8.686020E+3	-1.715813E+4
1.196100E+2	-2.337408E+1	1.371684E+0	-2.337365E+1	1.579402E-2	2.412523E+3	-1.899881E+3	4.694160E+3	-2.858011E+3	7.361660E+3	-1.075733E+4	8.686020E+3	-1.715777E+4
1.196200E+2	-2.338405E+1	1.377564E+0	-2.338363E+1	1.569226E-2	2.412055E+3	-1.899505E+3	4.694440E+3	-2.857825E+3	7.361565E+3	-1.075770E+4	8.685734E+3	-1.715769E+4
1.196300E+2	-2.339414E+1	1.529631E+0	-2.339371E+1	1.558939E-2	2.412477E+3	-1.899083E+3	4.694440E+3	-2.858247E+3	7.361143E+3	-1.075813E+4	8.684469E+3	-1.715853E+4
1.196400E+2	-2.340368E+1	1.368110E+0	-2.340325E+1	1.549204E-2	2.412899E+3	-1.898661E+3	4.694440E+3	-2.858669E+3	7.360721E+3	-1.075856E+4	8.683204E+3	-1.715938E+4
1.196500E+2	-2.341295E+1	1.281474E+0	-2.341253E+1	1.539737E-2	2.413320E+3	-1.898240E+3	4.694440E+3	-2.859090E+3	7.360300E+3	-1.075900E+4	8.681940E+3	-1.716022E+4
1.196600E+2	-2.342143E+1	1.391139E+0	-2.342100E+1	1.531086E-2	2.413742E+3	-1.897818E+3	4.694440E+3	-2.859512E+3	7.359878E+3	-1.075943E+4	8.680675E+3	-1.716106E+4
1.196700E+2	-2.342952E+1	1.472560E+0	-2.342909E+1	1.522838E-2	2.413810E+3	-1.898221E+3	4.693971E+3	-2.859580E+3	7.359810E+3	-1.075902E+4	8.680941E+3	-1.716072E+4
1.196800E+2	-2.343811E+1	1.471107E+0	-2.343768E+1	1.514068E-2	2.413810E+3	-1.898783E+3	4.693412E+3	-2.859580E+3	7.359810E+3	-1.075844E+4	8.681503E+3	-1.716014E+4
1.196900E+2	-2.344759E+1	1.325700E+0	-2.344717E+1	1.504390E-2	2.413810E+3	-1.899345E+3	4.692853E+3	-2.859580E+3	7.359810E+3	-1.075786E+4	8.682065E+3	-1.715956E+4
1.197000E+2	-2.345763E+1	1.309952E+0	-2.345721E+1	1.494145E-2	2.413894E+3	-1.899768E+3	4.692683E+3	-2.859748E+3	7.359894E+3	-1.075769E+4	8.682152E+3	-1.715939E+4
1.197100E+2	-2.346751E+1	1.472289E+0	-2.346708E+1	1.484065E-2	2.414047E+3	-1.900074E+3	4.692836E+3	-2.860054E+3	7.360047E+3	-1.075784E+4	8.681846E+3	-1.715954E+4
1.197200E+2	-2.347728E+1	1.438109E+0	-2.347685E+1	1.474095E-2	2.414200E+3	-1.900381E+3	4.692988E+3	-2.860361E+3	7.360200E+3	-1.075800E+4	8.681539E+3	-1.715970E+4
1.197300E+2	-2.348701E+1	1.413060E+0	-2.348659E+1	1.464166E-2	2.414354E+3	-1.900687E+3	4.693141E+3	-2.860667E+3	7.360354E+3	-1.075816E+4	8.681233E+3	-1.715986E+4
1.197400E+2	-2.349662E+1	1.250460E+0	-2.349619E+1	1.454367E-2	2.414507E+3	-1.900994E+3	4.693293E+3	-2.860974E+3	7.360507E+3	-1.075832E+4	8.680926E+3	-1.716002E+4
1.197500E+2	-2.350629E+1	1.392625E+0	-2.350586E+1	1.444498E-2	2.414660E+3	-1.901301E+3	4.693446E+3	-2.861281E+3	7.360660E+3	-1.075847E+4	8.680619E+3	-1.716017E+4
1.197600E+2	-2.351557E+1	1.454863E+0	-2.351514E+1	1.435027E-2	2.414814E+3	-1.901607E+3	4.693598E+3	-2.861587E+3	7.360814E+3	-1.075863E+4	8.680313E+3	-1.716033E+4
1.197700E+2	-2.352511E+1	1.357966E+0	-2.352468E+1	1.425292E-2	2.414967E+3	-1.901914E+3	4.693751E+3	-2.861894E+3	7.360967E+3	-1.075879E+4	8.680006E+3	-1.716049E+4
1.197800E+2	-2.353521E+1	1.330215E+0	-2.353478E+1	1.414988E-2	2.415120E+3	-1.902220E+3	4.693903E+3	-2.862200E+3	7.361120E+3	-1.075895E+4	8.679700E+3	-1.716065E+4
1.197900E+2	-2.354519E+1	1.351412E+0	-2.354476E+1	1.404805E-2	2.415274E+3	-1.902527E+3	4.694056E+3	-2.862507E+3	7.361274E+3	-1.075910E+4	8.679393E+3	-1.716080E+4
1.198000E+2	-2.355560E+1	1.412825E+0	-2.355518E+1	1.394175E-2	2.415427E+3	-1.902834E+3	4.694208E+3	-2.862814E+3	7.361427E+3	-1.075926E+4	8.679086E+3	-1.716096E+4
1.198100E+2	-2.356630E+1	1.407646E+0	-2.356587E+1	1.383266E-2	2.415580E+3	-1.903140E+3	4.694361E+3	-2.863120E+3	7.361580E+3	-1.075942E+4	8.678780E+3	-1.716112E+4
1.198200E+2	-2.357639E+1	1.293051E+0	-2.357597E+1	1.372961E-2	2.412032E+3	-1.902484E+3	4.689861E+3	-2.861430E+3	7.357144E+3	-1.075950E+4	8.679581E+3	-1.716108E+4
1.198300E+2	-2.358656E+1	1.389933E+0	-2.358613E+1	1.362587E-2	2.410250E+3	-1.899321E+3	4.688900E+3	-2.861430E+3	7.354260E+3	-1.075964E+4	8.678760E+3	-1.716300E+4
1.198400E+2	-2.359706E+1	1.448054E+0	-2.359663E+1	1.351871E-2	2.410540E+3	-1.898741E+3	4.688900E+3	-2.861430E+3	7.354260E+3	-1.075992E+4	8.679050E+3	-1.716300E+4
1.198500E+2	-2.360765E+1	1.470582E+0	-2.360722E+1	1.341069E-2	2.410829E+3	-1.898161E+3	4.688900E+3	-2.861430E+3	7.354260E+3	-1.076020E+4	8.679339E+3	-1.716300E+4
1.198600E+2	-2.361858E+1	1.387448E+0	-2.361815E+1	1.329915E-2	2.411119E+3	-1.897582E+3	4.688900E+3	-2.861430E+3	7.354260E+3	-1.076048E+4	8.679629E+3	-1.716300E+4
1.198700E+2	-2.362960E+1	1.301382E+0	-2.362917E+1	1.318668E-2	2.411409E+3	-1.897002E+3	4.688900E+3	-2.861430E+3	7.354260E+3	-1.076076E+4	8.679919E+3	-1.716300E+4
1.198800E+2	-2.364022E+1	1.424018E+0	-2.363979E+1	1.307837E-2	2.411699E+3	-1.896422E+3	4.688900E+3	-2.861430E+3	7.354260E+3	-1.076105E+4	8.680209E+3	-1.716300E+4
1.198900E+2	-2.365004E+1	1.382785E+0	-2.364961E+1	1.297817E-2	2.411960E+3	-1.895982E+3	4.688927E+3	-2.861430E+3	7.354260E+3	-1.076130E+4	8.680360E+3	-1.716303E+4
1.199000E+2	-2.365938E+1	1.384355E+0	-2.365895E+1	1.288284E-2	2.411960E+3	-1.896813E+3	4.689204E+3	-2.861430E+3	7.354260E+3	-1.076130E+4	8.679253E+3	-1.716331E+4
1.199100E+2	-2.366832E+1	1.305083E+0	-2.366790E+1	1.279155E-2	2.411960E+3	-1.897643E+3	4.689481E+3	-2.861430E+3	7.354260E+3	-1.076130E+4	8.678146E+3	-1.716360E+4
1.199200E+2	-2.367716E+1	1.332300E+0	-2.367673E+1	1.270142E-2	2.411960E+3	-1.898474E+3	4.689758E+3	-2.861430E+3	7.354260E+3	-1.076130E+4	8.677038E+3	-1.716388E+4
1.199300E+2	-2.368601E+1	1.427705E+0	-2.368558E+1	1.261106E-2	2.411960E+3	-1.899304E+3	4.690035E+3	-2.861430E+3	7.354260E+3	-1.076130E+4	8.675931E+3	-1.716417E+4
1.199400E+2	-2.369520E+1	1.348603E+0	-2.369477E+1	1.251729E-2	2.411960E+3	-1.900135E+3	4.690312E+3	-2.861430E+3	7.354260E+3	-1.076130E+4	8.674823E+3	-1.716445E+4
1.199500E+2	-2.370395E+1	1.276490E+0	-2.370352E+1	1.242806E-2	2.411960E+3	-1.900966E+3	4.690589E+3	-2.861430E+3	7.354260E+3	-1.076130E+4	8.673716E+3	-1.716473E+4
1.199600E+2	-2.371314E+1	1.393314E+0	-2.371271E+1	1.233422E-2	2.413810E+3	-1.901106E+3	4.688900E+3	-2.861602E+3	7.352238E+3	-1.076130E+4	8.676083E+3	-1.716524E+4
1.199700E+2	-2.372301E+1	1.417680E+0	-2.372258E+1	1.223352E-2	2.413810E+3	-1.900282E+3	4.688900E+3	-2.862014E+3	7.351826E+3	-1.076130E+4	8.674434E+3	-1.716607E+4
1.199800E+2	-2.373309E+1	1.425778E+0	-2.373266E+1	1.213068E-2	2.413810E+3	-1.899458E+3	4.688900E+3	-2.862426E+3	7.351414E+3	-1.076130E+4	8.672785E+3	-1.716689E+4
1.199900E+2	-2.374369E+1	1.302158E+0	-2.374326E+1	1.202252E-2	2.413810E+3	-1.898633E+3	4.688900E+3	-2.862838E+3	7.351002E+3	-1.076130E+4	8.671136E+3	-1.716772E+4
1.200000E+2	-2.375486E+1	1.324675E+0	-2.375443E+1	1.190853E-2	2.413810E+3	-1.897809E+3	4.688900E+3	-2.863251E+3	7.350589E+3	-1.076130E+4	8.669487E+3	-1.716854E+4
1.200100E+2	-2.376643E+1	1.418701E+0	-2.376600E+1	1.179050E-2	2.413357E+3	-1.897750E+3	4.688447E+3	-2.863280E+3	7.350560E+3	-1.076130E+4	8.670277E+3	-1.716769E+4
1.200200E+2	-2.377818E+1	1.381767E+0	-2.377775E+1	1.167059E-2	2.412868E+3	-1.897750E+3	4.687958E+3	-2.863280E+3	7.350560E+3	-1.076130E+4	8.671253E+3	-1.716672E+4
1.200300E+2	-2.378949E+1	1.332993E+0	-2.378906E+1	1.155519E-2	2.412380E+3	-1.897750E+3	4.687470E+3	-2.863280E+3	7.350560E+3	-1.076130E+4	8.672229E+3	-1.716574E+4
1.200400E+2	-2.379966E+1	1.246545E+0	-2.379923E+1	1.145143E-2	2.411928E+3	-1.897718E+3	4.687082E+3	-2.863312E+3	7.350496E+3	-1.076130E+4	8.673038E+3	-1.716496E+4
1.200500E+2	-2.380946E+1	1.354510E+0	-2.380904E+1	1.135134E-2	2.411699E+3	-1.897489E+3	4.687311E+3	-2.863541E+3	7.350038E+3	-1.076130E+4	8.672809E+3	-1.716542E+4
1.200600E+2	-2.381934E+1	1.418484E+0	-2.381891E+1	1.125062E-2	2.411470E+3	-1.897260E+3	4.687540E+3	-2.863770E+3	7.349580E+3	-1.076130E+4	8.672580E+3	-1.716588E+4
1.200700E+2	-2.382855E+1	1.288880E+0	-2.382812E+1	1.115656E-2	2.411241E+3	-1.897031E+3	4.687769E+3	-2.863999E+3	7.349122E+3	-1.076130E+4	8.672351E+3	-1.716634E+4
1.200800E+2	-2.383700E+1	1.222841E+0	-2.383657E+1	1.107041E-2	2.411012E+3	-1.896802E+3	4.687998E+3	-2.864228E+3	7.348664E+3	-1.076130E+4	8.672122E+3	-1.716680E+4
1.200900E+2	-2.384579E+1	1.293302E+0	-2.384536E+1	1.098070E-2	2.410783E+3	-1.896573E+3	4.688227E+3	-2.864457E+3	7.348206E+3	-1.076130E+4	8.671893E+3	-1.716725E+4
1.201000E+2	-2.385537E+1	1.394825E+0	-2.385495E+1	1.088288E-2	2.410554E+3	-1.896344E+3	4.688456E+3	-2.864686E+3	7.347748E+3	-1.076130E+4	8.671664E+3	-1.716771E+4
1.201100E+2	-2.386474E+1	1.362646E+0	-2.386431E+1	1.078732E-2	2.410325E+3	-1.896115E+3	4.688685E+3	-2.864915E+3	7.347290E+3	-1.076130E+4	8.671435E+3	-1.716817E+4
1.201200E+2	-2.387461E+1	1.232305E+0	-2.387418E+1	1.068658E-2	2.408281E+3	-1.895921E+3	4.687029E+3	-2.863301E+3	7.343118E+3	-1.076322E+4	8.667416E+3	-1.716864E+4
1.201300E+2	-2.388465E+1	1.322267E+0	-2.388422E+1	1.058414E-2	2.408624E+3	-1.896264E+3	4.686686E+3	-2.863644E+3	7.342432E+3	-1.076355E+4	8.665700E+3	-1.716933E+4
1.201400E+2	-2.389485E+1	1.342038E+0	-2.389443E+1	1.048002E-2	2.408967E+3	-1.896607E+3	4.686343E+3	-2.863987E+3	7.341745E+3	-1.076389E+4	8.663983E+3	-1.717001E+4
1.201500E+2	-2.390502E+1	1.333643E+0	-2.390459E+1	1.037631E-2	2.409311E+3	-1.896951E+3	4.685999E+3	-2.864331E+3	7.341059E+3	-1.076422E+4	8.662267E+3	-1.717070E+4
1.201600E+2	-2.391473E+1	1.260854E+0	-2.391430E+1	1.027725E-2	2.409654E+3	-1.897294E+3	4.685656E+3	-2.864674E+3	7.340372E+3	-1.076456E+4	8.660550E+3	-1.717139E+4
1.201700E+2	-2.392415E+1	1.155807E+0	-2.392372E+1	1.018109E-2	2.409997E+3	-1.897637E+3	4.685313E+3	-2.865017E+3	7.339685E+3	-1.076489E+4	8.658834E+3	-1.717207E+4
1.201800E+2	-2.393438E+1	1.370877E+0	-2.393395E+1	1.007667E-2	2.410844E+3	-1.897750E+3	4.685200E+3	-2.865130E+3	7.338726E+3	-1.076500E+4	8.659004E+3	-1.717230E+4
1.201900E+2	-2.394534E+1	1.363786E+0	-2.394491E+1	9.964874E-3	2.411938E+3	-1.897750E+3	4.685200E+3	-2.865130E+3	7.337632E+3	-1.076500E+4	8.660098E+3	-1.717230E+4
1.202000E+2	-2.395644E+1	1.285707E+0	-2.395601E+1	9.851615E-3	2.411604E+3	-1.898106E+3	4.684844E+3	-2.865130E+3	7.337254E+3	-1.076537E+4	8.658695E+3	-1.717265E+4
1.202100E+2	-2.396681E+1	1.191892E+0	-2.396638E+1	9.745820E-3	2.411240E+3	-1.898470E+3	4.684480E+3	-2.865130E+3	7.336890E+3	-1.076574E+4	8.657240E+3	-1.717300E+4
1.202200E+2	-2.397647E+1	1.272031E+0	-2.397604E+1	9.647233E-3	2.410876E+3	-1.898834E+3	4.684116E+3	-2.865130E+3	7.336526E+3	-1.076611E+4	8.655785E+3	-1.717335E+4
1.202300E+2	-2.398640E+1	1.351955E+0	-2.398597E+1	9.545875E-3	2.410513E+3	-1.899197E+3	4.683753E+3	-2.865130E+3	7.336163E+3	-1.076649E+4	8.654330E+3	-1.717371E+4
1.202400E+2	-2.399634E+1	1.259138E+0	-2.399591E+1	9.444469E-3	2.410149E+3	-1.899561E+3	4.683389E+3	-2.865130E+3	7.335799E+3	-1.076686E+4	8.652875E+3	-1.717406E+4
1.202500E+2	-2.400618E+1	1.184929E+0	-2.400576E+1	9.343996E-3	2.409539E+3	-1.898457E+3	4.683350E+3	-2.865701E+3	7.334617E+3	-1.076690E+4	8.653291E+3	-1.717410E+4
1.202600E+2	-2.401599E+1	1.323121E+0	-2.401556E+1	9.243969E-3	2.408899E+3	-1.897178E+3	4.683350E+3	-2.866341E+3	7.333338E+3	-1.076690E+4	8.653931E+3	-1.717410E+4
1.202700E+2	-2.402611E+1	1.330320E+0	-2.402568E+1	9.140722E-3	2.408259E+3	-1.895900E+3	4.683350E+3	-2.866980E+3	7.332058E+3	-1.076690E+4	8.654569E+3	-1.717410E+4
1.202800E+2	-2.403605E+1	1.324178E+0	-2.403562E+1	9.039279E-3	2.407486E+3	-1.895513E+3	4.682963E+3	-2.867367E+3	7.330515E+3	-1.076728E+4	8.653410E+3	-1.717527E+4
1.202900E+2	-2.404548E+1	1.157063E+0	-2.404505E+1	8.943063E-3	2.406714E+3	-1.895127E+3	4.682577E+3	-2.867753E+3	7.328971E+3	-1.076765E+4	8.652250E+3	-1.717644E+4
1.203000E+2	-2.405498E+1	1.227095E+0	-2.405455E+1	8.846100E-3	2.405941E+3	-1.894740E+3	4.682190E+3	-2.868140E+3	7.327428E+3	-1.076803E+4	8.651091E+3	-1.717761E+4
1.203100E+2	-2.406464E+1	1.313202E+0	-2.406421E+1	8.747483E-3	2.405168E+3	-1.894354E+3	4.681804E+3	-2.868526E+3	7.325884E+3	-1.076840E+4	8.649932E+3	-1.717878E+4
1.203200E+2	-2.407423E+1	1.281086E+0	-2.407380E+1	8.649638E-3	2.404436E+3	-1.893803E+3	4.681376E+3	-2.868954E+3	7.324546E+3	-1.076870E+4	8.648649E+3	-1.717970E+4
1.203300E+2	-2.408304E+1	1.271299E+0	-2.408261E+1	8.559777E-3	2.403856E+3	-1.892647E+3	4.680796E+3	-2.869534E+3	7.323966E+3	-1.076870E+4	8.646913E+3	-1.717970E+4
1.203400E+2	-2.409199E+1	1.210658E+0	-2.409156E+1	8.468468E-3	2.403277E+3	-1.891491E+3	4.680217E+3	-2.870113E+3	7.323387E+3	-1.076870E+4	8.645177E+3	-1.717970E+4
1.203500E+2	-2.410147E+1	1.270185E+0	-2.410104E+1	8.371732E-3	2.402722E+3	-1.890372E+3	4.679650E+3	-2.870680E+3	7.322820E+3	-1.076871E+4	8.643474E+3	-1.717971E+4
1.203600E+2	-2.411136E+1	1.312464E+0	-2.411093E+1	8.270796E-3	2.403268E+3	-1.890916E+3	4.679650E+3	-2.870680E+3	7.322820E+3	-1.076899E+4	8.643201E+3	-1.717997E+4
1.203700E+2	-2.412107E+1	1.227633E+0	-2.412064E+1	8.171740E-3	2.403813E+3	-1.891460E+3	4.679650E+3	-2.870680E+3	7.322820E+3	-1.076927E+4	8.642928E+3	-1.718024E+4
1.203800E+2	-2.413114E+1	1.214132E+0	-2.413071E+1	8.068940E-3	2.404359E+3	-1.892004E+3	4.679650E+3	-2.870680E+3	7.322820E+3	-1.076955E+4	8.642656E+3	-1.718050E+4
1.203900E+2	-2.414206E+1	1.206481E+0	-2.414163E+1	7.957485E-3	2.404904E+3	-1.892548E+3	4.679650E+3	-2.870680E+3	7.322820E+3	-1.076983E+4	8.642383E+3	-1.718077E+4
1.204000E+2	-2.415261E+1	1.286742E+0	-2.415218E+1	7.849872E-3	2.405450E+3	-1.893093E+3	4.679650E+3	-2.870680E+3	7.322820E+3	-1.077011E+4	8.642110E+3	-1.718103E+4
1.204100E+2	-2.416297E+1	1.250092E+0	-2.416255E+1	7.744099E-3	2.405996E+3	-1.893637E+3	4.679650E+3	-2.870680E+3	7.322820E+3	-1.077039E+4	8.641837E+3	-1.718130E+4
1.204200E+2	-2.417349E+1	1.130768E+0	-2.417307E+1	7.636750E-3	2.406232E+3	-1.894228E+3	4.679472E+3	-2.870858E+3	7.322642E+3	-1.077060E+4	8.641452E+3	-1.718150E+4
1.204300E+2	-2.418389E+1	1.281208E+0	-2.418347E+1	7.530629E-3	2.405490E+3	-1.894970E+3	4.678730E+3	-2.871600E+3	7.321900E+3	-1.077060E+4	8.640710E+3	-1.718150E+4
1.204400E+2	-2.419413E+1	1.310651E+0	-2.419370E+1	7.426159E-3	2.404748E+3	-1.895712E+3	4.677988E+3	-2.872342E+3	7.321158E+3	-1.077060E+4	8.639968E+3	-1.718150E+4
1.204500E+2	-2.420454E+1	1.242387E+0	-2.420411E+1	7.319999E-3	2.404560E+3	-1.895746E+3	4.677492E+3	-2.872530E+3	7.320662E+3	-1.077075E+4	8.639318E+3	-1.718150E+4
1.204600E+2	-2.421534E+1	1.157071E+0	-2.421491E+1	7.209733E-3	2.404560E+3	-1.895540E+3	4.677080E+3	-2.872530E+3	7.320250E+3	-1.077095E+4	8.638700E+3	-1.718150E+4
1.204700E+2	-2.422644E+1	1.144392E+0	-2.422601E+1	7.096494E-3	2.404560E+3	-1.895334E+3	4.676668E+3	-2.872530E+3	7.319838E+3	-1.077115E+4	8.638082E+3	-1.718150E+4
1.204800E+2	-2.423719E+1	1.202823E+0	-2.423676E+1	6.986829E-3	2.404560E+3	-1.895128E+3	4.676255E+3	-2.872530E+3	7.319425E+3	-1.077135E+4	8.637463E+3	-1.718150E+4
1.204900E+2	-2.424760E+1	1.177916E+0	-2.424717E+1	6.880588E-3	2.404560E+3	-1.894922E+3	4.675843E+3	-2.872530E+3	7.319013E+3	-1.077155E+4	8.636845E+3	-1.718150E+4
1.205000E+2	-2.425879E+1	1.193028E+0	-2.425836E+1	6.766375E-3	2.404560E+3	-1.894716E+3	4.675431E+3	-2.872530E+3	7.318601E+3	-1.077175E+4	8.636227E+3	-1.718150E+4
1.205100E+2	-2.427009E+1	1.182173E+0	-2.426966E+1	6.651112E-3	2.404560E+3	-1.894509E+3	4.675019E+3	-2.872530E+3	7.318189E+3	-1.077195E+4	8.635608E+3	-1.718150E+4
1.205200E+2	-2.428041E+1	1.231019E+0	-2.427998E+1	6.545799E-3	2.404560E+3	-1.894303E+3	4.674607E+3	-2.872530E+3	7.317777E+3	-1.077215E+4	8.634990E+3	-1.718150E+4
1.205300E+2	-2.428996E+1	1.270127E+0	-2.428954E+1	6.448291E-3	2.404560E+3	-1.894097E+3	4.674194E+3	-2.872530E+3	7.317364E+3	-1.077235E+4	8.634372E+3	-1.718150E+4
1.205400E+2	-2.429999E+1	1.171378E+0	-2.429957E+1	6.345938E-3	2.404113E+3	-1.893606E+3	4.674100E+3	-2.872977E+3	7.315930E+3	-1.077240E+4	8.634230E+3	-1.718239E+4
1.205500E+2	-2.431009E+1	1.093147E+0	-2.430966E+1	6.242895E-3	2.403534E+3	-1.893030E+3	4.674100E+3	-2.873556E+3	7.314193E+3	-1.077240E+4	8.634230E+3	-1.718355E+4
1.205600E+2	-2.432020E+1	1.208453E+0	-2.431977E+1	6.139777E-3	2.402955E+3	-1.892454E+3	4.674100E+3	-2.874135E+3	7.312456E+3	-1.077240E+4	8.634230E+3	-1.718471E+4
1.205700E+2	-2.432971E+1	1.222746E+0	-2.432928E+1	6.042695E-3	2.401011E+3	-1.892210E+3	4.672250E+3	-2.874229E+3	7.309569E+3	-1.077255E+4	8.631928E+3	-1.718550E+4
1.205800E+2	-2.433903E+1	1.211479E+0	-2.433860E+1	5.947596E-3	2.401272E+3	-1.892210E+3	4.672250E+3	-2.873968E+3	7.309046E+3	-1.077282E+4	8.631144E+3	-1.718602E+4
1.205900E+2	-2.434834E+1	1.141000E+0	-2.434791E+1	5.852607E-3	2.401533E+3	-1.892210E+3	4.672250E+3	-2.873707E+3	7.308523E+3	-1.077309E+4	8.630360E+3	-1.718655E+4
1.206000E+2	-2.435783E+1	1.246306E+0	-2.435741E+1	5.755734E-3	2.401795E+3	-1.892210E+3	4.672250E+3	-2.873445E+3	7.308000E+3	-1.077336E+4	8.629576E+3	-1.718707E+4
1.206100E+2	-2.436764E+1	1.277220E+0	-2.436721E+1	5.655688E-3	2.402056E+3	-1.892210E+3	4.672250E+3	-2.873184E+3	7.307478E+3	-1.077363E+4	8.628792E+3	-1.718759E+4
1.206200E+2	-2.437748E+1	1.171025E+0	-2.437706E+1	5.555231E-3	2.402318E+3	-1.892210E+3	4.672250E+3	-2.872922E+3	7.306955E+3	-1.077390E+4	8.628007E+3	-1.718812E+4
1.206300E+2	-2.438644E+1	1.087146E+0	-2.438601E+1	5.463873E-3	2.402579E+3	-1.892210E+3	4.672250E+3	-2.872661E+3	7.306432E+3	-1.077417E+4	8.627223E+3	-1.718864E+4
1.206400E+2	-2.439519E+1	1.082887E+0	-2.439477E+1	5.374520E-3	2.401389E+3	-1.892210E+3	4.672250E+3	-2.872530E+3	7.303528E+3	-1.077430E+4	8.622867E+3	-1.719026E+4
1.206500E+2	-2.440374E+1	1.258875E+0	-2.440332E+1	5.287267E-3	2.400600E+3	-1.892210E+3	4.671729E+3	-2.873311E+3	7.301428E+3	-1.077482E+4	8.619978E+3	-1.719132E+4
1.206600E+2	-2.441232E+1	1.192362E+0	-2.441190E+1	5.199724E-3	2.400274E+3	-1.892210E+3	4.671078E+3	-2.874288E+3	7.300126E+3	-1.077547E+4	8.618351E+3	-1.719197E+4
1.206700E+2	-2.442138E+1	1.088722E+0	-2.442095E+1	5.107335E-3	2.399949E+3	-1.892210E+3	4.670427E+3	-2.875264E+3	7.298825E+3	-1.077612E+4	8.616723E+3	-1.719262E+4
1.206800E+2	-2.443063E+1	1.119735E+0	-2.443020E+1	5.012957E-3	2.399623E+3	-1.892210E+3	4.669777E+3	-2.876240E+3	7.297523E+3	-1.077677E+4	8.615096E+3	-1.719327E+4
1.206900E+2	-2.444001E+1	1.189485E+0	-2.443959E+1	4.917163E-3	2.399298E+3	-1.892210E+3	4.669126E+3	-2.877216E+3	7.296221E+3	-1.077742E+4	8.613469E+3	-1.719392E+4
1.207000E+2	-2.445003E+1	1.190692E+0	-2.444960E+1	4.814970E-3	2.398928E+3	-1.892210E+3	4.668509E+3	-2.878121E+3	7.294988E+3	-1.077800E+4	8.611906E+3	-1.719450E+4
1.207100E+2	-2.446051E+1	1.172239E+0	-2.446008E+1	4.708007E-3	2.398214E+3	-1.892210E+3	4.668152E+3	-2.878478E+3	7.294274E+3	-1.077800E+4	8.610836E+3	-1.719450E+4
1.207200E+2	-2.447060E+1	1.047043E+0	-2.447018E+1	4.605022E-3	2.397501E+3	-1.892210E+3	4.667795E+3	-2.878835E+3	7.293561E+3	-1.077800E+4	8.609766E+3	-1.719450E+4
1.207300E+2	-2.448040E+1	1.257862E+0	-2.447998E+1	4.505014E-3	2.396787E+3	-1.892210E+3	4.667439E+3	-2.879191E+3	7.292847E+3	-1.077800E+4	8.608696E+3	-1.719450E+4
1.207400E+2	-2.449002E+1	1.219749E+0	-2.448959E+1	4.406944E-3	2.396074E+3	-1.892210E+3	4.667082E+3	-2.879548E+3	7.292134E+3	-1.077800E+4	8.607626E+3	-1.719450E+4
1.207500E+2	-2.449975E+1	1.193937E+0	-2.449932E+1	4.307655E-3	2.395360E+3	-1.892210E+3	4.666725E+3	-2.879905E+3	7.291420E+3	-1.077800E+4	8.606555E+3	-1.719450E+4
1.207600E+2	-2.451024E+1	1.142265E+0	-2.450981E+1	4.200550E-3	2.394403E+3	-1.890849E+3	4.666246E+3	-2.879930E+3	7.289555E+3	-1.077800E+4	8.605573E+3	-1.719541E+4
1.207700E+2	-2.452055E+1	1.144696E+0	-2.452012E+1	4.095356E-3	2.393426E+3	-1.889384E+3	4.665758E+3	-2.879930E+3	7.287602E+3	-1.077800E+4	8.604596E+3	-1.719638E+4
1.207800E+2	-2.453055E+1	1.207423E+0	-2.453012E+1	3.993311E-3	2.392450E+3	-1.887920E+3	4.665270E+3	-2.879930E+3	7.285650E+3	-1.077800E+4	8.603620E+3	-1.719736E+4
1.207900E+2	-2.454067E+1	1.100968E+0	-2.454024E+1	3.890061E-3	2.391610E+3	-1.886660E+3	4.664811E+3	-2.879930E+3	7.283893E+3	-1.077804E+4	8.602780E+3	-1.719824E+4
1.208000E+2	-2.455083E+1	1.008985E+0	-2.455041E+1	3.786341E-3	2.391610E+3	-1.886660E+3	4.664534E+3	-2.879930E+3	7.283339E+3	-1.077831E+4	8.602780E+3	-1.719851E+4
1.208100E+2	-2.456057E+1	1.064180E+0	-2.456014E+1	3.686993E-3	2.391610E+3	-1.886660E+3	4.664258E+3	-2.879930E+3	7.282785E+3	-1.077858E+4	8.602780E+3	-1.719878E+4
1.208200E+2	-2.457015E+1	1.135110E+0	-2.456972E+1	3.589277E-3	2.391610E+3	-1.886660E+3	4.663981E+3	-2.879930E+3	7.282232E+3	-1.077885E+4	8.602780E+3	-1.719905E+4
1.208300E+2	-2.457962E+1	1.203903E+0	-2.457920E+1	3.492577E-3	2.391610E+3	-1.886660E+3	4.663704E+3	-2.879930E+3	7.281678E+3	-1.077912E+4	8.602780E+3	-1.719932E+4
1.208400E+2	-2.458926E+1	1.108178E+0	-2.458883E+1	3.394218E-3	2.391610E+3	-1.886660E+3	4.663427E+3	-2.879930E+3	7.281124E+3	-1.077938E+4	8.602780E+3	-1.719958E+4
1.208500E+2	-2.459883E+1	1.110177E+0	-2.459840E+1	3.296572E-3	2.391610E+3	-1.886660E+3	4.663150E+3	-2.879930E+3	7.280570E+3	-1.077965E+4	8.602780E+3	-1.719985E+4
1.208600E+2	-2.460814E+1	1.175503E+0	-2.460772E+1	3.201554E-3	2.391610E+3	-1.888728E+3	4.661368E+3	-2.881780E+3	7.274504E+3	-1.078170E+4	8.591690E+3	-1.720392E+4
1.208700E+2	-2.461739E+1	1.150031E+0	-2.461696E+1	3.107183E-3	2.391610E+3	-1.889203E+3	4.661843E+3	-2.881780E+3	7.274031E+3	-1.078170E+4	8.591690E+3	-1.720441E+4
1.208800E+2	-2.462655E+1	1.136723E+0	-2.462612E+1	3.013776E-3	2.391610E+3	-1.889679E+3	4.662319E+3	-2.881780E+3	7.273558E+3	-1.078170E+4	8.591690E+3	-1.720490E+4
1.208900E+2	-2.463599E+1	9.886734E-1	-2.463556E+1	2.917420E-3	2.391610E+3	-1.890154E+3	4.662794E+3	-2.881780E+3	7.273085E+3	-1.078170E+4	8.591690E+3	-1.720539E+4
1.209000E+2	-2.464551E+1	1.089871E+0	-2.464508E+1	2.820300E-3	2.391929E+3	-1.889722E+3	4.662043E+3	-2.882416E+3	7.271923E+3	-1.078201E+4	8.590414E+3	-1.720624E+4
1.209100E+2	-2.465516E+1	1.179112E+0	-2.465473E+1	2.721837E-3	2.392491E+3	-1.888598E+3	4.660357E+3	-2.883538E+3	7.270237E+3	-1.078256E+4	8.588165E+3	-1.720736E+4
1.209200E+2	-2.466497E+1	1.063854E+0	-2.466454E+1	2.621727E-3	2.393053E+3	-1.887473E+3	4.658670E+3	-2.884659E+3	7.268550E+3	-1.078310E+4	8.585917E+3	-1.720849E+4
1.209300E+2	-2.467434E+1	1.070376E+0	-2.467391E+1	2.526126E-3	2.393351E+3	-1.886769E+3	4.657450E+3	-2.885579E+3	7.267221E+3	-1.078350E+4	8.584181E+3	-1.720919E+4
1.209400E+2	-2.468402E+1	1.120766E+0	-2.468359E+1	2.427356E-3	2.392956E+3	-1.887164E+3	4.657450E+3	-2.885974E+3	7.266826E+3	-1.078350E+4	8.583786E+3	-1.720878E+4
1.209500E+2	-2.469414E+1	1.182463E+0	-2.469371E+1	2.324058E-3	2.392562E+3	-1.887558E+3	4.657450E+3	-2.886368E+3	7.266432E+3	-1.078350E+4	8.583392E+3	-1.720838E+4
1.209600E+2	-2.470409E+1	1.160554E+0	-2.470366E+1	2.222522E-3	2.392167E+3	-1.887953E+3	4.657450E+3	-2.886763E+3	7.266037E+3	-1.078350E+4	8.582997E+3	-1.720797E+4
1.209700E+2	-2.471439E+1	1.022677E+0	-2.471396E+1	2.117421E-3	2.391772E+3	-1.888348E+3	4.657450E+3	-2.887158E+3	7.265642E+3	-1.078350E+4	8.582602E+3	-1.720757E+4
1.209800E+2	-2.472461E+1	1.126170E+0	-2.472418E+1	2.013139E-3	2.390588E+3	-1.887486E+3	4.657109E+3	-2.887320E+3	7.264456E+3	-1.078350E+4	8.581757E+3	-1.720808E+4
1.209900E+2	-2.473433E+1	1.139486E+0	-2.473390E+1	1.913944E-3	2.388852E+3	-1.885747E+3	4.656529E+3	-2.887320E+3	7.262717E+3	-1.078350E+4	8.580598E+3	-1.720924E+4
1.210000E+2	-2.474390E+1	1.081392E+0	-2.474348E+1	1.816255E-3	2.387116E+3	-1.884008E+3	4.655949E+3	-2.887320E+3	7.260978E+3	-1.078350E+4	8.579439E+3	-1.721040E+4
1.210100E+2	-2.475352E+1	1.074787E+0	-2.475309E+1	1.718131E-3	2.386070E+3	-1.883004E+3	4.655600E+3	-2.887276E+3	7.259886E+3	-1.078355E+4	8.578740E+3	-1.721110E+4
1.210200E+2	-2.476343E+1	1.027822E+0	-2.476300E+1	1.617041E-3	2.386070E+3	-1.883116E+3	4.655600E+3	-2.887164E+3	7.259774E+3	-1.078366E+4	8.578740E+3	-1.721110E+4
1.210300E+2	-2.477319E+1	1.187022E+0	-2.477276E+1	1.517416E-3	2.386070E+3	-1.883228E+3	4.655600E+3	-2.887052E+3	7.259662E+3	-1.078378E+4	8.578740E+3	-1.721110E+4
1.210400E+2	-2.478314E+1	1.109626E+0	-2.478271E+1	1.415867E-3	2.386070E+3	-1.883340E+3	4.655600E+3	-2.886940E+3	7.259550E+3	-1.078389E+4	8.578740E+3	-1.721110E+4
1.210500E+2	-2.479301E+1	8.408194E-1	-2.479258E+1	1.315215E-3	2.386070E+3	-1.883451E+3	4.655600E+3	-2.886829E+3	7.259439E+3	-1.078400E+4	8.578740E+3	-1.721110E+4
1.210600E+2	-2.480232E+1	6.601876E-1	-2.480189E+1	1.220149E-3	2.386070E+3	-1.883563E+3	4.655600E+3	-2.886717E+3	7.259327E+3	-1.078412E+4	8.578740E+3	-1.721110E+4
1.210700E+2	-2.481148E+1	6.655026E-1	-2.481105E+1	1.126666E-3	2.386070E+3	-1.883675E+3	4.655600E+3	-2.886605E+3	7.259215E+3	-1.078423E+4	8.578740E+3	-1.721110E+4
1.210800E+2	-2.482060E+1	6.824424E-1	-2.482017E+1	1.033679E-3	2.386070E+3	-1.883787E+3	4.655600E+3	-2.886493E+3	7.259103E+3	-1.078435E+4	8.578740E+3	-1.721110E+4
1.210900E+2	-2.482951E+1	4.679728E-1	-2.482908E+1	9.427344E-4	2.386070E+3	-1.883898E+3	4.655600E+3	-2.886382E+3	7.258992E+3	-1.078446E+4	8.578740E+3	-1.721110E+4
1.211000E+2	-2.483912E+1	2.695089E-1	-2.483870E+1	8.446115E-4	2.386070E+3	-1.884010E+3	4.655600E+3	-2.886270E+3	7.258880E+3	-1.078458E+4	8.578740E+3	-1.721110E+4
1.211100E+2	-2.484900E+1	3.108131E-1	-2.484857E+1	7.438217E-4	2.386070E+3	-1.884122E+3	4.655600E+3	-2.886158E+3	7.258768E+3	-1.078469E+4	8.578740E+3	-1.721110E+4
1.211200E+2	-2.485854E+1	3.524488E-1	-2.485811E+1	6.465360E-4	2.386070E+3	-1.884234E+3	4.655600E+3	-2.886046E+3	7.258656E+3	-1.078481E+4	8.578740E+3	-1.721110E+4
1.211300E+2	-2.486792E+1	3.457712E-1	-2.486749E+1	5.507863E-4	2.386070E+3	-1.884345E+3	4.655600E+3	-2.885935E+3	7.258545E+3	-1.078492E+4	8.578740E+3	-1.721110E+4
1.211400E+2	-2.487701E+1	1.613749E-1	-2.487658E+1	4.580124E-4	2.386070E+3	-1.884457E+3	4.655600E+3	-2.885823E+3	7.258433E+3	-1.078504E+4	8.578740E+3	-1.721110E+4
1.211500E+2	-2.488602E+1	2.200203E-1	-2.488559E+1	3.660681E-4	2.386070E+3	-1.884569E+3	4.655600E+3	-2.885711E+3	7.258321E+3	-1.078515E+4	8.578740E+3	-1.721110E+4
1.211600E+2	-2.489539E+1	3.727805E-1	-2.489496E+1	2.704570E-4	2.386070E+3	-1.884681E+3	4.655600E+3	-2.885599E+3	7.258209E+3	-1.078527E+4	8.578740E+3	-1.721110E+4
1.211700E+2	-2.490507E+1	3.848141E-1	-2.490464E+1	1.716921E-4	2.386070E+3	-1.884792E+3	4.655600E+3	-2.885488E+3	7.258098E+3	-1.078538E+4	8.578740E+3	-1.721110E+4
1.211800E+2	-2.491341E+1	5.009994E-1	-2.491299E+1	8.655826E-5	2.386070E+3	-1.884810E+3	4.655600E+3	-2.885544E+3	7.257859E+3	-1.078547E+4	8.578372E+3	-1.721132E+4
1.211900E+2	-2.492028E+1	5.164267E-1	-2.491986E+1	1.644991E-5	2.386070E+3	-1.884810E+3	4.655600E+3	-2.885631E+3	7.257597E+3	-1.078556E+4	8.577934E+3	-1.721159E+4
1.212000E+2	-2.492563E+1	7.011089E-1	-2.492520E+1	-3.808258E-5	2.386070E+3	-1.884810E+3	4.655600E+3	-2.885719E+3	7.257334E+3	-1.078564E+4	8.577497E+3	-1.721185E+4
1.212100E+2	-2.492870E+1	7.288679E-1	-2.492827E+1	-6.942457E-5	2.386070E+3	-1.884810E+3	4.655600E+3	-2.885806E+3	7.257072E+3	-1.078573E+4	8.577060E+3	-1.721212E+4
1.212200E+2	-2.493027E+1	7.069344E-1	-2.492984E+1	-8.547260E-5	2.386070E+3	-1.884810E+3	4.655600E+3	-2.885894E+3	7.256809E+3	-1.078581E+4	8.576622E+3	-1.721238E+4
1.212300E+2	-2.493123E+1	7.144231E-1	-2.493080E+1	-9.520114E-5	2.386070E+3	-1.884810E+3	4.655600E+3	-2.885981E+3	7.256547E+3	-1.078590E+4	8.576185E+3	-1.721265E+4
1.212400E+2	-2.493198E+1	8.078581E-1	-2.493155E+1	-1.028718E-4	2.386070E+3	-1.884810E+3	4.655600E+3	-2.886069E+3	7.256284E+3	-1.078598E+4	8.575747E+3	-1.721291E+4
1.212500E+2	-2.493284E+1	8.850880E-1	-2.493241E+1	-1.116259E-4	2.386070E+3	-1.884810E+3	4.655600E+3	-2.886156E+3	7.256022E+3	-1.078607E+4	8.575310E+3	-1.721318E+4
1.212600E+2	-2.493376E+1	8.488279E-1	-2.493334E+1	-1.210963E-4	2.386070E+3	-1.884810E+3	4.655600E+3	-2.886244E+3	7.255759E+3	-1.078615E+4	8.574872E+3	-1.721344E+4
1.212700E+2	-2.493438E+1	7.253783E-1	-2.493396E+1	-1.274362E-4	2.386070E+3	-1.884810E+3	4.655600E+3	-2.886331E+3	7.255497E+3	-1.078624E+4	8.574435E+3	-1.721371E+4
1.212800E+2	-2.493472E+1	8.875839E-1	-2.493429E+1	-1.308542E-4	2.386070E+3	-1.884810E+3	4.655600E+3	-2.886418E+3	7.255235E+3	-1.078632E+4	8.573998E+3	-1.721397E+4
1.212900E+2	-2.493505E+1	8.808132E-1	-2.493462E+1	-1.341768E-4	2.386070E+3	-1.884810E+3	4.655600E+3	-2.886506E+3	7.254972E+3	-1.078641E+4	8.573560E+3	-1.721424E+4
1.213000E+2	-2.493539E+1	8.445401E-1	-2.493496E+1	-1.377168E-4	2.386070E+3	-1.884810E+3	4.655600E+3	-2.886593E+3	7.254710E+3	-1.078649E+4	8.573123E+3	-1.721450E+4
1.213100E+2	-2.493575E+1	7.630130E-1	-2.493532E+1	-1.413319E-4	2.386070E+3	-1.884810E+3	4.655600E+3	-2.886681E+3	7.254447E+3	-1.078658E+4	8.572685E+3	-1.721477E+4
1.213200E+2	-2.493605E+1	7.774951E-1	-2.493562E+1	-1.444001E-4	2.386070E+3	-1.884810E+3	4.655600E+3	-2.886768E+3	7.254185E+3	-1.078666E+4	8.572248E+3	-1.721503E+4
1.213300E+2	-2.493625E+1	9.001270E-1	-2.493583E+1	-1.465175E-4	2.386070E+3	-1.884810E+3	4.655600E+3	-2.886856E+3	7.253922E+3	-1.078675E+4	8.571811E+3	-1.721530E+4
1.213400E+2	-2.493641E+1	9.006159E-1	-2.493598E+1	-1.481146E-4	2.386070E+3	-1.884810E+3	4.655600E+3	-2.886943E+3	7.253660E+3	-1.078683E+4	8.571373E+3	-1.721556E+4
1.213500E+2	-2.493656E+1	8.118106E-1	-2.493614E+1	-1.496702E-4	2.386070E+3	-1.884810E+3	4.655600E+3	-2.887031E+3	7.253397E+3	-1.078692E+4	8.570936E+3	-1.721582E+4
1.213600E+2	-2.493674E+1	7.590326E-1	-2.493631E+1	-1.514480E-4	2.386070E+3	-1.884810E+3	4.655600E+3	-2.887118E+3	7.253135E+3	-1.078700E+4	8.570498E+3	-1.721609E+4
1.213700E+2	-2.493694E+1	8.589644E-1	-2.493651E+1	-1.535261E-4	2.386070E+3	-1.884810E+3	4.655600E+3	-2.887206E+3	7.252873E+3	-1.078709E+4	8.570061E+3	-1.721635E+4
1.213800E+2	-2.493710E+1	9.409124E-1	-2.493667E+1	-1.551613E-4	2.386070E+3	-1.884810E+3	4.655600E+3	-2.887293E+3	7.252610E+3	-1.078717E+4	8.569623E+3	-1.721662E+4
1.213900E+2	-2.493720E+1	8.213036E-1	-2.493677E+1	-1.561363E-4	2.380315E+3	-1.882960E+3	4.647995E+3	-2.893279E+3	7.230125E+3	-1.079460E+4	8.546881E+3	-1.722800E+4
1.214000E+2	-2.493726E+1	8.166414E-1	-2.493683E+1	-1.567262E-4	2.380021E+3	-1.882960E+3	4.647701E+3	-2.893869E+3	7.229831E+3	-1.079460E+4	8.546291E+3	-1.722829E+4
1.214100E+2	-2.493734E+1	9.049680E-1	-2.493691E+1	-1.576010E-4	2.379726E+3	-1.882960E+3	4.647406E+3	-2.894458E+3	7.229536E+3	-1.079460E+4	8.545702E+3	-1.722857E+4
1.214200E+2	-2.493742E+1	8.598724E-1	-2.493700E+1	-1.584384E-4	2.379431E+3	-1.882960E+3	4.647111E+3	-2.895047E+3	7.229241E+3	-1.079460E+4	8.545113E+3	-1.722886E+4
1.214300E+2	-2.493747E+1	8.406518E-1	-2.493704E+1	-1.589237E-4	2.379137E+3	-1.882960E+3	4.646817E+3	-2.895636E+3	7.228947E+3	-1.079460E+4	8.544524E+3	-1.722915E+4
1.214400E+2	-2.493751E+1	7.360959E-1	-2.493708E+1	-1.593198E-4	2.378842E+3	-1.882960E+3	4.646522E+3	-2.896225E+3	7.228652E+3	-1.079460E+4	8.543935E+3	-1.722943E+4
1.214500E+2	-2.493754E+1	8.653430E-1	-2.493712E+1	-1.596678E-4	2.378670E+3	-1.882675E+3	4.646350E+3	-2.896285E+3	7.228480E+3	-1.079432E+4	8.544160E+3	-1.722932E+4
1.214600E+2	-2.493757E+1	9.916900E-1	-2.493714E+1	-1.599218E-4	2.378670E+3	-1.881988E+3	4.646350E+3	-2.895598E+3	7.228480E+3	-1.079365E+4	8.545534E+3	-1.722865E+4
1.214700E+2	-2.493760E+1	8.538077E-1	-2.493717E+1	-1.602506E-4	2.378670E+3	-1.881301E+3	4.646350E+3	-2.894911E+3	7.228480E+3	-1.079299E+4	8.546908E+3	-1.722799E+4
1.214800E+2	-2.493763E+1	8.219937E-1	-2.493720E+1	-1.605632E-4	2.378000E+3	-1.880440E+3	4.646350E+3	-2.894720E+3	7.227810E+3	-1.079280E+4	8.547290E+3	-1.722813E+4
1.214900E+2	-2.493768E+1	8.756639E-1	-2.493725E+1	-1.610881E-4	2.377073E+3	-1.879513E+3	4.646350E+3	-2.894720E+3	7.226883E+3	-1.079280E+4	8.547290E+3	-1.722858E+4
1.215000E+2	-2.493772E+1	9.288853E-1	-2.493729E+1	-1.614199E-4	2.376145E+3	-1.878585E+3	4.646350E+3	-2.894720E+3	7.225955E+3	-1.079280E+4	8.547290E+3	-1.722903E+4
1.215100E+2	-2.493773E+1	8.899840E-1	-2.493731E+1	-1.616155E-4	2.375218E+3	-1.877658E+3	4.646350E+3	-2.894720E+3	7.225028E+3	-1.079280E+4	8.547290E+3	-1.722948E+4
1.215200E+2	-2.493778E+1	8.028131E-1	-2.493735E+1	-1.620657E-4	2.375338E+3	-1.877410E+3	4.646350E+3	-2.894720E+3	7.224780E+3	-1.079280E+4	8.546922E+3	-1.722960E+4
1.215300E+2	-2.493781E+1	7.947506E-1	-2.493738E+1	-1.623653E-4	2.375839E+3	-1.877410E+3	4.646350E+3	-2.894720E+3	7.224780E+3	-1.079280E+4	8.546421E+3	-1.722960E+4
1.215400E+2	-2.493782E+1	9.098696E-1	-2.493739E+1	-1.624765E-4	2.376340E+3	-1.877410E+3	4.646350E+3	-2.894720E+3	7.224780E+3	-1.079280E+4	8.545920E+3	-1.722960E+4
1.215500E+2	-2.493783E+1	9.461120E-1	-2.493740E+1	-1.626205E-4	2.376820E+3	-1.877434E+3	4.646326E+3	-2.894720E+3	7.224780E+3	-1.079280E+4	8.545392E+3	-1.722960E+4
1.215600E+2	-2.493784E+1	8.911630E-1	-2.493741E+1	-1.627129E-4	2.376820E+3	-1.877996E+3	4.645764E+3	-2.894720E+3	7.224780E+3	-1.079280E+4	8.544268E+3	-1.722960E+4
1.215700E+2	-2.493785E+1	7.665940E-1	-2.493742E+1	-1.627465E-4	2.376820E+3	-1.878558E+3	4.645202E+3	-2.894720E+3	7.224780E+3	-1.079280E+4	8.543143E+3	-1.722960E+4
1.215800E+2	-2.493785E+1	8.987086E-1	-2.493742E+1	-1.628073E-4	2.376820E+3	-1.879120E+3	4.644640E+3	-2.894720E+3	7.224780E+3	-1.079280E+4	8.542019E+3	-1.722960E+4
1.215900E+2	-2.493786E+1	9.084158E-1	-2.493743E+1	-1.628937E-4	2.377117E+3	-1.879260E+3	4.645093E+3	-2.895017E+3	7.224483E+3	-1.079280E+4	8.542037E+3	-1.722990E+4
1.216000E+2	-2.493787E+1	8.296072E-1	-2.493744E+1	-1.629774E-4	2.377511E+3	-1.879260E+3	4.645883E+3	-2.895411E+3	7.224089E+3	-1.079280E+4	8.542431E+3	-1.723031E+4
1.216100E+2	-2.493787E+1	7.535201E-1	-2.493745E+1	-1.630446E-4	2.377906E+3	-1.879260E+3	4.646672E+3	-2.895806E+3	7.223694E+3	-1.079280E+4	8.542826E+3	-1.723072E+4
1.216200E+2	-2.493788E+1	8.467520E-1	-2.493745E+1	-1.631145E-4	2.378301E+3	-1.879260E+3	4.647461E+3	-2.896201E+3	7.223299E+3	-1.079280E+4	8.543221E+3	-1.723112E+4
1.216300E+2	-2.493789E+1	9.563537E-1	-2.493746E+1	-1.631906E-4	2.378706E+3	-1.879296E+3	4.648164E+3	-2.896534E+3	7.222894E+3	-1.079284E+4	8.543446E+3	-1.723150E+4
1.216400E+2	-2.493789E+1	8.403622E-1	-2.493747E+1	-1.632343E-4	2.379268E+3	-1.879858E+3	4.647602E+3	-2.895972E+3	7.222332E+3	-1.079338E+4	8.541200E+3	-1.723150E+4
1.216500E+2	-2.493790E+1	7.697307E-1	-2.493747E+1	-1.632918E-4	2.379830E+3	-1.880420E+3	4.647040E+3	-2.895410E+3	7.221770E+3	-1.079393E+4	8.538955E+3	-1.723150E+4
1.216600E+2	-2.493790E+1	8.359347E-1	-2.493748E+1	-1.633391E-4	2.380392E+3	-1.880982E+3	4.646478E+3	-2.894848E+3	7.221208E+3	-1.079448E+4	8.536710E+3	-1.723150E+4
1.216700E+2	-2.493791E+1	9.150710E-1	-2.493748E+1	-1.633819E-4	2.379923E+3	-1.880811E+3	4.646350E+3	-2.895019E+3	7.220783E+3	-1.079460E+4	8.536796E+3	-1.723150E+4
1.216800E+2	-2.493791E+1	9.225570E-1	-2.493748E+1	-1.633721E-4	2.379150E+3	-1.880425E+3	4.646350E+3	-2.895405E+3	7.220399E+3	-1.079460E+4	8.537567E+3	-1.723150E+4
1.216900E+2	-2.493791E+1	7.863808E-1	-2.493748E+1	-1.634094E-4	2.378377E+3	-1.880038E+3	4.646350E+3	-2.895792E+3	7.220014E+3	-1.079460E+4	8.538337E+3	-1.723150E+4
1.217000E+2	-2.493791E+1	7.742262E-1	-2.493748E+1	-1.634193E-4	2.377604E+3	-1.879652E+3	4.646350E+3	-2.896178E+3	7.219630E+3	-1.079460E+4	8.539108E+3	-1.723150E+4
1.217100E+2	-2.493791E+1	9.372775E-1	-2.493748E+1	-1.634235E-4	2.376831E+3	-1.879265E+3	4.646350E+3	-2.896565E+3	7.219245E+3	-1.079460E+4	8.539879E+3	-1.723150E+4
1.217200E+2	-2.493791E+1	8.740565E-1	-2.493748E+1	-1.634186E-4	2.376630E+3	-1.878879E+3	4.646350E+3	-2.896380E+3	7.219050E+3	-1.079460E+4	8.539700E+3	-1.723169E+4
1.217300E+2	-2.493791E+1	8.439180E-1	-2.493748E+1	-1.633854E-4	2.376436E+3	-1.878493E+3	4.646350E+3	-2.896186E+3	7.218856E+3	-1.079460E+4	8.539506E+3	-1.723187E+4
1.217400E+2	-2.493791E+1	7.198323E-1	-2.493748E+1	-1.633784E-4	2.376243E+3	-1.878106E+3	4.646350E+3	-2.895993E+3	7.218663E+3	-1.079460E+4	8.539313E+3	-1.723206E+4
1.217500E+2	-2.493791E+1	9.458838E-1	-2.493748E+1	-1.633897E-4	2.376050E+3	-1.877720E+3	4.646350E+3	-2.895800E+3	7.218470E+3	-1.079460E+4	8.539120E+3	-1.723225E+4
1.217600E+2	-2.493790E+1	9.692656E-1	-2.493748E+1	-1.633471E-4	2.375857E+3	-1.877333E+3	4.646350E+3	-2.895607E+3	7.218277E+3	-1.079460E+4	8.538927E+3	-1.723244E+4
1.217700E+2	-2.493790E+1	8.528205E-1	-2.493748E+1	-1.633482E-4	2.375663E+3	-1.876947E+3	4.646350E+3	-2.895413E+3	7.218083E+3	-1.079460E+4	8.538733E+3	-1.723263E+4
1.217800E+2	-2.493791E+1	8.192798E-1	-2.493748E+1	-1.634091E-4	2.375470E+3	-1.876560E+3	4.646350E+3	-2.895220E+3	7.217890E+3	-1.079460E+4	8.538540E+3	-1.723281E+4
1.217900E+2	-2.493791E+1	9.134859E-1	-2.493748E+1	-1.633908E-4	2.375277E+3	-1.876174E+3	4.646350E+3	-2.895027E+3	7.217697E+3	-1.079460E+4	8.538347E+3	-1.723300E+4
1.218000E+2	-2.493791E+1	9.940183E-1	-2.493748E+1	-1.633746E-4	2.375084E+3	-1.875787E+3	4.646350E+3	-2.894834E+3	7.217504E+3	-1.079460E+4	8.538154E+3	-1.723319E+4
1.218100E+2	-2.493791E+1	9.073811E-1	-2.493748E+1	-1.633979E-4	2.373406E+3	-1.873996E+3	4.644595E+3	-2.898420E+3	7.215540E+3	-1.079460E+4	8.534255E+3	-1.723340E+4
1.218200E+2	-2.493790E+1	7.494697E-1	-2.493748E+1	-1.633396E-4	2.374102E+3	-1.874692E+3	4.644827E+3	-2.898420E+3	7.215540E+3	-1.079460E+4	8.534023E+3	-1.723364E+4
1.218300E+2	-2.493790E+1	8.750828E-1	-2.493748E+1	-1.633519E-4	2.374797E+3	-1.875387E+3	4.645059E+3	-2.898420E+3	7.215540E+3	-1.079460E+4	8.533791E+3	-1.723387E+4
1.218400E+2	-2.493791E+1	9.645717E-1	-2.493748E+1	-1.633685E-4	2.375493E+3	-1.876083E+3	4.645291E+3	-2.898420E+3	7.215540E+3	-1.079460E+4	8.533559E+3	-1.723411E+4
1.218500E+2	-2.493790E+1	9.766100E-1	-2.493748E+1	-1.633378E-4	2.376189E+3	-1.876779E+3	4.645523E+3	-2.898420E+3	7.215540E+3	-1.079460E+4	8.533327E+3	-1.723435E+4
1.218600E+2	-2.493790E+1	8.860771E-1	-2.493748E+1	-1.633522E-4	2.376884E+3	-1.877474E+3	4.645755E+3	-2.898420E+3	7.215540E+3	-1.079460E+4	8.533095E+3	-1.723459E+4
1.218700E+2	-2.493790E+1	8.141706E-1	-2.493747E+1	-1.633194E-4	2.377580E+3	-1.878170E+3	4.645987E+3	-2.898420E+3	7.215540E+3	-1.079460E+4	8.532863E+3	-1.723483E+4
1.218800E+2	-2.493790E+1	8.992590E-1	-2.493747E+1	-1.633115E-4	2.378275E+3	-1.878865E+3	4.646218E+3	-2.898420E+3	7.215540E+3	-1.079460E+4	8.532632E+3	-1.723506E+4
1.218900E+2	-2.493790E+1	9.605568E-1	-2.493748E+1	-1.633387E-4	2.378492E+3	-1.882960E+3	4.642472E+3	-2.898420E+3	7.213690E+3	-1.079478E+4	8.532143E+3	-1.723683E+4
1.219000E+2	-2.493790E+1	9.183027E-1	-2.493748E+1	-1.633362E-4	2.378079E+3	-1.882960E+3	4.642059E+3	-2.898420E+3	7.213690E+3	-1.079521E+4	8.531319E+3	-1.723643E+4
1.219100E+2	-2.493790E+1	8.122958E-1	-2.493747E+1	-1.632906E-4	2.377667E+3	-1.882960E+3	4.641647E+3	-2.898420E+3	7.213690E+3	-1.079563E+4	8.530494E+3	-1.723602E+4
1.219200E+2	-2.493790E+1	8.879593E-1	-2.493747E+1	-1.632680E-4	2.377255E+3	-1.882960E+3	4.641235E+3	-2.898420E+3	7.213690E+3	-1.079605E+4	8.529670E+3	-1.723562E+4
1.219300E+2	-2.493790E+1	1.029124E+0	-2.493747E+1	-1.633066E-4	2.376843E+3	-1.882960E+3	4.640823E+3	-2.898420E+3	7.213690E+3	-1.079648E+4	8.528846E+3	-1.723522E+4
1.219400E+2	-2.493790E+1	8.631488E-1	-2.493747E+1	-1.633229E-4	2.375769E+3	-1.882259E+3	4.640800E+3	-2.898770E+3	7.213340E+3	-1.079650E+4	8.529150E+3	-1.723554E+4
1.219500E+2	-2.493790E+1	7.877834E-1	-2.493747E+1	-1.632977E-4	2.374656E+3	-1.881517E+3	4.640800E+3	-2.899141E+3	7.212969E+3	-1.079650E+4	8.529521E+3	-1.723590E+4
1.219600E+2	-2.493790E+1	9.228494E-1	-2.493747E+1	-1.632883E-4	2.373543E+3	-1.880775E+3	4.640800E+3	-2.899512E+3	7.212598E+3	-1.079650E+4	8.529892E+3	-1.723626E+4
1.219700E+2	-2.493790E+1	9.383624E-1	-2.493747E+1	-1.632827E-4	2.372430E+3	-1.880033E+3	4.640800E+3	-2.899883E+3	7.212227E+3	-1.079650E+4	8.530263E+3	-1.723662E+4
1.219800E+2	-2.493790E+1	9.232545E-1	-2.493747E+1	-1.632794E-4	2.371317E+3	-1.879291E+3	4.640800E+3	-2.900254E+3	7.211856E+3	-1.079650E+4	8.530634E+3	-1.723698E+4
1.219900E+2	-2.493790E+1	8.412050E-1	-2.493747E+1	-1.632776E-4	2.370762E+3	-1.878752E+3	4.640800E+3	-2.899255E+3	7.211840E+3	-1.079598E+4	8.531158E+3	-1.723700E+4
1.220000E+2	-2.493789E+1	8.240622E-1	-2.493746E+1	-1.632237E-4	2.370232E+3	-1.878222E+3	4.640800E+3	-2.898195E+3	7.211840E+3	-1.079543E+4	8.531688E+3	-1.723700E+4
1.220100E+2	-2.493789E+1	9.670900E-1	-2.493746E+1	-1.631823E-4	2.369702E+3	-1.877692E+3	4.640800E+3	-2.897134E+3	7.211840E+3	-1.079489E+4	8.532218E+3	-1.723700E+4
1.220200E+2	-2.493789E+1	9.486284E-1	-2.493746E+1	-1.631760E-4	2.369642E+3	-1.877632E+3	4.641022E+3	-2.896792E+3	7.211618E+3	-1.079504E+4	8.531611E+3	-1.723723E+4
1.220300E+2	-2.493789E+1	8.934420E-1	-2.493746E+1	-1.631860E-4	2.370118E+3	-1.878108E+3	4.641498E+3	-2.897268E+3	7.211142E+3	-1.079600E+4	8.529708E+3	-1.723772E+4
1.220400E+2	-2.493790E+1	7.869033E-1	-2.493747E+1	-1.632541E-4	2.370594E+3	-1.878584E+3	4.641974E+3	-2.897744E+3	7.210666E+3	-1.079695E+4	8.527806E+3	-1.723821E+4
1.220500E+2	-2.493790E+1	9.252653E-1	-2.493747E+1	-1.632570E-4	2.371069E+3	-1.879059E+3	4.642449E+3	-2.898219E+3	7.210191E+3	-1.079790E+4	8.525903E+3	-1.723869E+4
1.220600E+2	-2.493789E+1	8.956734E-1	-2.493746E+1	-1.631949E-4	2.371434E+3	-1.879424E+3	4.642650E+3	-2.898420E+3	7.209990E+3	-1.079830E+4	8.525182E+3	-1.723890E+4
1.220700E+2	-2.493789E+1	7.985253E-1	-2.493746E+1	-1.631992E-4	2.371717E+3	-1.879707E+3	4.642650E+3	-2.898420E+3	7.209990E+3	-1.079830E+4	8.525323E+3	-1.723890E+4
1.220800E+2	-2.493789E+1	7.841699E-1	-2.493746E+1	-1.632298E-4	2.372000E+3	-1.879990E+3	4.642650E+3	-2.898420E+3	7.209990E+3	-1.079830E+4	8.525465E+3	-1.723890E+4
1.220900E+2	-2.493789E+1	8.524926E-1	-2.493747E+1	-1.632361E-4	2.372283E+3	-1.880273E+3	4.642650E+3	-2.898420E+3	7.209990E+3	-1.079830E+4	8.525607E+3	-1.723890E+4
1.221000E+2	-2.493789E+1	9.506401E-1	-2.493746E+1	-1.631920E-4	2.372566E+3	-1.880556E+3	4.642650E+3	-2.898420E+3	7.209990E+3	-1.079830E+4	8.525748E+3	-1.723890E+4
1.221100E+2	-2.493789E+1	9.263782E-1	-2.493746E+1	-1.631560E-4	2.372850E+3	-1.880840E+3	4.642650E+3	-2.898420E+3	7.209990E+3	-1.079830E+4	8.525890E+3	-1.723890E+4
1.221200E+2	-2.493789E+1	8.060494E-1	-2.493746E+1	-1.631546E-4	2.373133E+3	-1.881123E+3	4.642650E+3	-2.898420E+3	7.209990E+3	-1.079830E+4	8.526031E+3	-1.723890E+4
1.221300E+2	-2.493789E+1	8.874433E-1	-2.493746E+1	-1.631935E-4	2.373416E+3	-1.881406E+3	4.642650E+3	-2.898420E+3	7.209990E+3	-1.079830E+4	8.526173E+3	-1.723890E+4
1.221400E+2	-2.493789E+1	9.255810E-1	-2.493746E+1	-1.631919E-4	2.373699E+3	-1.881689E+3	4.642650E+3	-2.898420E+3	7.209990E+3	-1.079830E+4	8.526315E+3	-1.723890E+4
1.221500E+2	-2.493789E+1	9.385608E-1	-2.493746E+1	-1.631915E-4	2.373982E+3	-1.881972E+3	4.642650E+3	-2.898420E+3	7.209990E+3	-1.079830E+4	8.526456E+3	-1.723890E+4
1.221600E+2	-2.493788E+1	8.817920E-1	-2.493746E+1	-1.631315E-4	2.374266E+3	-1.882256E+3	4.642650E+3	-2.898420E+3	7.209990E+3	-1.079830E+4	8.526598E+3	-1.723890E+4
1.221700E+2	-2.493787E+1	8.364450E-1	-2.493744E+1	-1.629831E-4	2.374549E+3	-1.882539E+3	4.642650E+3	-2.898420E+3	7.209990E+3	-1.079830E+4	8.526739E+3	-1.723890E+4
1.221800E+2	-2.493787E+1	9.958930E-1	-2.493744E+1	-1.629596E-4	2.374832E+3	-1.882822E+3	4.642650E+3	-2.898420E+3	7.209990E+3	-1.079830E+4	8.526881E+3	-1.723890E+4
1.221900E+2	-2.493786E+1	9.395182E-1	-2.493743E+1	-1.629194E-4	2.374690E+3	-1.882680E+3	4.642370E+3	-2.898420E+3	7.209710E+3	-1.079830E+4	8.526670E+3	-1.723890E+4
1.222000E+2	-2.493786E+1	9.181211E-1	-2.493744E+1	-1.629435E-4	2.374145E+3	-1.882135E+3	4.641825E+3	-2.898420E+3	7.209165E+3	-1.079830E+4	8.526125E+3	-1.723890E+4
1.222100E+2	-2.493787E+1	8.608997E-1	-2.493744E+1	-1.629497E-4	2.373599E+3	-1.881589E+3	4.641279E+3	-2.898420E+3	7.208619E+3	-1.079830E+4	8.525579E+3	-1.723890E+4
1.222200E+2	-2.493786E+1	9.107925E-1	-2.493744E+1	-1.629384E-4	2.373060E+3	-1.877470E+3	4.640741E+3	-2.898480E+3	7.209871E+3	-1.079650E+4	8.526890E+3	-1.723706E+4
1.222300E+2	-2.493786E+1	9.605475E-1	-2.493744E+1	-1.629410E-4	2.372572E+3	-1.877958E+3	4.640255E+3	-2.898968E+3	7.208895E+3	-1.079650E+4	8.526402E+3	-1.723756E+4
1.222400E+2	-2.493786E+1	9.042388E-1	-2.493743E+1	-1.629194E-4	2.372084E+3	-1.878446E+3	4.639770E+3	-2.899456E+3	7.207918E+3	-1.079650E+4	8.525914E+3	-1.723806E+4
1.222500E+2	-2.493786E+1	8.036913E-1	-2.493743E+1	-1.629074E-4	2.371596E+3	-1.878934E+3	4.639284E+3	-2.899944E+3	7.206942E+3	-1.079650E+4	8.525426E+3	-1.723857E+4
1.222600E+2	-2.493786E+1	8.924669E-1	-2.493743E+1	-1.628842E-4	2.371169E+3	-1.879058E+3	4.639060E+3	-2.900169E+3	7.206290E+3	-1.079650E+4	8.525302E+3	-1.723880E+4
1.222700E+2	-2.493786E+1	9.271400E-1	-2.493743E+1	-1.628713E-4	2.370865E+3	-1.878450E+3	4.639363E+3	-2.899865E+3	7.206290E+3	-1.079650E+4	8.525910E+3	-1.723848E+4
1.222800E+2	-2.493785E+1	9.090854E-1	-2.493742E+1	-1.628097E-4	2.370561E+3	-1.877842E+3	4.639665E+3	-2.899561E+3	7.206290E+3	-1.079650E+4	8.526518E+3	-1.723817E+4
1.222900E+2	-2.493785E+1	7.921504E-1	-2.493743E+1	-1.628339E-4	2.370257E+3	-1.877234E+3	4.639968E+3	-2.899257E+3	7.206290E+3	-1.079650E+4	8.527126E+3	-1.723786E+4
1.223000E+2	-2.493786E+1	8.776821E-1	-2.493743E+1	-1.628801E-4	2.369953E+3	-1.876625E+3	4.640270E+3	-2.898953E+3	7.206290E+3	-1.079650E+4	8.527735E+3	-1.723755E+4
1.223100E+2	-2.493786E+1	9.511029E-1	-2.493743E+1	-1.628907E-4	2.369649E+3	-1.876017E+3	4.640573E+3	-2.898649E+3	7.206290E+3	-1.079650E+4	8.528343E+3	-1.723723E+4
1.223200E+2	-2.493785E+1	9.008981E-1	-2.493743E+1	-1.628435E-4	2.373120E+3	-1.879548E+3	4.642362E+3	-2.900270E+3	7.206002E+3	-1.079830E+4	8.521975E+3	-1.724070E+4
1.223300E+2	-2.493786E+1	8.669654E-1	-2.493743E+1	-1.628466E-4	2.373120E+3	-1.880707E+3	4.641203E+3	-2.900270E+3	7.204843E+3	-1.079830E+4	8.524294E+3	-1.724070E+4
1.223400E+2	-2.493786E+1	8.616233E-1	-2.493743E+1	-1.628818E-4	2.373438E+3	-1.881110E+3	4.640483E+3	-2.900588E+3	7.204440E+3	-1.079830E+4	8.523826E+3	-1.724103E+4
1.223500E+2	-2.493786E+1	9.633191E-1	-2.493743E+1	-1.628726E-4	2.373927E+3	-1.881110E+3	4.639998E+3	-2.901077E+3	7.204440E+3	-1.079830E+4	8.521874E+3	-1.724153E+4
1.223600E+2	-2.493785E+1	9.768540E-1	-2.493743E+1	-1.628323E-4	2.374415E+3	-1.881110E+3	4.639512E+3	-2.901565E+3	7.204440E+3	-1.079830E+4	8.519921E+3	-1.724203E+4
1.223700E+2	-2.493785E+1	8.456809E-1	-2.493742E+1	-1.627859E-4	2.374903E+3	-1.881110E+3	4.639027E+3	-2.902053E+3	7.204440E+3	-1.079830E+4	8.517968E+3	-1.724253E+4
1.223800E+2	-2.493785E+1	8.023344E-1	-2.493742E+1	-1.627881E-4	2.374614E+3	-1.881110E+3	4.638960E+3	-2.901764E+3	7.204440E+3	-1.079830E+4	8.518411E+3	-1.724223E+4
1.223900E+2	-2.493785E+1	8.994993E-1	-2.493742E+1	-1.627851E-4	2.374202E+3	-1.881110E+3	4.638960E+3	-2.901352E+3	7.204440E+3	-1.079830E+4	8.519236E+3	-1.724181E+4
1.224000E+2	-2.493785E+1	9.644795E-1	-2.493742E+1	-1.627608E-4	2.373790E+3	-1.881110E+3	4.638960E+3	-2.900940E+3	7.204440E+3	-1.079830E+4	8.520060E+3	-1.724139E+4
1.224100E+2	-2.493784E+1	8.746441E-1	-2.493742E+1	-1.627275E-4	2.373378E+3	-1.881110E+3	4.638960E+3	-2.900528E+3	7.204440E+3	-1.079830E+4	8.520884E+3	-1.724096E+4
1.224200E+2	-2.493784E+1	7.348843E-1	-2.493742E+1	-1.627272E-4	2.372448E+3	-1.880438E+3	4.638960E+3	-2.900494E+3	7.203992E+3	-1.079830E+4	8.521400E+3	-1.724093E+4
1.224300E+2	-2.493784E+1	9.086458E-1	-2.493741E+1	-1.626738E-4	2.370652E+3	-1.878642E+3	4.638960E+3	-2.901093E+3	7.202795E+3	-1.079830E+4	8.521400E+3	-1.724154E+4
1.224400E+2	-2.493783E+1	9.922134E-1	-2.493740E+1	-1.625793E-4	2.368857E+3	-1.876847E+3	4.638960E+3	-2.901691E+3	7.201598E+3	-1.079830E+4	8.521400E+3	-1.724216E+4
1.224500E+2	-2.493782E+1	9.369906E-1	-2.493739E+1	-1.625005E-4	2.367682E+3	-1.875560E+3	4.638960E+3	-2.901897E+3	7.200852E+3	-1.079830E+4	8.521512E+3	-1.724249E+4
1.224600E+2	-2.493782E+1	8.401182E-1	-2.493739E+1	-1.624750E-4	2.368076E+3	-1.875560E+3	4.638960E+3	-2.901107E+3	7.201246E+3	-1.079830E+4	8.521906E+3	-1.724208E+4
1.224700E+2	-2.493782E+1	8.495525E-1	-2.493739E+1	-1.624516E-4	2.368471E+3	-1.875560E+3	4.638960E+3	-2.900318E+3	7.201641E+3	-1.079830E+4	8.522301E+3	-1.724167E+4
1.224800E+2	-2.493781E+1	1.045742E+0	-2.493739E+1	-1.624342E-4	2.368866E+3	-1.875560E+3	4.638960E+3	-2.899529E+3	7.202036E+3	-1.079830E+4	8.522696E+3	-1.724127E+4
1.224900E+2	-2.493780E+1	9.123143E-1	-2.493737E+1	-1.622930E-4	2.369260E+3	-1.875560E+3	4.638960E+3	-2.898739E+3	7.202430E+3	-1.079830E+4	8.523090E+3	-1.724086E+4
1.225000E+2	-2.493779E+1	8.390620E-1	-2.493737E+1	-1.622236E-4	2.369946E+3	-1.875735E+3	4.639134E+3	-2.898595E+3	7.202415E+3	-1.079830E+4	8.522899E+3	-1.724088E+4
1.225100E+2	-2.493779E+1	8.644247E-1	-2.493736E+1	-1.621976E-4	2.370829E+3	-1.876030E+3	4.639427E+3	-2.898890E+3	7.202120E+3	-1.079830E+4	8.522310E+3	-1.724118E+4
1.225200E+2	-2.493779E+1	9.819428E-1	-2.493736E+1	-1.622015E-4	2.371713E+3	-1.876324E+3	4.639720E+3	-2.899184E+3	7.201826E+3	-1.079830E+4	8.521722E+3	-1.724148E+4
1.225300E+2	-2.493779E+1	9.933971E-1	-2.493736E+1	-1.621738E-4	2.372596E+3	-1.876619E+3	4.640013E+3	-2.899479E+3	7.201531E+3	-1.079830E+4	8.521133E+3	-1.724179E+4
1.225400E+2	-2.493779E+1	8.890294E-1	-2.493736E+1	-1.621544E-4	2.373479E+3	-1.876913E+3	4.640306E+3	-2.899773E+3	7.201237E+3	-1.079830E+4	8.520544E+3	-1.724209E+4
1.225500E+2	-2.493778E+1	7.950421E-1	-2.493735E+1	-1.620805E-4	2.374363E+3	-1.877208E+3	4.640599E+3	-2.900068E+3	7.200942E+3	-1.079830E+4	8.519955E+3	-1.724239E+4
1.225600E+2	-2.493777E+1	9.102533E-1	-2.493734E+1	-1.620038E-4	2.374876E+3	-1.877410E+3	4.640800E+3	-2.900270E+3	7.200787E+3	-1.079830E+4	8.519597E+3	-1.724260E+4
1.225700E+2	-2.493777E+1	9.595687E-1	-2.493734E+1	-1.619593E-4	2.374574E+3	-1.877410E+3	4.640800E+3	-2.900270E+3	7.200938E+3	-1.079830E+4	8.519748E+3	-1.724260E+4
1.225800E+2	-2.493775E+1	9.250399E-1	-2.493732E+1	-1.617699E-4	2.374273E+3	-1.877410E+3	4.640800E+3	-2.900270E+3	7.201089E+3	-1.079830E+4	8.519899E+3	-1.724260E+4
1.225900E+2	-2.493772E+1	7.943306E-1	-2.493729E+1	-1.614657E-4	2.373971E+3	-1.877410E+3	4.640800E+3	-2.900270E+3	7.201240E+3	-1.079830E+4	8.520050E+3	-1.724260E+4
1.226000E+2	-2.493771E+1	9.303838E-1	-2.493728E+1	-1.613196E-4	2.373669E+3	-1.877410E+3	4.640800E+3	-2.900270E+3	7.201390E+3	-1.079830E+4	8.520200E+3	-1.724260E+4
1.226100E+2	-2.493770E+1	1.069939E+0	-2.493727E+1	-1.612618E-4	2.373368E+3	-1.877410E+3	4.640800E+3	-2.900270E+3	7.201541E+3	-1.079830E+4	8.520351E+3	-1.724260E+4
1.226200E+2	-2.493770E+1	9.544864E-1	-2.493727E+1	-1.612246E-4	2.373066E+3	-1.877410E+3	4.640800E+3	-2.900270E+3	7.201692E+3	-1.079830E+4	8.520502E+3	-1.724260E+4
1.226300E+2	-2.493769E+1	8.974783E-1	-2.493726E+1	-1.611804E-4	2.372764E+3	-1.877410E+3	4.640800E+3	-2.900270E+3	7.201843E+3	-1.079830E+4	8.520653E+3	-1.724260E+4
1.226400E+2	-2.493768E+1	8.927099E-1	-2.493725E+1	-1.610747E-4	2.372463E+3	-1.877410E+3	4.640800E+3	-2.900270E+3	7.201994E+3	-1.079830E+4	8.520804E+3	-1.724260E+4
1.226500E+2	-2.493766E+1	9.992002E-1	-2.493724E+1	-1.608993E-4	2.372161E+3	-1.877410E+3	4.640800E+3	-2.900270E+3	7.202144E+3	-1.079830E+4	8.520954E+3	-1.724260E+4
1.226600E+2	-2.493766E+1	9.871423E-1	-2.493723E+1	-1.608399E-4	2.371860E+3	-1.877410E+3	4.640800E+3	-2.900270E+3	7.202295E+3	-1.079830E+4	8.521105E+3	-1.724260E+4
1.226700E+2	-2.493765E+1	8.723754E-1	-2.493722E+1	-1.607617E-4	2.371558E+3	-1.877410E+3	4.640800E+3	-2.900270E+3	7.202446E+3	-1.079830E+4	8.521256E+3	-1.724260E+4
1.226800E+2	-2.493764E+1	8.456772E-1	-2.493721E+1	-1.606341E-4	2.371197E+3	-1.877374E+3	4.637110E+3	-2.900306E+3	7.200704E+3	-1.079830E+4	8.517700E+3	-1.724077E+4
1.226900E+2	-2.493763E+1	9.319745E-1	-2.493720E+1	-1.605687E-4	2.369584E+3	-1.876567E+3	4.637110E+3	-2.901113E+3	7.199897E+3	-1.079830E+4	8.517700E+3	-1.724239E+4
1.227000E+2	-2.493762E+1	9.782417E-1	-2.493719E+1	-1.604557E-4	2.367971E+3	-1.875761E+3	4.637110E+3	-2.901919E+3	7.199091E+3	-1.079830E+4	8.517700E+3	-1.724400E+4
1.227100E+2	-2.493761E+1	9.633191E-1	-2.493719E+1	-1.603814E-4	2.367769E+3	-1.875759E+3	4.637309E+3	-2.902120E+3	7.198890E+3	-1.079830E+4	8.517700E+3	-1.724421E+4
1.227200E+2	-2.493761E+1	8.959267E-1	-2.493718E+1	-1.603357E-4	2.368034E+3	-1.876024E+3	4.637574E+3	-2.902120E+3	7.198890E+3	-1.079830E+4	8.517700E+3	-1.724395E+4
1.227300E+2	-2.493759E+1	1.004339E+0	-2.493716E+1	-1.601085E-4	2.368299E+3	-1.876289E+3	4.637839E+3	-2.902120E+3	7.198890E+3	-1.079830E+4	8.517700E+3	-1.724369E+4
1.227400E+2	-2.493755E+1	1.002731E+0	-2.493712E+1	-1.597195E-4	2.368563E+3	-1.876553E+3	4.638103E+3	-2.902120E+3	7.198890E+3	-1.079830E+4	8.517700E+3	-1.724343E+4
1.227500E+2	-2.493752E+1	9.739622E-1	-2.493709E+1	-1.594107E-4	2.368828E+3	-1.876818E+3	4.638368E+3	-2.902120E+3	7.198890E+3	-1.079830E+4	8.517700E+3	-1.724318E+4
1.227600E+2	-2.493749E+1	8.536493E-1	-2.493707E+1	-1.591695E-4	2.369093E+3	-1.877083E+3	4.638633E+3	-2.902120E+3	7.198890E+3	-1.079830E+4	8.517700E+3	-1.724292E+4
1.227700E+2	-2.493748E+1	8.605896E-1	-2.493706E+1	-1.590643E-4	2.369358E+3	-1.877348E+3	4.638898E+3	-2.902120E+3	7.198890E+3	-1.079830E+4	8.517700E+3	-1.724266E+4
1.227800E+2	-2.493748E+1	9.697136E-1	-2.493705E+1	-1.590097E-4	2.369864E+3	-1.876521E+3	4.638960E+3	-2.902120E+3	7.198890E+3	-1.079876E+4	8.517256E+3	-1.724303E+4
1.227900E+2	-2.493746E+1	9.181909E-1	-2.493703E+1	-1.588088E-4	2.370445E+3	-1.875360E+3	4.638960E+3	-2.902120E+3	7.198890E+3	-1.079935E+4	8.516675E+3	-1.724360E+4
1.228000E+2	-2.493744E+1	8.770749E-1	-2.493702E+1	-1.586568E-4	2.371025E+3	-1.874199E+3	4.638960E+3	-2.902120E+3	7.198890E+3	-1.079995E+4	8.516095E+3	-1.724416E+4
1.228100E+2	-2.493744E+1	9.446647E-1	-2.493701E+1	-1.586081E-4	2.371037E+3	-1.874410E+3	4.638960E+3	-2.901887E+3	7.198657E+3	-1.080020E+4	8.516083E+3	-1.724440E+4
1.228200E+2	-2.493743E+1	1.013671E+0	-2.493700E+1	-1.585127E-4	2.370634E+3	-1.875619E+3	4.638960E+3	-2.901484E+3	7.198254E+3	-1.080020E+4	8.516486E+3	-1.724440E+4
1.228300E+2	-2.493741E+1	1.061033E+0	-2.493699E+1	-1.583503E-4	2.370230E+3	-1.876829E+3	4.638960E+3	-2.901080E+3	7.197850E+3	-1.080020E+4	8.516890E+3	-1.724440E+4
1.228400E+2	-2.493739E+1	9.023827E-1	-2.493697E+1	-1.581406E-4	2.369827E+3	-1.878039E+3	4.638960E+3	-2.900677E+3	7.197447E+3	-1.080020E+4	8.517293E+3	-1.724440E+4
1.228500E+2	-2.493737E+1	8.482756E-1	-2.493695E+1	-1.579307E-4	2.369424E+3	-1.879249E+3	4.638960E+3	-2.900274E+3	7.197044E+3	-1.080020E+4	8.517696E+3	-1.724440E+4
1.228600E+2	-2.493735E+1	9.627622E-1	-2.493692E+1	-1.576651E-4	2.372247E+3	-1.879260E+3	4.637546E+3	-2.903097E+3	7.198454E+3	-1.080020E+4	8.513459E+3	-1.724440E+4
1.228700E+2	-2.493733E+1	9.656269E-1	-2.493690E+1	-1.574607E-4	2.372691E+3	-1.879046E+3	4.637110E+3	-2.903970E+3	7.198676E+3	-1.080020E+4	8.512579E+3	-1.724419E+4
1.228800E+2	-2.493732E+1	9.575849E-1	-2.493689E+1	-1.573370E-4	2.372073E+3	-1.878737E+3	4.637110E+3	-2.903970E+3	7.198367E+3	-1.080020E+4	8.513197E+3	-1.724389E+4
1.228900E+2	-2.493730E+1	8.907635E-1	-2.493687E+1	-1.571309E-4	2.371455E+3	-1.878428E+3	4.637110E+3	-2.903970E+3	7.198058E+3	-1.080020E+4	8.513815E+3	-1.724359E+4
1.229000E+2	-2.493727E+1	9.749541E-1	-2.493684E+1	-1.568463E-4	2.370837E+3	-1.878119E+3	4.637110E+3	-2.903970E+3	7.197749E+3	-1.080020E+4	8.514433E+3	-1.724329E+4
1.229100E+2	-2.493724E+1	1.085810E+0	-2.493682E+1	-1.566028E-4	2.370219E+3	-1.877810E+3	4.637110E+3	-2.903970E+3	7.197440E+3	-1.080020E+4	8.515051E+3	-1.724299E+4
1.229200E+2	-2.493722E+1	9.897603E-1	-2.493679E+1	-1.563277E-4	2.369601E+3	-1.877501E+3	4.637110E+3	-2.903970E+3	7.197131E+3	-1.080020E+4	8.515669E+3	-1.724269E+4
1.229300E+2	-2.493719E+1	9.108633E-1	-2.493676E+1	-1.560650E-4	2.369224E+3	-1.877214E+3	4.637110E+3	-2.903774E+3	7.196844E+3	-1.080000E+4	8.515850E+3	-1.724279E+4
1.229400E+2	-2.493714E+1	9.696633E-1	-2.493672E+1	-1.555921E-4	2.368947E+3	-1.876937E+3	4.637110E+3	-2.903497E+3	7.196567E+3	-1.079971E+4	8.515850E+3	-1.724306E+4
1.229500E+2	-2.493708E+1	1.076921E+0	-2.493666E+1	-1.549728E-4	2.368670E+3	-1.876660E+3	4.637110E+3	-2.903220E+3	7.196290E+3	-1.079943E+4	8.515850E+3	-1.724333E+4
1.229600E+2	-2.493703E+1	1.044457E+0	-2.493660E+1	-1.544319E-4	2.368393E+3	-1.876383E+3	4.637110E+3	-2.902943E+3	7.196013E+3	-1.079915E+4	8.515850E+3	-1.724360E+4
1.229700E+2	-2.493697E+1	9.045824E-1	-2.493654E+1	-1.538413E-4	2.368116E+3	-1.876106E+3	4.637110E+3	-2.902666E+3	7.195736E+3	-1.079886E+4	8.515850E+3	-1.724387E+4
1.229800E+2	-2.493695E+1	9.902371E-1	-2.493652E+1	-1.535671E-4	2.367839E+3	-1.875829E+3	4.637110E+3	-2.902389E+3	7.195459E+3	-1.079858E+4	8.515850E+3	-1.724414E+4
1.229900E+2	-2.493693E+1	1.049399E+0	-2.493650E+1	-1.534108E-4	2.369453E+3	-1.873726E+3	4.637126E+3	-2.900270E+3	7.197024E+3	-1.079832E+4	8.515817E+3	-1.724442E+4
1.230000E+2	-2.493690E+1	1.055085E+0	-2.493647E+1	-1.530755E-4	2.370612E+3	-1.874306E+3	4.637706E+3	-2.900270E+3	7.196444E+3	-1.079891E+4	8.514658E+3	-1.724501E+4
1.230100E+2	-2.493687E+1	1.026830E+0	-2.493644E+1	-1.527970E-4	2.371771E+3	-1.874886E+3	4.638286E+3	-2.900270E+3	7.195864E+3	-1.079951E+4	8.513499E+3	-1.724561E+4
1.230200E+2	-2.493686E+1	9.236522E-1	-2.493643E+1	-1.526781E-4	2.372931E+3	-1.875465E+3	4.638865E+3	-2.900270E+3	7.195285E+3	-1.080010E+4	8.512339E+3	-1.724620E+4
1.230300E+2	-2.493683E+1	1.094377E+0	-2.493640E+1	-1.524042E-4	2.372487E+3	-1.875877E+3	4.638643E+3	-2.900587E+3	7.194873E+3	-1.080020E+4	8.512150E+3	-1.724630E+4
1.230400E+2	-2.493680E+1	1.120339E+0	-2.493637E+1	-1.520755E-4	2.371729E+3	-1.876255E+3	4.638265E+3	-2.900965E+3	7.194495E+3	-1.080020E+4	8.512150E+3	-1.724630E+4
1.230500E+2	-2.493675E+1	1.048300E+0	-2.493633E+1	-1.516046E-4	2.370972E+3	-1.876634E+3	4.637886E+3	-2.901344E+3	7.194116E+3	-1.080020E+4	8.512150E+3	-1.724630E+4
1.230600E+2	-2.493672E+1	9.802785E-1	-2.493629E+1	-1.512305E-4	2.370215E+3	-1.877012E+3	4.637508E+3	-2.901722E+3	7.193738E+3	-1.080020E+4	8.512150E+3	-1.724630E+4
1.230700E+2	-2.493668E+1	1.100560E+0	-2.493625E+1	-1.508416E-4	2.369458E+3	-1.877391E+3	4.637129E+3	-2.902101E+3	7.193359E+3	-1.080020E+4	8.512150E+3	-1.724630E+4
1.230800E+2	-2.493658E+1	1.171774E+0	-2.493615E+1	-1.498355E-4	2.368852E+3	-1.876842E+3	4.636542E+3	-2.902688E+3	7.193908E+3	-1.080020E+4	8.511582E+3	-1.724630E+4
1.230900E+2	-2.493648E+1	1.133498E+0	-2.493605E+1	-1.487816E-4	2.368253E+3	-1.876243E+3	4.635943E+3	-2.903287E+3	7.194507E+3	-1.080020E+4	8.510983E+3	-1.724630E+4
1.231000E+2	-2.493643E+1	1.058836E+0	-2.493600E+1	-1.483264E-4	2.367655E+3	-1.875645E+3	4.635345E+3	-2.903885E+3	7.195105E+3	-1.080020E+4	8.510385E+3	-1.724630E+4
1.231100E+2	-2.493638E+1	1.129345E+0	-2.493595E+1	-1.477949E-4	2.367888E+3	-1.875560E+3	4.634942E+3	-2.903970E+3	7.194553E+3	-1.080020E+4	8.510618E+3	-1.724597E+4
1.231200E+2	-2.493633E+1	1.187524E+0	-2.493590E+1	-1.472971E-4	2.368259E+3	-1.875560E+3	4.634571E+3	-2.903970E+3	7.193811E+3	-1.080020E+4	8.510989E+3	-1.724559E+4
1.231300E+2	-2.493627E+1	1.159129E+0	-2.493584E+1	-1.466850E-4	2.368630E+3	-1.875560E+3	4.634200E+3	-2.903970E+3	7.193069E+3	-1.080020E+4	8.511360E+3	-1.724521E+4
1.231400E+2	-2.493623E+1	1.048153E+0	-2.493580E+1	-1.462358E-4	2.369001E+3	-1.875560E+3	4.633829E+3	-2.903970E+3	7.192327E+3	-1.080020E+4	8.511731E+3	-1.724483E+4
1.231500E+2	-2.493617E+1	1.092862E+0	-2.493574E+1	-1.456234E-4	2.369372E+3	-1.875560E+3	4.633458E+3	-2.903970E+3	7.191585E+3	-1.080020E+4	8.512102E+3	-1.724445E+4
1.231600E+2	-2.493613E+1	1.176775E+0	-2.493570E+1	-1.451988E-4	2.369076E+3	-1.875216E+3	4.633754E+3	-2.903626E+3	7.191834E+3	-1.080020E+4	8.512494E+3	-1.724440E+4
1.231700E+2	-2.493609E+1	1.202292E+0	-2.493566E+1	-1.448481E-4	2.368681E+3	-1.874821E+3	4.634149E+3	-2.903231E+3	7.192229E+3	-1.080020E+4	8.512889E+3	-1.724440E+4
1.231800E+2	-2.493605E+1	1.214656E+0	-2.493562E+1	-1.444014E-4	2.368287E+3	-1.874427E+3	4.634543E+3	-2.902837E+3	7.192623E+3	-1.080020E+4	8.513283E+3	-1.724440E+4
1.231900E+2	-2.493601E+1	1.092663E+0	-2.493558E+1	-1.440292E-4	2.367892E+3	-1.874032E+3	4.634938E+3	-2.902442E+3	7.193018E+3	-1.080020E+4	8.513678E+3	-1.724440E+4
1.232000E+2	-2.493597E+1	1.164744E+0	-2.493554E+1	-1.436203E-4	2.367600E+3	-1.873740E+3	4.635290E+3	-2.902150E+3	7.193340E+3	-1.080020E+4	8.513970E+3	-1.724443E+4
1.232100E+2	-2.493593E+1	1.207633E+0	-2.493550E+1	-1.432162E-4	2.367764E+3	-1.873904E+3	4.635454E+3	-2.902314E+3	7.193340E+3	-1.080020E+4	8.513806E+3	-1.724460E+4
1.232200E+2	-2.493589E+1	1.131110E+0	-2.493547E+1	-1.428372E-4	2.367928E+3	-1.874068E+3	4.635618E+3	-2.902478E+3	7.193340E+3	-1.080020E+4	8.513642E+3	-1.724477E+4
1.232300E+2	-2.493585E+1	1.100616E+0	-2.493542E+1	-1.423616E-4	2.368093E+3	-1.874233E+3	4.635783E+3	-2.902643E+3	7.193340E+3	-1.080020E+4	8.513477E+3	-1.724494E+4
1.232400E+2	-2.493581E+1	1.197495E+0	-2.493538E+1	-1.419556E-4	2.368257E+3	-1.874397E+3	4.635947E+3	-2.902807E+3	7.193340E+3	-1.080020E+4	8.513313E+3	-1.724511E+4
1.232500E+2	-2.493577E+1	1.274255E+0	-2.493534E+1	-1.415353E-4	2.368421E+3	-1.874561E+3	4.636111E+3	-2.902971E+3	7.193340E+3	-1.080020E+4	8.513149E+3	-1.724527E+4
1.232600E+2	-2.493574E+1	1.250696E+0	-2.493531E+1	-1.412938E-4	2.368585E+3	-1.874725E+3	4.636275E+3	-2.903135E+3	7.193340E+3	-1.080020E+4	8.512985E+3	-1.724544E+4
1.232700E+2	-2.493572E+1	1.115290E+0	-2.493529E+1	-1.410184E-4	2.368749E+3	-1.874889E+3	4.636439E+3	-2.903299E+3	7.193340E+3	-1.080020E+4	8.512821E+3	-1.724561E+4
1.232800E+2	-2.493567E+1	1.163543E+0	-2.493525E+1	-1.405929E-4	2.368913E+3	-1.875053E+3	4.636603E+3	-2.903463E+3	7.193340E+3	-1.080020E+4	8.512657E+3	-1.724578E+4
1.232900E+2	-2.493563E+1	1.237130E+0	-2.493521E+1	-1.401840E-4	2.369078E+3	-1.875218E+3	4.636768E+3	-2.903628E+3	7.193340E+3	-1.080020E+4	8.512492E+3	-1.724595E+4
1.233000E+2	-2.493561E+1	1.268421E+0	-2.493518E+1	-1.399441E-4	2.369242E+3	-1.875382E+3	4.636932E+3	-2.903792E+3	7.193340E+3	-1.080020E+4	8.512328E+3	-1.724612E+4
1.233100E+2	-2.493557E+1	1.197408E+0	-2.493514E+1	-1.395102E-4	2.369406E+3	-1.875546E+3	4.637096E+3	-2.903956E+3	7.193340E+3	-1.080020E+4	8.512164E+3	-1.724629E+4
1.233200E+2	-2.493551E+1	1.115886E+0	-2.493508E+1	-1.389469E-4	2.369420E+3	-1.876557E+3	4.637110E+3	-2.902973E+3	7.193340E+3	-1.080020E+4	8.513147E+3	-1.724528E+4
1.233300E+2	-2.493543E+1	1.261977E+0	-2.493500E+1	-1.380535E-4	2.369503E+3	-1.877493E+3	4.633410E+3	-2.902120E+3	7.191573E+3	-1.080192E+4	8.508450E+3	-1.724802E+4
1.233400E+2	-2.493535E+1	1.233969E+0	-2.493492E+1	-1.372491E-4	2.369881E+3	-1.877871E+3	4.633410E+3	-2.902120E+3	7.191951E+3	-1.080155E+4	8.508450E+3	-1.724765E+4
1.233500E+2	-2.493529E+1	1.157014E+0	-2.493487E+1	-1.367177E-4	2.370259E+3	-1.878249E+3	4.633410E+3	-2.902120E+3	7.192329E+3	-1.080118E+4	8.508450E+3	-1.724728E+4
1.233600E+2	-2.493525E+1	1.233965E+0	-2.493482E+1	-1.362883E-4	2.370638E+3	-1.878628E+3	4.633410E+3	-2.902120E+3	7.192708E+3	-1.080082E+4	8.508450E+3	-1.724692E+4
1.233700E+2	-2.493522E+1	1.319147E+0	-2.493479E+1	-1.359173E-4	2.371016E+3	-1.879006E+3	4.633410E+3	-2.902120E+3	7.193086E+3	-1.080045E+4	8.508450E+3	-1.724655E+4
1.233800E+2	-2.493518E+1	1.351283E+0	-2.493475E+1	-1.355205E-4	2.370949E+3	-1.878297E+3	4.633731E+3	-2.902441E+3	7.192698E+3	-1.080051E+4	8.508450E+3	-1.724661E+4
1.233900E+2	-2.493515E+1	1.197392E+0	-2.493473E+1	-1.352773E-4	2.369971E+3	-1.875363E+3	4.634709E+3	-2.903419E+3	7.190742E+3	-1.080146E+4	8.508450E+3	-1.724756E+4
1.234000E+2	-2.493512E+1	1.150623E+0	-2.493470E+1	-1.349770E-4	2.369244E+3	-1.873622E+3	4.635260E+3	-2.903882E+3	7.189728E+3	-1.080200E+4	8.508538E+3	-1.724801E+4
1.234100E+2	-2.493509E+1	1.273805E+0	-2.493466E+1	-1.346550E-4	2.368841E+3	-1.873420E+3	4.635260E+3	-2.903680E+3	7.189930E+3	-1.080200E+4	8.508740E+3	-1.724782E+4
1.234200E+2	-2.493506E+1	1.318520E+0	-2.493463E+1	-1.343418E-4	2.368437E+3	-1.873219E+3	4.635260E+3	-2.903479E+3	7.190131E+3	-1.080200E+4	8.508941E+3	-1.724762E+4
1.234300E+2	-2.493504E+1	1.319643E+0	-2.493461E+1	-1.341387E-4	2.368034E+3	-1.873017E+3	4.635260E+3	-2.903277E+3	7.190333E+3	-1.080200E+4	8.509143E+3	-1.724743E+4
1.234400E+2	-2.493501E+1	1.246708E+0	-2.493459E+1	-1.338602E-4	2.367631E+3	-1.872815E+3	4.635260E+3	-2.903075E+3	7.190535E+3	-1.080200E+4	8.509345E+3	-1.724723E+4
1.234500E+2	-2.493499E+1	1.265657E+0	-2.493456E+1	-1.336230E-4	2.367228E+3	-1.872614E+3	4.635260E+3	-2.902874E+3	7.190736E+3	-1.080200E+4	8.509546E+3	-1.724703E+4
1.234600E+2	-2.493496E+1	1.345647E+0	-2.493453E+1	-1.333231E-4	2.366824E+3	-1.872412E+3	4.635260E+3	-2.902672E+3	7.190938E+3	-1.080200E+4	8.509748E+3	-1.724684E+4
1.234700E+2	-2.493490E+1	1.309817E+0	-2.493447E+1	-1.326458E-4	2.366421E+3	-1.872211E+3	4.635260E+3	-2.902471E+3	7.191139E+3	-1.080200E+4	8.509949E+3	-1.724664E+4
1.234800E+2	-2.493486E+1	1.316914E+0	-2.493443E+1	-1.322442E-4	2.366018E+3	-1.872009E+3	4.635260E+3	-2.902269E+3	7.191341E+3	-1.080200E+4	8.510151E+3	-1.724644E+4
1.234900E+2	-2.493480E+1	1.290935E+0	-2.493437E+1	-1.316208E-4	2.367605E+3	-1.877375E+3	4.635260E+3	-2.903970E+3	7.191490E+3	-1.080200E+4	8.506635E+3	-1.724807E+4
1.235000E+2	-2.493470E+1	1.331843E+0	-2.493427E+1	-1.306769E-4	2.367738E+3	-1.877242E+3	4.635260E+3	-2.903970E+3	7.191490E+3	-1.080200E+4	8.506768E+3	-1.724794E+4
1.235100E+2	-2.493453E+1	1.337492E+0	-2.493410E+1	-1.289167E-4	2.367872E+3	-1.877108E+3	4.635260E+3	-2.903970E+3	7.191490E+3	-1.080200E+4	8.506902E+3	-1.724781E+4
1.235200E+2	-2.493440E+1	1.300799E+0	-2.493397E+1	-1.275449E-4	2.368005E+3	-1.876975E+3	4.635260E+3	-2.903970E+3	7.191490E+3	-1.080200E+4	8.507035E+3	-1.724768E+4
1.235300E+2	-2.493432E+1	1.293234E+0	-2.493389E+1	-1.267438E-4	2.368139E+3	-1.876841E+3	4.635260E+3	-2.903970E+3	7.191490E+3	-1.080200E+4	8.507169E+3	-1.724755E+4
1.235400E+2	-2.493422E+1	1.315850E+0	-2.493379E+1	-1.257561E-4	2.368272E+3	-1.876708E+3	4.635260E+3	-2.903970E+3	7.191490E+3	-1.080200E+4	8.507302E+3	-1.724742E+4
1.235500E+2	-2.493415E+1	1.320859E+0	-2.493372E+1	-1.250171E-4	2.368406E+3	-1.876574E+3	4.635260E+3	-2.903970E+3	7.191490E+3	-1.080200E+4	8.507436E+3	-1.724729E+4
1.235600E+2	-2.493410E+1	1.265449E+0	-2.493367E+1	-1.244816E-4	2.368539E+3	-1.876441E+3	4.635260E+3	-2.903970E+3	7.191490E+3	-1.080200E+4	8.507569E+3	-1.724716E+4
1.235700E+2	-2.493402E+1	1.134031E+0	-2.493359E+1	-1.236928E-4	2.368672E+3	-1.876308E+3	4.635260E+3	-2.903970E+3	7.191490E+3	-1.080200E+4	8.507702E+3	-1.724703E+4
1.235800E+2	-2.493391E+1	1.313352E+0	-2.493349E+1	-1.226403E-4	2.368806E+3	-1.876174E+3	4.635260E+3	-2.903970E+3	7.191490E+3	-1.080200E+4	8.507836E+3	-1.724690E+4
1.235900E+2	-2.493385E+1	1.344737E+0	-2.493342E+1	-1.219627E-4	2.368939E+3	-1.876041E+3	4.635260E+3	-2.903970E+3	7.191490E+3	-1.080200E+4	8.507969E+3	-1.724677E+4
1.236000E+2	-2.493379E+1	1.288776E+0	-2.493336E+1	-1.213434E-4	2.369073E+3	-1.875907E+3	4.635260E+3	-2.903970E+3	7.191490E+3	-1.080200E+4	8.508103E+3	-1.724664E+4
1.236100E+2	-2.493369E+1	1.255284E+0	-2.493326E+1	-1.203601E-4	2.369206E+3	-1.875774E+3	4.635260E+3	-2.903970E+3	7.191490E+3	-1.080200E+4	8.508236E+3	-1.724651E+4
1.236200E+2	-2.493363E+1	1.311463E+0	-2.493321E+1	-1.197739E-4	2.369340E+3	-1.875640E+3	4.635260E+3	-2.903970E+3	7.191490E+3	-1.080200E+4	8.508370E+3	-1.724638E+4
1.236300E+2	-2.493359E+1	1.353138E+0	-2.493316E+1	-1.192793E-4	2.369420E+3	-1.875692E+3	4.634996E+3	-2.904102E+3	7.191358E+3	-1.080200E+4	8.508186E+3	-1.724656E+4
1.236400E+2	-2.493352E+1	1.323019E+0	-2.493309E+1	-1.186060E-4	2.369420E+3	-1.876023E+3	4.634334E+3	-2.904433E+3	7.191027E+3	-1.080200E+4	8.507524E+3	-1.724723E+4
1.236500E+2	-2.493343E+1	1.267971E+0	-2.493300E+1	-1.176998E-4	2.369420E+3	-1.876354E+3	4.633671E+3	-2.904764E+3	7.190696E+3	-1.080200E+4	8.506861E+3	-1.724789E+4
1.236600E+2	-2.493336E+1	1.236765E+0	-2.493293E+1	-1.169965E-4	2.369420E+3	-1.876686E+3	4.633009E+3	-2.905096E+3	7.190364E+3	-1.080200E+4	8.506199E+3	-1.724855E+4
1.236700E+2	-2.493332E+1	1.242654E+0	-2.493289E+1	-1.165989E-4	2.369420E+3	-1.877017E+3	4.632346E+3	-2.905427E+3	7.190033E+3	-1.080200E+4	8.505536E+3	-1.724921E+4
1.236800E+2	-2.493326E+1	1.331373E+0	-2.493283E+1	-1.159708E-4	2.369420E+3	-1.877348E+3	4.631684E+3	-2.905758E+3	7.189702E+3	-1.080200E+4	8.504874E+3	-1.724988E+4
1.236900E+2	-2.493319E+1	1.264235E+0	-2.493276E+1	-1.152375E-4	2.367878E+3	-1.871860E+3	4.633718E+3	-2.904278E+3	7.187790E+3	-1.080232E+4	8.509069E+3	-1.724692E+4
1.237000E+2	-2.493313E+1	1.193187E+0	-2.493270E+1	-1.146421E-4	2.368256E+3	-1.871860E+3	4.634096E+3	-2.904656E+3	7.187790E+3	-1.080270E+4	8.507554E+3	-1.724767E+4
1.237100E+2	-2.493309E+1	1.291666E+0	-2.493266E+1	-1.141827E-4	2.368635E+3	-1.871860E+3	4.634475E+3	-2.905035E+3	7.187790E+3	-1.080309E+4	8.506040E+3	-1.724843E+4
1.237200E+2	-2.493304E+1	1.291308E+0	-2.493261E+1	-1.136936E-4	2.369014E+3	-1.871860E+3	4.634854E+3	-2.905414E+3	7.187790E+3	-1.080348E+4	8.504526E+3	-1.724919E+4
1.237300E+2	-2.493299E+1	1.259635E+0	-2.493256E+1	-1.132126E-4	2.369392E+3	-1.871860E+3	4.635232E+3	-2.905792E+3	7.187790E+3	-1.080387E+4	8.503012E+3	-1.724994E+4
1.237400E+2	-2.493295E+1	1.161321E+0	-2.493252E+1	-1.127978E-4	2.369820E+3	-1.873059E+3	4.635260E+3	-2.905820E+3	7.187790E+3	-1.080349E+4	8.503699E+3	-1.724959E+4
1.237500E+2	-2.493290E+1	1.265342E+0	-2.493247E+1	-1.122686E-4	2.370251E+3	-1.874353E+3	4.635260E+3	-2.905820E+3	7.187790E+3	-1.080305E+4	8.504562E+3	-1.724915E+4
1.237600E+2	-2.493283E+1	1.339459E+0	-2.493240E+1	-1.115358E-4	2.370682E+3	-1.875647E+3	4.635260E+3	-2.905820E+3	7.187790E+3	-1.080260E+4	8.505425E+3	-1.724870E+4
1.237700E+2	-2.493278E+1	1.225517E+0	-2.493235E+1	-1.110643E-4	2.371114E+3	-1.876941E+3	4.635260E+3	-2.905820E+3	7.187790E+3	-1.080216E+4	8.506288E+3	-1.724826E+4
1.237800E+2	-2.493273E+1	1.235433E+0	-2.493230E+1	-1.105640E-4	2.370531E+3	-1.877410E+3	4.635260E+3	-2.906190E+3	7.187790E+3	-1.080200E+4	8.505491E+3	-1.724884E+4
1.237900E+2	-2.493259E+1	1.243510E+0	-2.493216E+1	-1.091026E-4	2.369371E+3	-1.877410E+3	4.635260E+3	-2.906769E+3	7.187790E+3	-1.080200E+4	8.503752E+3	-1.725000E+4
1.238000E+2	-2.493242E+1	1.372135E+0	-2.493199E+1	-1.073758E-4	2.368212E+3	-1.877410E+3	4.635260E+3	-2.907349E+3	7.187790E+3	-1.080200E+4	8.502013E+3	-1.725116E+4
1.238100E+2	-2.493232E+1	1.322992E+0	-2.493189E+1	-1.063706E-4	2.367570E+3	-1.877323E+3	4.635260E+3	-2.907496E+3	7.187877E+3	-1.080192E+4	8.501311E+3	-1.725145E+4
1.238200E+2	-2.493227E+1	1.205439E+0	-2.493184E+1	-1.058083E-4	2.367570E+3	-1.877128E+3	4.635260E+3	-2.907105E+3	7.188072E+3	-1.080173E+4	8.501897E+3	-1.725067E+4
1.238300E+2	-2.493221E+1	1.204180E+0	-2.493178E+1	-1.052598E-4	2.367570E+3	-1.876932E+3	4.635260E+3	-2.906715E+3	7.188268E+3	-1.080154E+4	8.502483E+3	-1.724989E+4
1.238400E+2	-2.493212E+1	1.275737E+0	-2.493169E+1	-1.043258E-4	2.367570E+3	-1.876737E+3	4.635260E+3	-2.906324E+3	7.188463E+3	-1.080135E+4	8.503069E+3	-1.724911E+4
1.238500E+2	-2.493205E+1	1.264359E+0	-2.493162E+1	-1.036314E-4	2.367570E+3	-1.876542E+3	4.635260E+3	-2.905934E+3	7.188658E+3	-1.080116E+4	8.503655E+3	-1.724833E+4
1.238600E+2	-2.493202E+1	1.177195E+0	-2.493159E+1	-1.033244E-4	2.367570E+3	-1.876347E+3	4.635260E+3	-2.905543E+3	7.188853E+3	-1.080097E+4	8.504240E+3	-1.724755E+4
1.238700E+2	-2.493198E+1	1.122191E+0	-2.493155E+1	-1.029038E-4	2.367570E+3	-1.876151E+3	4.635260E+3	-2.905153E+3	7.189049E+3	-1.080078E+4	8.504826E+3	-1.724677E+4
1.238800E+2	-2.493192E+1	1.256809E+0	-2.493150E+1	-1.023319E-4	2.367570E+3	-1.875956E+3	4.635260E+3	-2.904762E+3	7.189244E+3	-1.080059E+4	8.505412E+3	-1.724598E+4
1.238900E+2	-2.493185E+1	1.278297E+0	-2.493143E+1	-1.016081E-4	2.367570E+3	-1.875761E+3	4.635260E+3	-2.904372E+3	7.189439E+3	-1.080040E+4	8.505998E+3	-1.724520E+4
1.239000E+2	-2.493180E+1	1.277106E+0	-2.493137E+1	-1.010284E-4	2.367570E+3	-1.875566E+3	4.635260E+3	-2.903981E+3	7.189634E+3	-1.080021E+4	8.506583E+3	-1.724442E+4
1.239100E+2	-2.493171E+1	1.160379E+0	-2.493128E+1	-1.001641E-4	2.365572E+3	-1.877262E+3	4.633410E+3	-2.903970E+3	7.186088E+3	-1.080034E+4	8.506748E+3	-1.724796E+4
1.239200E+2	-2.493166E+1	1.208374E+0	-2.493123E+1	-9.960769E-5	2.365420E+3	-1.877110E+3	4.633410E+3	-2.903970E+3	7.186240E+3	-1.080049E+4	8.506900E+3	-1.724781E+4
1.239300E+2	-2.493164E+1	1.279274E+0	-2.493121E+1	-9.941724E-5	2.365268E+3	-1.876958E+3	4.633410E+3	-2.903970E+3	7.186392E+3	-1.080064E+4	8.507052E+3	-1.724766E+4
1.239400E+2	-2.493161E+1	1.237389E+0	-2.493118E+1	-9.910574E-5	2.365116E+3	-1.876806E+3	4.633410E+3	-2.903970E+3	7.186544E+3	-1.080079E+4	8.507204E+3	-1.724751E+4
1.239500E+2	-2.493158E+1	1.194523E+0	-2.493115E+1	-9.878683E-5	2.364964E+3	-1.876654E+3	4.633410E+3	-2.903970E+3	7.186696E+3	-1.080094E+4	8.507356E+3	-1.724736E+4
1.239600E+2	-2.493152E+1	1.194829E+0	-2.493109E+1	-9.816110E-5	2.364812E+3	-1.876502E+3	4.633410E+3	-2.903970E+3	7.186848E+3	-1.080108E+4	8.507508E+3	-1.724722E+4
1.239700E+2	-2.493147E+1	1.277791E+0	-2.493104E+1	-9.767517E-5	2.364660E+3	-1.876350E+3	4.633410E+3	-2.903970E+3	7.187000E+3	-1.080123E+4	8.507660E+3	-1.724707E+4
1.239800E+2	-2.493144E+1	1.296746E+0	-2.493101E+1	-9.741625E-5	2.364508E+3	-1.876198E+3	4.633410E+3	-2.903970E+3	7.187152E+3	-1.080138E+4	8.507812E+3	-1.724692E+4
1.239900E+2	-2.493142E+1	1.144012E+0	-2.493099E+1	-9.714842E-5	2.364356E+3	-1.876046E+3	4.633410E+3	-2.903970E+3	7.187304E+3	-1.080153E+4	8.507964E+3	-1.724677E+4
1.240000E+2	-2.493139E+1	1.166213E+0	-2.493096E+1	-9.689640E-5	2.364204E+3	-1.875894E+3	4.633410E+3	-2.903970E+3	7.187456E+3	-1.080168E+4	8.508116E+3	-1.724662E+4
1.240100E+2	-2.493135E+1	1.375439E+0	-2.493092E+1	-9.647622E-5	2.364052E+3	-1.875742E+3	4.633410E+3	-2.903970E+3	7.187608E+3	-1.080182E+4	8.508268E+3	-1.724648E+4
1.240200E+2	-2.493130E+1	1.303914E+0	-2.493087E+1	-9.598819E-5	2.363900E+3	-1.875590E+3	4.633410E+3	-2.903970E+3	7.187760E+3	-1.080197E+4	8.508420E+3	-1.724633E+4
1.240300E+2	-2.493126E+1	1.224767E+0	-2.493083E+1	-9.557725E-5	2.369204E+3	-1.875992E+3	4.634828E+3	-2.904186E+3	7.187574E+3	-1.080200E+4	8.504101E+3	-1.724832E+4
1.240400E+2	-2.493119E+1	1.114175E+0	-2.493076E+1	-9.481233E-5	2.368935E+3	-1.876530E+3	4.634290E+3	-2.904455E+3	7.187305E+3	-1.080200E+4	8.503295E+3	-1.724860E+4
1.240500E+2	-2.493111E+1	1.236252E+0	-2.493069E+1	-9.405299E-5	2.368666E+3	-1.877068E+3	4.633752E+3	-2.904724E+3	7.187036E+3	-1.080200E+4	8.502488E+3	-1.724887E+4
1.240600E+2	-2.493105E+1	1.324909E+0	-2.493063E+1	-9.344784E-5	2.368397E+3	-1.877605E+3	4.633215E+3	-2.904993E+3	7.186767E+3	-1.080200E+4	8.501682E+3	-1.724915E+4
1.240700E+2	-2.493102E+1	1.242893E+0	-2.493059E+1	-9.309341E-5	2.368129E+3	-1.878143E+3	4.632677E+3	-2.905261E+3	7.186499E+3	-1.080200E+4	8.500876E+3	-1.724943E+4
1.240800E+2	-2.493100E+1	1.155519E+0	-2.493057E+1	-9.291391E-5	2.367860E+3	-1.878681E+3	4.632139E+3	-2.905530E+3	7.186230E+3	-1.080200E+4	8.500069E+3	-1.724970E+4
1.240900E+2	-2.493096E+1	1.209015E+0	-2.493053E+1	-9.245832E-5	2.367591E+3	-1.879218E+3	4.631602E+3	-2.905799E+3	7.185961E+3	-1.080200E+4	8.499263E+3	-1.724998E+4
1.241000E+2	-2.493092E+1	1.274901E+0	-2.493049E+1	-9.205776E-5	2.367570E+3	-1.878168E+3	4.631924E+3	-2.905820E+3	7.185576E+3	-1.080200E+4	8.500292E+3	-1.724963E+4
1.241100E+2	-2.493091E+1	1.222511E+0	-2.493048E+1	-9.194663E-5	2.367570E+3	-1.876984E+3	4.632319E+3	-2.905820E+3	7.185181E+3	-1.080200E+4	8.501476E+3	-1.724922E+4
1.241200E+2	-2.493087E+1	1.141454E+0	-2.493044E+1	-9.155393E-5	2.367570E+3	-1.875800E+3	4.632713E+3	-2.905820E+3	7.184787E+3	-1.080200E+4	8.502660E+3	-1.724882E+4
1.241300E+2	-2.493084E+1	1.204147E+0	-2.493041E+1	-9.126353E-5	2.367570E+3	-1.874616E+3	4.633108E+3	-2.905820E+3	7.184392E+3	-1.080200E+4	8.503844E+3	-1.724841E+4
1.241400E+2	-2.493081E+1	1.258506E+0	-2.493038E+1	-9.097792E-5	2.367134E+3	-1.872838E+3	4.633410E+3	-2.905820E+3	7.184090E+3	-1.080200E+4	8.504750E+3	-1.724810E+4
1.241500E+2	-2.493077E+1	1.263433E+0	-2.493034E+1	-9.051041E-5	2.365720E+3	-1.870129E+3	4.633529E+3	-2.905701E+3	7.184209E+3	-1.080200E+4	8.504869E+3	-1.724798E+4
1.241600E+2	-2.493072E+1	1.189284E+0	-2.493029E+1	-8.999353E-5	2.365720E+3	-1.870631E+3	4.634031E+3	-2.905199E+3	7.184711E+3	-1.080200E+4	8.505371E+3	-1.724750E+4
1.241700E+2	-2.493068E+1	1.144513E+0	-2.493025E+1	-8.965808E-5	2.365720E+3	-1.871132E+3	4.634532E+3	-2.904698E+3	7.185212E+3	-1.080200E+4	8.505872E+3	-1.724701E+4
1.241800E+2	-2.493064E+1	1.262288E+0	-2.493022E+1	-8.927212E-5	2.365720E+3	-1.871633E+3	4.635033E+3	-2.904197E+3	7.185713E+3	-1.080200E+4	8.506373E+3	-1.724652E+4
1.241900E+2	-2.493058E+1	1.320562E+0	-2.493015E+1	-8.863612E-5	2.365619E+3	-1.872162E+3	4.635260E+3	-2.904071E+3	7.185839E+3	-1.080210E+4	8.506298E+3	-1.724640E+4
1.242000E+2	-2.493054E+1	1.303244E+0	-2.493011E+1	-8.820739E-5	2.365436E+3	-1.872713E+3	4.635260E+3	-2.904254E+3	7.185656E+3	-1.080229E+4	8.505747E+3	-1.724658E+4
1.242100E+2	-2.493051E+1	1.129554E+0	-2.493009E+1	-8.793124E-5	2.365252E+3	-1.873264E+3	4.635260E+3	-2.904438E+3	7.185472E+3	-1.080248E+4	8.505196E+3	-1.724676E+4
1.242200E+2	-2.493048E+1	1.216357E+0	-2.493006E+1	-8.763559E-5	2.365068E+3	-1.873815E+3	4.635260E+3	-2.904622E+3	7.185288E+3	-1.080267E+4	8.504645E+3	-1.724693E+4
1.242300E+2	-2.493047E+1	1.365114E+0	-2.493004E+1	-8.749088E-5	2.364885E+3	-1.874366E+3	4.635260E+3	-2.904805E+3	7.185105E+3	-1.080286E+4	8.504094E+3	-1.724711E+4
1.242400E+2	-2.493045E+1	1.193571E+0	-2.493002E+1	-8.728868E-5	2.364701E+3	-1.874917E+3	4.635260E+3	-2.904989E+3	7.184921E+3	-1.080305E+4	8.503543E+3	-1.724729E+4
1.242500E+2	-2.493039E+1	1.085886E+0	-2.492996E+1	-8.664425E-5	2.364517E+3	-1.875468E+3	4.635260E+3	-2.905173E+3	7.184737E+3	-1.080324E+4	8.502992E+3	-1.724747E+4
1.242600E+2	-2.493035E+1	1.185745E+0	-2.492992E+1	-8.628588E-5	2.364334E+3	-1.876019E+3	4.635260E+3	-2.905356E+3	7.184554E+3	-1.080342E+4	8.502441E+3	-1.724765E+4
1.242700E+2	-2.493035E+1	1.274875E+0	-2.492992E+1	-8.623023E-5	2.364150E+3	-1.876570E+3	4.635260E+3	-2.905540E+3	7.184370E+3	-1.080361E+4	8.501890E+3	-1.724783E+4
1.242800E+2	-2.493030E+1	1.288613E+0	-2.492988E+1	-8.579374E-5	2.363966E+3	-1.877121E+3	4.635260E+3	-2.905724E+3	7.184186E+3	-1.080380E+4	8.501339E+3	-1.724801E+4
1.242900E+2	-2.493028E+1	1.134491E+0	-2.492985E+1	-8.550106E-5	2.367266E+3	-1.876499E+3	4.633106E+3	-2.905820E+3	7.184090E+3	-1.080390E+4	8.502293E+3	-1.725000E+4
1.243000E+2	-2.493023E+1	1.148408E+0	-2.492980E+1	-8.502648E-5	2.366627E+3	-1.874580E+3	4.632467E+3	-2.905820E+3	7.184090E+3	-1.080390E+4	8.501014E+3	-1.725000E+4
1.243100E+2	-2.493015E+1	1.281077E+0	-2.492972E+1	-8.424343E-5	2.365987E+3	-1.872661E+3	4.631827E+3	-2.905820E+3	7.184090E+3	-1.080390E+4	8.499734E+3	-1.725000E+4
1.243200E+2	-2.493005E+1	1.227139E+0	-2.492962E+1	-8.319683E-5	2.365720E+3	-1.871568E+3	4.631560E+3	-2.905820E+3	7.184090E+3	-1.080360E+4	8.499784E+3	-1.724970E+4
1.243300E+2	-2.492996E+1	1.289262E+0	-2.492953E+1	-8.228845E-5	2.365720E+3	-1.871067E+3	4.631560E+3	-2.905820E+3	7.184090E+3	-1.080309E+4	8.500787E+3	-1.724919E+4
1.243400E+2	-2.492993E+1	1.165455E+0	-2.492950E+1	-8.195175E-5	2.365720E+3	-1.870565E+3	4.631560E+3	-2.905820E+3	7.184090E+3	-1.080257E+4	8.501789E+3	-1.724867E+4
1.243500E+2	-2.492991E+1	1.268611E+0	-2.492948E+1	-8.176085E-5	2.365720E+3	-1.870064E+3	4.631560E+3	-2.905820E+3	7.184090E+3	-1.080206E+4	8.502792E+3	-1.724816E+4
1.243600E+2	-2.492987E+1	1.327129E+0	-2.492944E+1	-8.132750E-5	2.365720E+3	-1.870457E+3	4.631560E+3	-2.905820E+3	7.184090E+3	-1.080200E+4	8.502900E+3	-1.724856E+4
1.243700E+2	-2.492983E+1	1.237421E+0	-2.492940E+1	-8.095972E-5	2.365720E+3	-1.870959E+3	4.631560E+3	-2.905820E+3	7.184090E+3	-1.080200E+4	8.502900E+3	-1.724907E+4
1.243800E+2	-2.492981E+1	1.179029E+0	-2.492938E+1	-8.074185E-5	2.365720E+3	-1.871460E+3	4.631560E+3	-2.905820E+3	7.184090E+3	-1.080200E+4	8.502900E+3	-1.724959E+4
1.243900E+2	-2.492977E+1	1.266668E+0	-2.492934E+1	-8.032994E-5	2.365720E+3	-1.872039E+3	4.631649E+3	-2.905820E+3	7.184090E+3	-1.080209E+4	8.502811E+3	-1.725000E+4
1.244000E+2	-2.492972E+1	1.291671E+0	-2.492929E+1	-7.983307E-5	2.365720E+3	-1.872922E+3	4.632091E+3	-2.905820E+3	7.184090E+3	-1.080255E+4	8.502369E+3	-1.725000E+4
1.244100E+2	-2.492968E+1	1.246822E+0	-2.492925E+1	-7.942076E-5	2.365720E+3	-1.873805E+3	4.632533E+3	-2.905820E+3	7.184090E+3	-1.080300E+4	8.501927E+3	-1.725000E+4
1.244200E+2	-2.492966E+1	1.168930E+0	-2.492923E+1	-7.924964E-5	2.365720E+3	-1.874688E+3	4.632974E+3	-2.905820E+3	7.184090E+3	-1.080345E+4	8.501486E+3	-1.725000E+4
1.244300E+2	-2.492965E+1	1.207028E+0	-2.492922E+1	-7.914894E-5	2.365712E+3	-1.875560E+3	4.633418E+3	-2.905820E+3	7.184082E+3	-1.080390E+4	8.501050E+3	-1.725000E+4
1.244400E+2	-2.492964E+1	1.234452E+0	-2.492921E+1	-7.901637E-5	2.365133E+3	-1.875560E+3	4.633997E+3	-2.905820E+3	7.183503E+3	-1.080390E+4	8.501050E+3	-1.725000E+4
1.244500E+2	-2.492960E+1	1.261743E+0	-2.492917E+1	-7.860748E-5	2.364553E+3	-1.875560E+3	4.634577E+3	-2.905820E+3	7.182923E+3	-1.080390E+4	8.501050E+3	-1.725000E+4
1.244600E+2	-2.492956E+1	1.176752E+0	-2.492913E+1	-7.823030E-5	2.363973E+3	-1.875560E+3	4.635157E+3	-2.905820E+3	7.182343E+3	-1.080390E+4	8.501050E+3	-1.725000E+4
1.244700E+2	-2.492953E+1	1.136533E+0	-2.492910E+1	-7.785579E-5	2.364188E+3	-1.875878E+3	4.634625E+3	-2.905502E+3	7.182558E+3	-1.080390E+4	8.501050E+3	-1.725031E+4
1.244800E+2	-2.492950E+1	1.250490E+0	-2.492907E+1	-7.757754E-5	2.364574E+3	-1.876264E+3	4.633852E+3	-2.905116E+3	7.182944E+3	-1.080390E+4	8.501050E+3	-1.725069E+4
1.244900E+2	-2.492948E+1	1.225925E+0	-2.492905E+1	-7.733868E-5	2.364961E+3	-1.876651E+3	4.633079E+3	-2.904729E+3	7.183331E+3	-1.080390E+4	8.501050E+3	-1.725106E+4
1.245000E+2	-2.492944E+1	1.156112E+0	-2.492901E+1	-7.695038E-5	2.365347E+3	-1.877037E+3	4.632306E+3	-2.904343E+3	7.183717E+3	-1.080390E+4	8.501050E+3	-1.725144E+4
1.245100E+2	-2.492940E+1	1.106579E+0	-2.492897E+1	-7.658362E-5	2.365720E+3	-1.877416E+3	4.631566E+3	-2.903970E+3	7.184084E+3	-1.080389E+4	8.501050E+3	-1.725179E+4
1.245200E+2	-2.492937E+1	1.252568E+0	-2.492894E+1	-7.628347E-5	2.365720E+3	-1.877583E+3	4.631733E+3	-2.903970E+3	7.183917E+3	-1.080372E+4	8.501050E+3	-1.725163E+4
1.245300E+2	-2.492935E+1	1.295119E+0	-2.492892E+1	-7.609040E-5	2.365720E+3	-1.877750E+3	4.631900E+3	-2.903970E+3	7.183750E+3	-1.080355E+4	8.501050E+3	-1.725147E+4
1.245400E+2	-2.492933E+1	1.218026E+0	-2.492890E+1	-7.586352E-5	2.365720E+3	-1.877917E+3	4.632067E+3	-2.903970E+3	7.183583E+3	-1.080338E+4	8.501050E+3	-1.725131E+4
1.245500E+2	-2.492931E+1	1.095839E+0	-2.492888E+1	-7.565517E-5	2.365720E+3	-1.878084E+3	4.632234E+3	-2.903970E+3	7.183416E+3	-1.080321E+4	8.501050E+3	-1.725114E+4
1.245600E+2	-2.492928E+1	1.210022E+0	-2.492885E+1	-7.535023E-5	2.365720E+3	-1.878251E+3	4.632401E+3	-2.903970E+3	7.183249E+3	-1.080304E+4	8.501050E+3	-1.725098E+4
1.245700E+2	-2.492922E+1	1.274321E+0	-2.492879E+1	-7.475067E-5	2.365720E+3	-1.878418E+3	4.632568E+3	-2.903970E+3	7.183082E+3	-1.080286E+4	8.501050E+3	-1.725082E+4
1.245800E+2	-2.492918E+1	1.225553E+0	-2.492876E+1	-7.437126E-5	2.365720E+3	-1.878586E+3	4.632736E+3	-2.903970E+3	7.182914E+3	-1.080269E+4	8.501050E+3	-1.725066E+4
1.245900E+2	-2.492916E+1	1.097518E+0	-2.492873E+1	-7.413263E-5	2.365720E+3	-1.878753E+3	4.632903E+3	-2.903970E+3	7.182747E+3	-1.080252E+4	8.501050E+3	-1.725049E+4
1.246000E+2	-2.492914E+1	1.200279E+0	-2.492871E+1	-7.392075E-5	2.365720E+3	-1.878920E+3	4.633070E+3	-2.903970E+3	7.182580E+3	-1.080235E+4	8.501050E+3	-1.725033E+4
1.246100E+2	-2.492908E+1	1.308506E+0	-2.492866E+1	-7.335049E-5	2.365720E+3	-1.879087E+3	4.633237E+3	-2.903970E+3	7.182413E+3	-1.080218E+4	8.501050E+3	-1.725017E+4
1.246200E+2	-2.492904E+1	1.234778E+0	-2.492861E+1	-7.288002E-5	2.365720E+3	-1.879254E+3	4.633404E+3	-2.903970E+3	7.182246E+3	-1.080201E+4	8.501050E+3	-1.725001E+4
1.246300E+2	-2.492903E+1	1.164228E+0	-2.492860E+1	-7.277647E-5	2.364990E+3	-1.878530E+3	4.633045E+3	-2.903970E+3	7.181875E+3	-1.080200E+4	8.501050E+3	-1.725036E+4
1.246400E+2	-2.492901E+1	1.128783E+0	-2.492859E+1	-7.262788E-5	2.364233E+3	-1.877773E+3	4.632667E+3	-2.903970E+3	7.181497E+3	-1.080200E+4	8.501050E+3	-1.725072E+4
1.246500E+2	-2.492899E+1	1.246598E+0	-2.492856E+1	-7.240921E-5	2.363476E+3	-1.877016E+3	4.632288E+3	-2.903970E+3	7.181118E+3	-1.080200E+4	8.501050E+3	-1.725109E+4
1.246600E+2	-2.492896E+1	1.304146E+0	-2.492853E+1	-7.210130E-5	2.362719E+3	-1.876259E+3	4.631909E+3	-2.903970E+3	7.180739E+3	-1.080200E+4	8.501050E+3	-1.725146E+4
1.246700E+2	-2.492891E+1	1.159167E+0	-2.492849E+1	-7.161983E-5	2.362085E+3	-1.875430E+3	4.631560E+3	-2.903970E+3	7.180390E+3	-1.080200E+4	8.501115E+3	-1.725174E+4
1.246800E+2	-2.492888E+1	1.098705E+0	-2.492845E+1	-7.129276E-5	2.362928E+3	-1.873743E+3	4.631560E+3	-2.903970E+3	7.180390E+3	-1.080200E+4	8.501958E+3	-1.725092E+4
1.246900E+2	-2.492887E+1	1.203426E+0	-2.492844E+1	-7.117872E-5	2.363772E+3	-1.872057E+3	4.631560E+3	-2.903970E+3	7.180390E+3	-1.080200E+4	8.502802E+3	-1.725010E+4
1.247000E+2	-2.492886E+1	1.304983E+0	-2.492843E+1	-7.106862E-5	2.363870E+3	-1.874838E+3	4.631560E+3	-2.906948E+3	7.180390E+3	-1.080353E+4	8.498432E+3	-1.725145E+4
1.247100E+2	-2.492884E+1	1.237430E+0	-2.492841E+1	-7.085645E-5	2.363870E+3	-1.875236E+3	4.631884E+3	-2.907346E+3	7.180390E+3	-1.080390E+4	8.497998E+3	-1.725180E+4
1.247200E+2	-2.492882E+1	1.127588E+0	-2.492840E+1	-7.069297E-5	2.363870E+3	-1.874824E+3	4.632296E+3	-2.906934E+3	7.180390E+3	-1.080390E+4	8.498822E+3	-1.725180E+4
1.247300E+2	-2.492882E+1	1.261038E+0	-2.492839E+1	-7.061976E-5	2.363870E+3	-1.874412E+3	4.632708E+3	-2.906522E+3	7.180390E+3	-1.080390E+4	8.499647E+3	-1.725180E+4
1.247400E+2	-2.492881E+1	1.292028E+0	-2.492838E+1	-7.050999E-5	2.363870E+3	-1.873999E+3	4.633121E+3	-2.906109E+3	7.180390E+3	-1.080390E+4	8.500471E+3	-1.725180E+4
1.247500E+2	-2.492879E+1	1.232703E+0	-2.492837E+1	-7.038632E-5	2.364186E+3	-1.873868E+3	4.633410E+3	-2.905978E+3	7.180390E+3	-1.080390E+4	8.500734E+3	-1.725196E+4
1.247600E+2	-2.492876E+1	1.124516E+0	-2.492833E+1	-7.003913E-5	2.365246E+3	-1.874398E+3	4.633410E+3	-2.906508E+3	7.180390E+3	-1.080390E+4	8.499674E+3	-1.725251E+4
1.247700E+2	-2.492875E+1	1.146151E+0	-2.492832E+1	-6.988808E-5	2.366306E+3	-1.874928E+3	4.633410E+3	-2.907038E+3	7.180390E+3	-1.080390E+4	8.498614E+3	-1.725305E+4
1.247800E+2	-2.492875E+1	1.273331E+0	-2.492832E+1	-6.996785E-5	2.367366E+3	-1.875458E+3	4.633410E+3	-2.907568E+3	7.180390E+3	-1.080390E+4	8.497554E+3	-1.725360E+4
1.247900E+2	-2.492875E+1	1.248584E+0	-2.492832E+1	-6.995109E-5	2.367778E+3	-1.875560E+3	4.633410E+3	-2.907670E+3	7.180390E+3	-1.080390E+4	8.497558E+3	-1.725328E+4
1.248000E+2	-2.492874E+1	1.197284E+0	-2.492832E+1	-6.987360E-5	2.368035E+3	-1.875560E+3	4.633410E+3	-2.907670E+3	7.180390E+3	-1.080390E+4	8.497815E+3	-1.725277E+4
1.248100E+2	-2.492874E+1	1.106931E+0	-2.492831E+1	-6.982616E-5	2.368292E+3	-1.875560E+3	4.633410E+3	-2.907670E+3	7.180390E+3	-1.080390E+4	8.498072E+3	-1.725226E+4
1.248200E+2	-2.492873E+1	1.198437E+0	-2.492830E+1	-6.975511E-5	2.368549E+3	-1.875560E+3	4.633410E+3	-2.907670E+3	7.180390E+3	-1.080390E+4	8.498329E+3	-1.725174E+4
1.248300E+2	-2.492873E+1	1.236551E+0	-2.492830E+1	-6.970545E-5	2.368807E+3	-1.875560E+3	4.633410E+3	-2.907670E+3	7.180390E+3	-1.080390E+4	8.498587E+3	-1.725123E+4
1.248400E+2	-2.492873E+1	1.131228E+0	-2.492830E+1	-6.971332E-5	2.369064E+3	-1.875560E+3	4.633410E+3	-2.907670E+3	7.180390E+3	-1.080390E+4	8.498844E+3	-1.725071E+4
1.248500E+2	-2.492873E+1	1.056554E+0	-2.492830E+1	-6.973692E-5	2.369321E+3	-1.875560E+3	4.633410E+3	-2.907670E+3	7.180390E+3	-1.080390E+4	8.499101E+3	-1.725020E+4
1.248600E+2	-2.492873E+1	1.195082E+0	-2.492830E+1	-6.969170E-5	2.367570E+3	-1.873710E+3	4.631560E+3	-2.907670E+3	7.178661E+3	-1.080378E+4	8.497593E+3	-1.725346E+4
1.248700E+2	-2.492872E+1	1.242659E+0	-2.492829E+1	-6.959426E-5	2.367570E+3	-1.873710E+3	4.631560E+3	-2.907670E+3	7.178859E+3	-1.080357E+4	8.497988E+3	-1.725306E+4
1.248800E+2	-2.492871E+1	1.288529E+0	-2.492828E+1	-6.954277E-5	2.367570E+3	-1.873710E+3	4.631560E+3	-2.907670E+3	7.179056E+3	-1.080337E+4	8.498382E+3	-1.725267E+4
1.248900E+2	-2.492870E+1	1.141896E+0	-2.492828E+1	-6.946596E-5	2.367570E+3	-1.873710E+3	4.631560E+3	-2.907670E+3	7.179253E+3	-1.080317E+4	8.498777E+3	-1.725227E+4
1.249000E+2	-2.492870E+1	1.226075E+0	-2.492827E+1	-6.942280E-5	2.367570E+3	-1.873710E+3	4.631560E+3	-2.907670E+3	7.179451E+3	-1.080296E+4	8.499172E+3	-1.725188E+4
1.249100E+2	-2.492870E+1	1.300000E+0	-2.492827E+1	-6.939794E-5	2.367570E+3	-1.873710E+3	4.631560E+3	-2.907670E+3	7.179648E+3	-1.080276E+4	8.499566E+3	-1.725148E+4
1.249200E+2	-2.492870E+1	1.183840E+0	-2.492827E+1	-6.939686E-5	2.367570E+3	-1.873710E+3	4.631560E+3	-2.907670E+3	7.179846E+3	-1.080256E+4	8.499961E+3	-1.725109E+4
1.249300E+2	-2.492870E+1	1.123844E+0	-2.492827E+1	-6.937907E-5	2.367570E+3	-1.873710E+3	4.631560E+3	-2.907670E+3	7.180043E+3	-1.080236E+4	8.500356E+3	-1.725069E+4
1.249400E+2	-2.492869E+1	1.163141E+0	-2.492827E+1	-6.936567E-5	2.367570E+3	-1.873710E+3	4.631560E+3	-2.907670E+3	7.180240E+3	-1.080215E+4	8.500750E+3	-1.725030E+4
1.249500E+2	-2.492870E+1	1.260075E+0	-2.492827E+1	-6.938471E-5	2.369076E+3	-1.875560E+3	4.631560E+3	-2.907670E+3	7.178884E+3	-1.080390E+4	8.494338E+3	-1.725335E+4
1.249600E+2	-2.492868E+1	1.247403E+0	-2.492825E+1	-6.920419E-5	2.367649E+3	-1.875560E+3	4.631560E+3	-2.907670E+3	7.180311E+3	-1.080390E+4	8.497192E+3	-1.725188E+4
1.249700E+2	-2.492867E+1	1.141467E+0	-2.492824E+1	-6.909476E-5	2.367197E+3	-1.875560E+3	4.631560E+3	-2.907670E+3	7.180017E+3	-1.080426E+4	8.496232E+3	-1.725218E+4
1.249800E+2	-2.492866E+1	1.203187E+0	-2.492823E+1	-6.903467E-5	2.366803E+3	-1.875560E+3	4.631560E+3	-2.907670E+3	7.179623E+3	-1.080465E+4	8.495048E+3	-1.725259E+4
1.249900E+2	-2.492866E+1	1.225352E+0	-2.492824E+1	-6.905040E-5	2.366408E+3	-1.875560E+3	4.631560E+3	-2.907670E+3	7.179228E+3	-1.080503E+4	8.493864E+3	-1.725299E+4
1.250000E+2	-2.492866E+1	1.288552E+0	-2.492823E+1	-6.901038E-5	2.366013E+3	-1.875560E+3	4.631560E+3	-2.907670E+3	7.178833E+3	-1.080541E+4	8.492680E+3	-1.725340E+4
1.250100E+2	-2.492863E+1	1.207524E+0	-2.492821E+1	-6.875527E-5	2.365720E+3	-1.875411E+3	4.631411E+3	-2.907521E+3	7.178689E+3	-1.080555E+4	8.492247E+3	-1.725340E+4
1.250200E+2	-2.492862E+1	1.158645E+0	-2.492819E+1	-6.855975E-5	2.365720E+3	-1.874831E+3	4.630831E+3	-2.906941E+3	7.179269E+3	-1.080499E+4	8.493986E+3	-1.725224E+4
1.250300E+2	-2.492860E+1	1.293401E+0	-2.492818E+1	-6.844343E-5	2.365720E+3	-1.874252E+3	4.630252E+3	-2.906362E+3	7.179848E+3	-1.080443E+4	8.495725E+3	-1.725108E+4
1.250400E+2	-2.492859E+1	1.270185E+0	-2.492816E+1	-6.828742E-5	2.365694E+3	-1.873710E+3	4.629710E+3	-2.905846E+3	7.180338E+3	-1.080390E+4	8.497324E+3	-1.725005E+4
1.250500E+2	-2.492858E+1	1.226052E+0	-2.492815E+1	-6.821090E-5	2.365299E+3	-1.873710E+3	4.629710E+3	-2.906241E+3	7.179549E+3	-1.080390E+4	8.496929E+3	-1.725084E+4
1.250600E+2	-2.492858E+1	1.177864E+0	-2.492815E+1	-6.821010E-5	2.364905E+3	-1.873710E+3	4.629710E+3	-2.906635E+3	7.178759E+3	-1.080390E+4	8.496535E+3	-1.725163E+4
1.250700E+2	-2.492858E+1	1.221988E+0	-2.492815E+1	-6.821643E-5	2.364510E+3	-1.873710E+3	4.629710E+3	-2.907030E+3	7.177970E+3	-1.080390E+4	8.496140E+3	-1.725242E+4
1.250800E+2	-2.492857E+1	1.292885E+0	-2.492815E+1	-6.815069E-5	2.364115E+3	-1.873710E+3	4.629710E+3	-2.907425E+3	7.177181E+3	-1.080390E+4	8.495745E+3	-1.725321E+4
1.250900E+2	-2.492857E+1	1.181102E+0	-2.492814E+1	-6.807143E-5	2.364089E+3	-1.873491E+3	4.629929E+3	-2.907451E+3	7.176909E+3	-1.080390E+4	8.495719E+3	-1.725347E+4
1.251000E+2	-2.492856E+1	1.106340E+0	-2.492813E+1	-6.801333E-5	2.364669E+3	-1.872911E+3	4.630509E+3	-2.906871E+3	7.177489E+3	-1.080390E+4	8.496299E+3	-1.725288E+4
1.251100E+2	-2.492856E+1	1.122602E+0	-2.492813E+1	-6.801635E-5	2.365249E+3	-1.872331E+3	4.631089E+3	-2.906291E+3	7.178069E+3	-1.080390E+4	8.496879E+3	-1.725228E+4
1.251200E+2	-2.492856E+1	1.190296E+0	-2.492813E+1	-6.799303E-5	2.365791E+3	-1.871860E+3	4.631631E+3	-2.905820E+3	7.178469E+3	-1.080397E+4	8.497067E+3	-1.725187E+4
1.251300E+2	-2.492856E+1	1.217205E+0	-2.492813E+1	-6.798744E-5	2.366169E+3	-1.871860E+3	4.632009E+3	-2.905820E+3	7.178091E+3	-1.080434E+4	8.495553E+3	-1.725226E+4
1.251400E+2	-2.492856E+1	1.152745E+0	-2.492813E+1	-6.802034E-5	2.366548E+3	-1.871860E+3	4.632388E+3	-2.905820E+3	7.177712E+3	-1.080471E+4	8.494039E+3	-1.725265E+4
1.251500E+2	-2.492856E+1	1.139618E+0	-2.492813E+1	-6.801321E-5	2.366926E+3	-1.871860E+3	4.632766E+3	-2.905820E+3	7.177334E+3	-1.080507E+4	8.492525E+3	-1.725304E+4
1.251600E+2	-2.492856E+1	1.277682E+0	-2.492813E+1	-6.799195E-5	2.367305E+3	-1.871860E+3	4.633145E+3	-2.905820E+3	7.176955E+3	-1.080544E+4	8.491010E+3	-1.725343E+4
1.251700E+2	-2.492855E+1	1.194344E+0	-2.492812E+1	-6.784643E-5	2.367478E+3	-1.871998E+3	4.633364E+3	-2.905774E+3	7.176736E+3	-1.080566E+4	8.490088E+3	-1.725365E+4
1.251800E+2	-2.492853E+1	1.160434E+0	-2.492811E+1	-6.773484E-5	2.367172E+3	-1.872458E+3	4.633211E+3	-2.905621E+3	7.176889E+3	-1.080551E+4	8.490548E+3	-1.725350E+4
1.251900E+2	-2.492851E+1	1.123777E+0	-2.492808E+1	-6.745579E-5	2.366865E+3	-1.872918E+3	4.633057E+3	-2.905467E+3	7.177043E+3	-1.080536E+4	8.491008E+3	-1.725334E+4
1.252000E+2	-2.492849E+1	1.260124E+0	-2.492806E+1	-6.727601E-5	2.366558E+3	-1.873378E+3	4.632904E+3	-2.905314E+3	7.177196E+3	-1.080521E+4	8.491468E+3	-1.725318E+4
1.252100E+2	-2.492847E+1	1.299007E+0	-2.492805E+1	-6.712661E-5	2.366252E+3	-1.873837E+3	4.632751E+3	-2.905161E+3	7.177349E+3	-1.080506E+4	8.491927E+3	-1.725302E+4
1.252200E+2	-2.492846E+1	1.190557E+0	-2.492803E+1	-6.698372E-5	2.365945E+3	-1.874297E+3	4.632598E+3	-2.905008E+3	7.177502E+3	-1.080491E+4	8.492387E+3	-1.725287E+4
1.252300E+2	-2.492846E+1	1.159051E+0	-2.492803E+1	-6.699655E-5	2.365638E+3	-1.874757E+3	4.632444E+3	-2.904854E+3	7.177656E+3	-1.080476E+4	8.492847E+3	-1.725271E+4
1.252400E+2	-2.492846E+1	1.252736E+0	-2.492803E+1	-6.699051E-5	2.365332E+3	-1.875217E+3	4.632291E+3	-2.904701E+3	7.177809E+3	-1.080461E+4	8.493307E+3	-1.725255E+4
1.252500E+2	-2.492846E+1	1.311592E+0	-2.492803E+1	-6.699832E-5	2.365025E+3	-1.875677E+3	4.632138E+3	-2.904548E+3	7.177962E+3	-1.080446E+4	8.493767E+3	-1.725239E+4
1.252600E+2	-2.492846E+1	1.275756E+0	-2.492804E+1	-6.701189E-5	2.364719E+3	-1.876137E+3	4.631984E+3	-2.904394E+3	7.178116E+3	-1.080431E+4	8.494227E+3	-1.725224E+4
1.252700E+2	-2.492846E+1	1.115829E+0	-2.492803E+1	-6.698253E-5	2.364412E+3	-1.876597E+3	4.631831E+3	-2.904241E+3	7.178269E+3	-1.080416E+4	8.494687E+3	-1.725208E+4
1.252800E+2	-2.492845E+1	1.161975E+0	-2.492802E+1	-6.688166E-5	2.364105E+3	-1.877057E+3	4.631678E+3	-2.904088E+3	7.178422E+3	-1.080401E+4	8.495147E+3	-1.725192E+4
1.252900E+2	-2.492845E+1	1.259061E+0	-2.492802E+1	-6.683827E-5	2.363941E+3	-1.877410E+3	4.631560E+3	-2.904182E+3	7.178469E+3	-1.080397E+4	8.495288E+3	-1.725194E+4
1.253000E+2	-2.492844E+1	1.264945E+0	-2.492801E+1	-6.674880E-5	2.364245E+3	-1.877410E+3	4.631560E+3	-2.905094E+3	7.178165E+3	-1.080426E+4	8.494376E+3	-1.725255E+4
1.253100E+2	-2.492842E+1	1.139668E+0	-2.492800E+1	-6.661794E-5	2.364549E+3	-1.877410E+3	4.631560E+3	-2.906006E+3	7.177861E+3	-1.080456E+4	8.493464E+3	-1.725316E+4
1.253200E+2	-2.492842E+1	1.111214E+0	-2.492799E+1	-6.658504E-5	2.364853E+3	-1.877410E+3	4.631560E+3	-2.906919E+3	7.177557E+3	-1.080486E+4	8.492551E+3	-1.725377E+4
1.253300E+2	-2.492842E+1	1.273071E+0	-2.492799E+1	-6.653287E-5	2.365157E+3	-1.877410E+3	4.631560E+3	-2.907831E+3	7.177253E+3	-1.080515E+4	8.491639E+3	-1.725437E+4
1.253400E+2	-2.492842E+1	1.203988E+0	-2.492799E+1	-6.656104E-5	2.365461E+3	-1.877410E+3	4.631560E+3	-2.908743E+3	7.176949E+3	-1.080545E+4	8.490727E+3	-1.725498E+4
1.253500E+2	-2.492842E+1	1.138566E+0	-2.492799E+1	-6.653931E-5	2.365663E+3	-1.877295E+3	4.631445E+3	-2.909405E+3	7.176690E+3	-1.080564E+4	8.490065E+3	-1.725539E+4
1.253600E+2	-2.492841E+1	1.082669E+0	-2.492798E+1	-6.644631E-5	2.365276E+3	-1.876522E+3	4.630672E+3	-2.908632E+3	7.176690E+3	-1.080527E+4	8.490838E+3	-1.725461E+4
1.253700E+2	-2.492841E+1	1.190843E+0	-2.492798E+1	-6.649187E-5	2.364890E+3	-1.875750E+3	4.629900E+3	-2.907860E+3	7.176690E+3	-1.080489E+4	8.491610E+3	-1.725384E+4
1.253800E+2	-2.492842E+1	1.271237E+0	-2.492799E+1	-6.653110E-5	2.364503E+3	-1.874977E+3	4.629127E+3	-2.907087E+3	7.176690E+3	-1.080452E+4	8.492383E+3	-1.725307E+4
1.253900E+2	-2.492842E+1	1.207631E+0	-2.492799E+1	-6.653378E-5	2.364117E+3	-1.874204E+3	4.628354E+3	-2.906314E+3	7.176690E+3	-1.080414E+4	8.493156E+3	-1.725229E+4
1.254000E+2	-2.492842E+1	1.135812E+0	-2.492799E+1	-6.654205E-5	2.364827E+3	-1.873231E+3	4.630189E+3	-2.908149E+3	7.176211E+3	-1.080570E+4	8.492214E+3	-1.725276E+4
1.254100E+2	-2.492842E+1	1.211532E+0	-2.492799E+1	-6.652449E-5	2.367477E+3	-1.871907E+3	4.631513E+3	-2.909473E+3	7.174887E+3	-1.080570E+4	8.488240E+3	-1.725541E+4
1.254200E+2	-2.492842E+1	1.178853E+0	-2.492799E+1	-6.655670E-5	2.367398E+3	-1.872204E+3	4.631560E+3	-2.909348E+3	7.174840E+3	-1.080570E+4	8.488444E+3	-1.725550E+4
1.254300E+2	-2.492842E+1	1.199027E+0	-2.492799E+1	-6.657170E-5	2.367220E+3	-1.872561E+3	4.631560E+3	-2.909170E+3	7.174840E+3	-1.080570E+4	8.488801E+3	-1.725550E+4
1.254400E+2	-2.492841E+1	1.118079E+0	-2.492799E+1	-6.651616E-5	2.367041E+3	-1.872918E+3	4.631560E+3	-2.908991E+3	7.174840E+3	-1.080570E+4	8.489158E+3	-1.725550E+4
1.254500E+2	-2.492841E+1	1.173745E+0	-2.492798E+1	-6.649757E-5	2.366863E+3	-1.873274E+3	4.631560E+3	-2.908813E+3	7.174840E+3	-1.080570E+4	8.489514E+3	-1.725550E+4
1.254600E+2	-2.492841E+1	1.245338E+0	-2.492798E+1	-6.648691E-5	2.366684E+3	-1.873631E+3	4.631560E+3	-2.908634E+3	7.174840E+3	-1.080570E+4	8.489871E+3	-1.725550E+4
1.254700E+2	-2.492841E+1	1.236964E+0	-2.492798E+1	-6.647756E-5	2.366506E+3	-1.873988E+3	4.631560E+3	-2.908456E+3	7.174840E+3	-1.080570E+4	8.490228E+3	-1.725550E+4
1.254800E+2	-2.492841E+1	1.181918E+0	-2.492799E+1	-6.650356E-5	2.366328E+3	-1.874345E+3	4.631560E+3	-2.908278E+3	7.174840E+3	-1.080570E+4	8.490585E+3	-1.725550E+4
1.254900E+2	-2.492841E+1	1.089803E+0	-2.492799E+1	-6.651302E-5	2.366149E+3	-1.874701E+3	4.631560E+3	-2.908099E+3	7.174840E+3	-1.080570E+4	8.490941E+3	-1.725550E+4
1.255000E+2	-2.492842E+1	1.165533E+0	-2.492799E+1	-6.653076E-5	2.365971E+3	-1.875058E+3	4.631560E+3	-2.907921E+3	7.174840E+3	-1.080570E+4	8.491298E+3	-1.725550E+4
1.255100E+2	-2.492841E+1	1.208151E+0	-2.492799E+1	-6.650373E-5	2.365793E+3	-1.875415E+3	4.631560E+3	-2.907743E+3	7.174840E+3	-1.080570E+4	8.491655E+3	-1.725550E+4
1.255200E+2	-2.492841E+1	1.138039E+0	-2.492798E+1	-6.643571E-5	2.365614E+3	-1.878941E+3	4.629710E+3	-2.907670E+3	7.174840E+3	-1.080570E+4	8.486569E+3	-1.725540E+4
1.255300E+2	-2.492841E+1	1.140488E+0	-2.492799E+1	-6.650162E-5	2.365398E+3	-1.878294E+3	4.629710E+3	-2.907670E+3	7.174840E+3	-1.080570E+4	8.487216E+3	-1.725519E+4
1.255400E+2	-2.492841E+1	1.222354E+0	-2.492798E+1	-6.648799E-5	2.365182E+3	-1.877647E+3	4.629710E+3	-2.907670E+3	7.174840E+3	-1.080570E+4	8.487863E+3	-1.725498E+4
1.255500E+2	-2.492841E+1	1.271071E+0	-2.492798E+1	-6.646764E-5	2.364967E+3	-1.877000E+3	4.629710E+3	-2.907670E+3	7.174840E+3	-1.080570E+4	8.488510E+3	-1.725477E+4
1.255600E+2	-2.492841E+1	1.223002E+0	-2.492799E+1	-6.650846E-5	2.364751E+3	-1.876353E+3	4.629710E+3	-2.907670E+3	7.174840E+3	-1.080570E+4	8.489157E+3	-1.725456E+4
1.255700E+2	-2.492841E+1	1.079950E+0	-2.492798E+1	-6.645036E-5	2.364535E+3	-1.875706E+3	4.629710E+3	-2.907670E+3	7.174840E+3	-1.080570E+4	8.489804E+3	-1.725435E+4
1.255800E+2	-2.492841E+1	1.185302E+0	-2.492798E+1	-6.644700E-5	2.364320E+3	-1.875059E+3	4.629710E+3	-2.907670E+3	7.174840E+3	-1.080570E+4	8.490451E+3	-1.725414E+4
1.255900E+2	-2.492840E+1	1.249467E+0	-2.492797E+1	-6.637412E-5	2.364104E+3	-1.874412E+3	4.629710E+3	-2.907670E+3	7.174840E+3	-1.080570E+4	8.491098E+3	-1.725393E+4
1.256000E+2	-2.492840E+1	1.218077E+0	-2.492797E+1	-6.638319E-5	2.363888E+3	-1.873764E+3	4.629710E+3	-2.907670E+3	7.174840E+3	-1.080570E+4	8.491746E+3	-1.725372E+4
1.256100E+2	-2.492840E+1	1.151340E+0	-2.492797E+1	-6.638866E-5	2.363190E+3	-1.872351E+3	4.629710E+3	-2.907670E+3	7.174160E+3	-1.080570E+4	8.492480E+3	-1.725370E+4
1.256200E+2	-2.492840E+1	1.192500E+0	-2.492797E+1	-6.634881E-5	2.362448E+3	-1.870867E+3	4.629710E+3	-2.907670E+3	7.173418E+3	-1.080570E+4	8.493222E+3	-1.725370E+4
1.256300E+2	-2.492840E+1	1.300392E+0	-2.492797E+1	-6.635251E-5	2.365720E+3	-1.875560E+3	4.629710E+3	-2.909520E+3	7.172990E+3	-1.080580E+4	8.489852E+3	-1.725380E+4
1.256400E+2	-2.492840E+1	1.193916E+0	-2.492797E+1	-6.634191E-5	2.365720E+3	-1.875560E+3	4.629710E+3	-2.909520E+3	7.172990E+3	-1.080604E+4	8.489620E+3	-1.725402E+4
1.256500E+2	-2.492841E+1	1.163021E+0	-2.492798E+1	-6.641655E-5	2.365720E+3	-1.875560E+3	4.629710E+3	-2.909520E+3	7.172990E+3	-1.080628E+4	8.489388E+3	-1.725425E+4
1.256600E+2	-2.492840E+1	1.185363E+0	-2.492798E+1	-6.639984E-5	2.365720E+3	-1.875560E+3	4.629710E+3	-2.909520E+3	7.172990E+3	-1.080652E+4	8.489156E+3	-1.725447E+4
1.256700E+2	-2.492840E+1	1.262616E+0	-2.492797E+1	-6.639100E-5	2.365720E+3	-1.875560E+3	4.629710E+3	-2.909520E+3	7.172990E+3	-1.080675E+4	8.488925E+3	-1.725470E+4
1.256800E+2	-2.492840E+1	1.279429E+0	-2.492797E+1	-6.638775E-5	2.365720E+3	-1.875560E+3	4.629710E+3	-2.909520E+3	7.172990E+3	-1.080699E+4	8.488693E+3	-1.725492E+4
1.256900E+2	-2.492840E+1	1.194778E+0	-2.492797E+1	-6.636397E-5	2.365720E+3	-1.875560E+3	4.629710E+3	-2.909520E+3	7.172990E+3	-1.080723E+4	8.488461E+3	-1.725515E+4
1.257000E+2	-2.492840E+1	1.154202E+0	-2.492797E+1	-6.632583E-5	2.365720E+3	-1.875560E+3	4.629710E+3	-2.909520E+3	7.172990E+3	-1.080747E+4	8.488229E+3	-1.725537E+4
1.257100E+2	-2.492840E+1	1.275275E+0	-2.492797E+1	-6.637641E-5	2.365509E+3	-1.873288E+3	4.627860E+3	-2.907670E+3	7.174629E+3	-1.080570E+4	8.489739E+3	-1.725391E+4
1.257200E+2	-2.492840E+1	1.239621E+0	-2.492797E+1	-6.636221E-5	2.365033E+3	-1.872337E+3	4.627860E+3	-2.907670E+3	7.174153E+3	-1.080570E+4	8.489263E+3	-1.725437E+4
1.257300E+2	-2.492839E+1	1.226357E+0	-2.492797E+1	-6.631214E-5	2.364558E+3	-1.871385E+3	4.627860E+3	-2.907670E+3	7.173678E+3	-1.080570E+4	8.488788E+3	-1.725483E+4
1.257400E+2	-2.492840E+1	1.071690E+0	-2.492798E+1	-6.640035E-5	2.364082E+3	-1.870434E+3	4.627860E+3	-2.907670E+3	7.173202E+3	-1.080570E+4	8.488312E+3	-1.725529E+4
1.257500E+2	-2.492841E+1	1.251066E+0	-2.492798E+1	-6.646387E-5	2.363527E+3	-1.870353E+3	4.627860E+3	-2.908013E+3	7.172647E+3	-1.080570E+4	8.488100E+3	-1.725550E+4
1.257600E+2	-2.492841E+1	1.352108E+0	-2.492798E+1	-6.642715E-5	2.362909E+3	-1.870971E+3	4.627860E+3	-2.908631E+3	7.172029E+3	-1.080570E+4	8.488100E+3	-1.725550E+4
1.257700E+2	-2.492840E+1	1.237515E+0	-2.492797E+1	-6.634904E-5	2.362291E+3	-1.871589E+3	4.627860E+3	-2.909249E+3	7.171411E+3	-1.080570E+4	8.488100E+3	-1.725550E+4
1.257800E+2	-2.492840E+1	1.144388E+0	-2.492798E+1	-6.639887E-5	2.362020E+3	-1.871860E+3	4.627860E+3	-2.909298E+3	7.171140E+3	-1.080570E+4	8.488322E+3	-1.725550E+4
1.257900E+2	-2.492840E+1	1.224746E+0	-2.492797E+1	-6.633164E-5	2.362020E+3	-1.871860E+3	4.627860E+3	-2.908903E+3	7.171140E+3	-1.080570E+4	8.488717E+3	-1.725550E+4
1.258000E+2	-2.492840E+1	1.266546E+0	-2.492797E+1	-6.633672E-5	2.362020E+3	-1.871860E+3	4.627860E+3	-2.908509E+3	7.171140E+3	-1.080570E+4	8.489111E+3	-1.725550E+4
1.258100E+2	-2.492840E+1	1.234068E+0	-2.492798E+1	-6.640241E-5	2.362020E+3	-1.871860E+3	4.627860E+3	-2.908114E+3	7.171140E+3	-1.080570E+4	8.489506E+3	-1.725550E+4
1.258200E+2	-2.492841E+1	1.138236E+0	-2.492798E+1	-6.643799E-5	2.362020E+3	-1.871860E+3	4.627860E+3	-2.907719E+3	7.171140E+3	-1.080570E+4	8.489901E+3	-1.725550E+4
1.258300E+2	-2.492840E+1	1.169320E+0	-2.492797E+1	-6.639385E-5	2.362351E+3	-1.871860E+3	4.628191E+3	-2.907670E+3	7.171140E+3	-1.080570E+4	8.489288E+3	-1.725550E+4
1.258400E+2	-2.492840E+1	1.215597E+0	-2.492798E+1	-6.640822E-5	2.362730E+3	-1.871860E+3	4.628570E+3	-2.907670E+3	7.171140E+3	-1.080570E+4	8.488531E+3	-1.725550E+4
1.258500E+2	-2.492841E+1	1.189872E+0	-2.492798E+1	-6.645509E-5	2.363108E+3	-1.871860E+3	4.628948E+3	-2.907670E+3	7.171140E+3	-1.080570E+4	8.487773E+3	-1.725550E+4
1.258600E+2	-2.492841E+1	1.158478E+0	-2.492798E+1	-6.646849E-5	2.363487E+3	-1.871860E+3	4.629327E+3	-2.907670E+3	7.171140E+3	-1.080570E+4	8.487016E+3	-1.725550E+4
1.258700E+2	-2.492839E+1	1.105824E+0	-2.492796E+1	-6.628238E-5	2.363865E+3	-1.871860E+3	4.629705E+3	-2.907670E+3	7.171140E+3	-1.080570E+4	8.486259E+3	-1.725550E+4
1.258800E+2	-2.492838E+1	1.238818E+0	-2.492795E+1	-6.612084E-5	2.364156E+3	-1.872146E+3	4.629996E+3	-2.907384E+3	7.171140E+3	-1.080570E+4	8.486536E+3	-1.725550E+4
1.258900E+2	-2.492838E+1	1.272119E+0	-2.492795E+1	-6.613116E-5	2.364446E+3	-1.872436E+3	4.630286E+3	-2.907094E+3	7.171140E+3	-1.080570E+4	8.486826E+3	-1.725550E+4
1.259000E+2	-2.492838E+1	1.193304E+0	-2.492795E+1	-6.616378E-5	2.364736E+3	-1.872726E+3	4.630576E+3	-2.906804E+3	7.171140E+3	-1.080570E+4	8.487116E+3	-1.725550E+4
1.259100E+2	-2.492838E+1	1.147161E+0	-2.492795E+1	-6.616076E-5	2.365026E+3	-1.873016E+3	4.630866E+3	-2.906514E+3	7.171140E+3	-1.080570E+4	8.487406E+3	-1.725550E+4
1.259200E+2	-2.492838E+1	1.199349E+0	-2.492795E+1	-6.614719E-5	2.365316E+3	-1.873306E+3	4.631156E+3	-2.906224E+3	7.171140E+3	-1.080570E+4	8.487696E+3	-1.725550E+4
1.259300E+2	-2.492838E+1	1.280917E+0	-2.492795E+1	-6.617256E-5	2.365605E+3	-1.873595E+3	4.631445E+3	-2.905935E+3	7.171140E+3	-1.080570E+4	8.487985E+3	-1.725550E+4
1.259400E+2	-2.492839E+1	1.201836E+0	-2.492796E+1	-6.624144E-5	2.365550E+3	-1.873880E+3	4.631220E+3	-2.906160E+3	7.171140E+3	-1.080570E+4	8.487930E+3	-1.725567E+4
1.259500E+2	-2.492839E+1	1.181846E+0	-2.492796E+1	-6.625216E-5	2.365269E+3	-1.874161E+3	4.630658E+3	-2.906722E+3	7.171140E+3	-1.080570E+4	8.487649E+3	-1.725596E+4
1.259600E+2	-2.492838E+1	1.260215E+0	-2.492795E+1	-6.618830E-5	2.364988E+3	-1.874442E+3	4.630096E+3	-2.907284E+3	7.171140E+3	-1.080570E+4	8.487368E+3	-1.725625E+4
1.259700E+2	-2.492838E+1	1.250093E+0	-2.492795E+1	-6.613065E-5	2.364707E+3	-1.874723E+3	4.629534E+3	-2.907846E+3	7.171140E+3	-1.080570E+4	8.487087E+3	-1.725654E+4
1.259800E+2	-2.492838E+1	1.212236E+0	-2.492795E+1	-6.616834E-5	2.364426E+3	-1.875004E+3	4.628972E+3	-2.908408E+3	7.171140E+3	-1.080570E+4	8.486806E+3	-1.725683E+4
1.259900E+2	-2.492838E+1	1.127784E+0	-2.492795E+1	-6.618927E-5	2.364145E+3	-1.875285E+3	4.628409E+3	-2.908971E+3	7.171140E+3	-1.080570E+4	8.486525E+3	-1.725712E+4
1.260000E+2	-2.492839E+1	1.133444E+0	-2.492796E+1	-6.621692E-5	2.363870E+3	-1.875522E+3	4.627822E+3	-2.909520E+3	7.171140E+3	-1.080570E+4	8.486250E+3	-1.725732E+4
1.260100E+2	-2.492838E+1	1.250288E+0	-2.492796E+1	-6.619885E-5	2.363870E+3	-1.873836E+3	4.626136E+3	-2.909520E+3	7.171140E+3	-1.080570E+4	8.486250E+3	-1.725395E+4
1.260200E+2	-2.492838E+1	1.241460E+0	-2.492795E+1	-6.617649E-5	2.363155E+3	-1.872995E+3	4.626010E+3	-2.909520E+3	7.171140E+3	-1.080570E+4	8.486250E+3	-1.725440E+4
1.260300E+2	-2.492838E+1	1.189080E+0	-2.492795E+1	-6.619041E-5	2.362382E+3	-1.872222E+3	4.626010E+3	-2.909520E+3	7.171140E+3	-1.080570E+4	8.486250E+3	-1.725515E+4
1.260400E+2	-2.492838E+1	1.067696E+0	-2.492796E+1	-6.620124E-5	2.361909E+3	-1.871860E+3	4.626121E+3	-2.909409E+3	7.171029E+3	-1.080570E+4	8.486361E+3	-1.725550E+4
1.260500E+2	-2.492838E+1	1.205469E+0	-2.492795E+1	-6.615631E-5	2.361701E+3	-1.871860E+3	4.626329E+3	-2.909201E+3	7.170821E+3	-1.080570E+4	8.486569E+3	-1.725550E+4
1.260600E+2	-2.492838E+1	1.275541E+0	-2.492795E+1	-6.611925E-5	2.361492E+3	-1.871860E+3	4.626538E+3	-2.908992E+3	7.170612E+3	-1.080570E+4	8.486778E+3	-1.725550E+4
1.260700E+2	-2.492837E+1	1.213325E+0	-2.492794E+1	-6.603577E-5	2.361284E+3	-1.871860E+3	4.626746E+3	-2.908784E+3	7.170404E+3	-1.080570E+4	8.486986E+3	-1.725550E+4
1.260800E+2	-2.492837E+1	1.158743E+0	-2.492795E+1	-6.609342E-5	2.361075E+3	-1.871860E+3	4.626955E+3	-2.908575E+3	7.170195E+3	-1.080570E+4	8.487195E+3	-1.725550E+4
1.260900E+2	-2.492838E+1	1.260786E+0	-2.492795E+1	-6.612877E-5	2.360867E+3	-1.871860E+3	4.627163E+3	-2.908367E+3	7.169987E+3	-1.080570E+4	8.487403E+3	-1.725550E+4
1.261000E+2	-2.492837E+1	1.306223E+0	-2.492795E+1	-6.610454E-5	2.360659E+3	-1.871860E+3	4.627371E+3	-2.908159E+3	7.169779E+3	-1.080570E+4	8.487611E+3	-1.725550E+4
1.261100E+2	-2.492837E+1	1.230583E+0	-2.492794E+1	-6.608760E-5	2.360450E+3	-1.871860E+3	4.627580E+3	-2.907950E+3	7.169570E+3	-1.080570E+4	8.487820E+3	-1.725550E+4
1.261200E+2	-2.492837E+1	1.134191E+0	-2.492795E+1	-6.609650E-5	2.360242E+3	-1.871860E+3	4.627788E+3	-2.907742E+3	7.169362E+3	-1.080570E+4	8.488028E+3	-1.725550E+4
1.261300E+2	-2.492838E+1	1.254130E+0	-2.492795E+1	-6.615557E-5	2.362602E+3	-1.870644E+3	4.627860E+3	-2.908886E+3	7.169290E+3	-1.080695E+4	8.485668E+3	-1.725675E+4
1.261400E+2	-2.492838E+1	1.248247E+0	-2.492795E+1	-6.615300E-5	2.364306E+3	-1.870446E+3	4.627860E+3	-2.909520E+3	7.169508E+3	-1.080738E+4	8.484618E+3	-1.725740E+4
1.261500E+2	-2.492837E+1	1.174036E+0	-2.492794E+1	-6.608811E-5	2.364968E+3	-1.871108E+3	4.627860E+3	-2.909520E+3	7.169839E+3	-1.080704E+4	8.484949E+3	-1.725740E+4
1.261600E+2	-2.492838E+1	1.169045E+0	-2.492795E+1	-6.611309E-5	2.365629E+3	-1.871769E+3	4.627860E+3	-2.909520E+3	7.170170E+3	-1.080670E+4	8.485280E+3	-1.725740E+4
1.261700E+2	-2.492838E+1	1.165838E+0	-2.492795E+1	-6.617302E-5	2.366291E+3	-1.872431E+3	4.627860E+3	-2.909520E+3	7.170501E+3	-1.080636E+4	8.485611E+3	-1.725740E+4
1.261800E+2	-2.492838E+1	1.290283E+0	-2.492796E+1	-6.620757E-5	2.366953E+3	-1.873093E+3	4.627860E+3	-2.909520E+3	7.170832E+3	-1.080602E+4	8.485942E+3	-1.725740E+4
1.261900E+2	-2.492838E+1	1.248292E+0	-2.492796E+1	-6.620432E-5	2.367615E+3	-1.873755E+3	4.627860E+3	-2.909520E+3	7.171163E+3	-1.080568E+4	8.486273E+3	-1.725740E+4
1.262000E+2	-2.492838E+1	1.185020E+0	-2.492795E+1	-6.617598E-5	2.368277E+3	-1.874417E+3	4.627860E+3	-2.909520E+3	7.171493E+3	-1.080534E+4	8.486603E+3	-1.725740E+4
1.262100E+2	-2.492839E+1	1.165995E+0	-2.492796E+1	-6.622490E-5	2.368939E+3	-1.875079E+3	4.627860E+3	-2.909520E+3	7.171824E+3	-1.080500E+4	8.486934E+3	-1.725740E+4
1.262200E+2	-2.492839E+1	1.281667E+0	-2.492796E+1	-6.624275E-5	2.369601E+3	-1.875741E+3	4.627860E+3	-2.909520E+3	7.172155E+3	-1.080466E+4	8.487265E+3	-1.725740E+4
1.262300E+2	-2.492839E+1	1.312843E+0	-2.492796E+1	-6.623289E-5	2.370262E+3	-1.876402E+3	4.627860E+3	-2.909520E+3	7.172486E+3	-1.080432E+4	8.487596E+3	-1.725740E+4
1.262400E+2	-2.492839E+1	1.191416E+0	-2.492796E+1	-6.622975E-5	2.370924E+3	-1.877064E+3	4.627860E+3	-2.909520E+3	7.172817E+3	-1.080398E+4	8.487927E+3	-1.725740E+4
1.262500E+2	-2.492838E+1	1.132769E+0	-2.492795E+1	-6.619058E-5	2.371586E+3	-1.877726E+3	4.627860E+3	-2.909520E+3	7.173148E+3	-1.080364E+4	8.488258E+3	-1.725740E+4
1.262600E+2	-2.492839E+1	1.264188E+0	-2.492796E+1	-6.621875E-5	2.372248E+3	-1.878388E+3	4.627860E+3	-2.909520E+3	7.173479E+3	-1.080330E+4	8.488589E+3	-1.725740E+4
1.262700E+2	-2.492839E+1	1.294340E+0	-2.492796E+1	-6.622730E-5	2.372910E+3	-1.879050E+3	4.627860E+3	-2.909520E+3	7.173810E+3	-1.080296E+4	8.488920E+3	-1.725740E+4
1.262800E+2	-2.492838E+1	1.280515E+0	-2.492796E+1	-6.621225E-5	2.373572E+3	-1.879712E+3	4.627860E+3	-2.909520E+3	7.174141E+3	-1.080262E+4	8.489251E+3	-1.725740E+4
1.262900E+2	-2.492838E+1	1.109461E+0	-2.492796E+1	-6.621088E-5	2.374234E+3	-1.880374E+3	4.627860E+3	-2.909520E+3	7.174472E+3	-1.080228E+4	8.489582E+3	-1.725740E+4
1.263000E+2	-2.492839E+1	1.177439E+0	-2.492796E+1	-6.622701E-5	2.374896E+3	-1.881036E+3	4.627860E+3	-2.909520E+3	7.174803E+3	-1.080194E+4	8.489913E+3	-1.725740E+4
1.263100E+2	-2.492838E+1	1.212825E+0	-2.492795E+1	-6.618211E-5	2.375557E+3	-1.881697E+3	4.627860E+3	-2.909520E+3	7.175134E+3	-1.080160E+4	8.490244E+3	-1.725740E+4
